    -0.5617526461
     0.5272889980
    -0.2048878899
    0.03329080554
  -0.001436539535
     -3.307633630
      1.279210199
    -0.2057572869
  -0.005076661670
   0.003220901505
     -12.80817834
      2.315216729
    -0.1700423423
   -0.02570029777
   0.003662320005
     -26.56395802
      1.270196346
     0.4624415289
    -0.1422586357
   0.009999555023
      6.133023029
     -2.056295265
      1.446691345
    -0.3044866553
   0.008767911749
      1.100305312
     0.6048073452
      2.975470898
    -0.6733722610
   -0.02074106582
    -0.7019546680
     -6.442647258
      4.923675618
     -1.647509943
    -0.2025842922
   -0.02042814686
     -10.11273152
     -1.035391640
     -4.601100094
    -0.9796490329
    0.08575335565
      16.94906156
     -14.53529376
     -12.52119952
     -3.535518490
   -0.03164227615
     -12.14617533
     -12.76197555
     -23.36764123
     -9.767683746
   0.006508759644
      4.968897767
      9.721652393
     -23.28992833
     -20.11346606
 -0.0008284196526
     -1.122937381
      11.00051432
     -1.943753865
     -29.96409595
  4.677297327E-05
   0.001091731952
     -22.42187008
      17.16666191
     -30.64817572
  6.166098042E-06
     0.1132550174
      19.26600333
      1.702377817
     -19.28678798
 -2.141573259E-06
   -0.05362653035
     -10.82681995
     -14.38859504
     -5.629652731
    0.05000000000
     0.1000000000
     0.1500000000
     0.2000000000
     0.2500000000
   Q=    0.0000
