      0.000000000
      0.000000000
      0.000000000
      0.000000000
      0.000000000
    -0.9147652993
     0.2356993815
    0.05368524286
   -0.04367694456
   0.006946487861
     -2.966265358
    -0.1838305507
     0.3759007012
    -0.1126736275
    0.01150487792
     -6.972150532
     -1.727226239
     0.9392812444
    -0.2040288317
    0.01726969592
      2.901640849
     -5.088651577
      1.793422772
    -0.3235565647
    0.02255711207
    -0.6505286692
     -4.629952328
      2.679678452
    -0.4161621998
    0.02238943711
   -0.01484375195
      1.497359009
      4.038643846
    -0.3745939340
    0.02289628722
    0.05467269552
      3.087308377
      4.679655320
    0.07559085599
    0.07220600473
   -0.01588622634
     -2.195868612
     0.9200349838
     0.7970990626
     0.3142801139
   0.002723967347
     0.8311994998
     -3.859671845
     0.8077767430
     0.9345479560
 -0.0003655171581
    -0.2789621831
     0.3605545058
    -0.1878950066
      1.939060451
  4.742540796E-05
     0.1035529743
      2.541765019
    -0.8159805603
      2.917255518
 -6.666023320E-06
   -0.03857831419
     -2.694024510
    -0.5471088936
      3.096060520
  9.387398080E-07
    0.01231913494
      1.596148379
     0.8808414466
      2.050277021
 -1.150418330E-07
  -0.003098422548
    -0.6257402584
      2.121937214
     0.6178939194
    0.05000000000
     0.1000000000
     0.1500000000
     0.2000000000
     0.2500000000
   Q=    0.0000
