     0.1613435995
    -0.1520278173
    0.06589508609
   -0.01357665601
  0.0009893031362
     0.6111770281
    -0.2972029251
    0.07733643654
  -0.007638172152
 -0.0003109233618
      2.050028730
    -0.6772922659
     0.1644415485
   -0.01504217402
 -0.0009706876469
     0.2844635467
    -0.9171071634
     0.1378063758
    0.02832971569
  -0.007845659270
     -3.938583513
     -2.506559202
   -0.01476587921
     0.1357227879
   -0.01942486569
      2.090570150
     -4.533688593
     -1.005604386
     0.3753305247
   -0.03782927072
    -0.6890370544
     -2.876914055
     -2.872379352
     0.6600402088
   -0.05861432756
     0.1188927712
      1.369503626
     -4.034776330
     0.8585546630
   -0.08755870307
  -0.001389179965
      1.610807226
     -2.358857053
     0.8483150960
    -0.1394629086
  -0.005274323673
     -2.165539597
      1.298536418
     0.5013939333
    -0.2437389518
   0.001646098736
      1.254966677
      1.974624173
    -0.3463891281
    -0.4330064843
 -0.0002947626339
    -0.4427676074
    -0.8972236267
     -1.244206880
    -0.6921725999
  3.480355762E-05
    0.09508711134
     -1.389576867
    -0.6264134682
    -0.8598203465
 -2.369587482E-06
  -0.006566950703
      1.971838377
      1.337286628
    -0.6936674010
 -3.654241428E-08
  -0.003842110172
     -1.316791288
      1.565364726
    -0.2661893749
    0.05000000000
     0.1000000000
     0.1500000000
     0.2000000000
     0.2500000000
   Q=    0.0000
