      0.000000000
      0.000000000
      0.000000000
      0.000000000
      0.000000000
      67.75756646
     -33.08545808
      9.305805859
     -1.251475034
    0.03857002052
      186.0464072
     -40.17547125
      4.682215627
     0.4520545061
    -0.1564324746
      164.7799609
     -33.40917772
      1.308984344
      1.768884898
    -0.3417294287
     -84.39057789
     -49.40334877
     -10.42857146
      6.691481435
    -0.8821663202
      10.43577621
     -48.39335349
     -49.68879182
      16.78313467
     -1.618067362
      1.534606075
      81.46185492
     -109.0259488
      33.17812930
     -2.190928278
    -0.7511014425
     -60.66259939
     -122.8367467
      60.44266080
    -0.8657284100
    0.07005439199
      7.892847157
     -67.10390364
      105.9265187
      7.462661561
   0.007380643346
      3.246098344
      109.3717780
      152.2984206
      31.49760432
 -0.0008777714944
      1.761293842
      98.18046471
      144.6209125
      75.12547919
 -0.0005689981702
     -2.897151746
     -189.0738335
      7.992403341
      121.2269001
  0.0002324033803
      1.695530132
      156.0225025
     -139.2499193
      128.8697868
 -5.081225165E-05
    -0.6690683387
     -91.89780909
    -0.2616360967
      79.76299126
  8.041772681E-06
     0.2033106591
      42.86814966
      151.0499114
      21.13782930
    0.05000000000
     0.1000000000
     0.1500000000
     0.2000000000
     0.2500000000
   Q=    0.0000
