      19.84518831
     -18.53050277
      8.827632656
     -2.200062148
     0.2260259610
      73.89726680
     -41.96306260
      13.79526680
     -2.490637885
     0.1953849892
      355.3801014
     -103.7649670
      28.58946192
     -5.555767475
     0.5363212696
      118.2041579
     -81.83867666
      30.79057077
     -6.864044946
     0.6960265528
     -51.52030038
     -125.6318979
      48.71365352
     -11.28205750
      1.224768715
     -8.119334472
     -2.938103415
      46.38726639
     -16.31654848
      2.081684905
      8.470209138
      233.1513902
      60.65240093
     -27.70241469
      3.678346138
     -1.295876898
     -80.96635617
      72.38337359
     -37.63180936
      5.536616383
    -0.2517354270
     -43.62923884
      12.16634540
     -34.99103110
      6.922522177
     0.1572002454
      55.16890144
      25.89927334
     -3.221590838
      6.151555108
   -0.03642643898
     -25.66246138
      12.34787971
      61.78558888
      2.838177632
   0.004834176450
      5.814982811
     -120.6108101
      75.38820613
    -0.7573271177
 -0.0002684946902
     0.2440987179
      167.3974529
     -21.83916747
     -3.423089910
 -3.963505631E-05
    -0.7461161603
     -128.6290115
     -69.06899096
     -4.959532984
  1.316223488E-05
     0.3310690107
      66.14960884
     -26.23044911
     -2.742788871
    0.05000000000
     0.1000000000
     0.1500000000
     0.2000000000
     0.2500000000
   Q=    0.0000
