    0.03819498691
   -0.03304498253
    0.01185222280
  -0.001600302320
  1.061996087E-05
     0.1719304297
   -0.06354737709
   0.007068241031
   0.001574591504
 -0.0003206459601
     0.7087039543
    -0.1066955846
 -0.0002862985362
   0.003354539827
 -0.0003660891609
      1.006025293
    0.07084403572
   -0.04943370865
   0.008814252849
 -0.0005485452105
     0.1221814855
     0.3961751812
   -0.07321359598
   0.005974344469
 -0.0001943574935
    -0.2468483919
     0.6932928702
   -0.02864075287
  -0.002178560883
 -0.0005105608674
     0.1068282877
     0.7598367303
     0.1790865462
  -0.008675071949
  -0.003495490505
   -0.01708031891
    -0.1772147787
     0.5746067547
    0.02946762724
   -0.01404045511
  -0.001550274434
    -0.5338564850
     0.7317304458
     0.1712849460
   -0.03679289566
   0.001472360629
     0.5766009074
     0.2072540560
     0.3743162419
   -0.07218944660
 -0.0003889178345
    -0.2952431522
    -0.6034470052
     0.4389761952
    -0.1137975258
  6.158691754E-05
    0.08881380650
    -0.1604886532
     0.1936774204
    -0.1449435418
 -5.908020841E-06
   -0.01248420163
     0.8158003432
    -0.1557292997
    -0.1403199285
  1.413446750E-07
  -0.002335300088
    -0.8056455356
    -0.2993556071
   -0.08719019217
  6.482767926E-08
   0.002010061318
     0.4726130508
    -0.2583350655
   -0.02332598115
    0.05000000000
     0.1000000000
     0.1500000000
     0.2000000000
     0.2500000000
   Q=    0.0000
