      0.000000000
      0.000000000
      0.000000000
      0.000000000
      0.000000000
      12.29058459
     -5.743259766
      1.434682113
    -0.1234278412
  -0.009190472404
      38.01425763
     -7.109733229
     0.1869838930
     0.3442524084
   -0.06558156992
      49.15811169
     -3.908528291
     -2.003231865
      1.047771634
    -0.1553437555
     -27.12353610
     -1.012882996
     -7.445980065
      2.937079279
    -0.3713694724
      5.488681700
     -8.635097124
     -20.65863291
      6.882625613
    -0.7446267004
    -0.4186182403
     0.1619457570
     -42.85445666
      13.68590818
     -1.271394663
    -0.1839893625
     -14.13098812
     -52.51800570
      23.93585960
     -1.687693226
    0.07723217897
      9.941130316
     -24.18385699
      37.98432410
     -1.054927682
   -0.02030052864
     -6.196050122
      38.25228375
      49.04930074
      2.408589034
   0.004552543284
      3.846351888
      27.97341702
      38.65717058
      9.656018766
 -0.0008189589296
     -1.733765271
     -49.32160968
     -6.994630016
      17.50568124
  0.0001145581688
     0.5659137039
      34.12747770
     -40.57114476
      18.58301108
 -1.258607399E-05
    -0.1429338239
     -16.67133161
      6.682778831
      10.54976090
  1.102276444E-06
    0.02964114817
      6.767340535
      43.74552907
      2.226828730
    0.05000000000
     0.1000000000
     0.1500000000
     0.2000000000
     0.2500000000
   Q=    0.0000
