      3.231624359
     -3.528705542
      1.872551962
    -0.5151505563
    0.05876851237
      15.06268895
     -8.459529190
      3.034617731
    -0.6220971998
    0.05409442524
      42.27744234
     -17.56288377
      6.217843257
     -1.310086350
     0.1145458552
      9.895220723
     -24.94216117
      8.021022548
     -1.057618240
    0.01555707198
     -78.89699217
     -49.00477479
      6.119685579
      1.018627237
    -0.2850317606
      41.09447036
     -73.97242557
     -14.26353554
      7.408069662
    -0.9840913216
     -13.22633091
     -57.08077805
     -57.95295056
      18.34218375
     -2.201291496
      2.207667919
      20.68327369
     -91.44751733
      29.98050281
     -4.154089181
  -0.005231723028
      34.32695410
     -43.47068117
      33.12753301
     -7.340652708
    -0.1042524278
     -42.31151547
      40.88734906
      17.13114363
     -12.72944878
    0.03175642893
      24.00768147
      21.07799204
     -21.30192886
     -21.02383689
  -0.005625197364
     -8.367332732
     -7.000207184
     -42.04175152
     -30.00902634
  0.0006560750584
      1.757148334
     -32.44780588
      5.818698466
     -31.42084067
 -4.310014350E-05
   -0.09948280216
      41.31148871
      36.32201464
     -19.25466730
 -1.066413668E-06
   -0.08235530774
     -27.22737391
     -2.212145347
     -4.615940879
    0.05000000000
     0.1000000000
     0.1500000000
     0.2000000000
     0.2500000000
   Q=    0.0000
