      0.000000000
      0.000000000
      0.000000000
      0.000000000
      0.000000000
     -57.83960534
      26.15776998
     -5.984367063
     0.2881547713
    0.08732529954
     -181.2422526
      27.41809192
      3.442549246
     -2.989589502
     0.4858730727
     -352.4594843
    -0.3217803067
      23.68643444
     -9.023352432
      1.222750918
      206.3853902
     -80.07630713
      75.23958313
     -24.61852783
      2.996347772
     -53.58722376
     -9.097438694
      177.2026585
     -57.10663089
      6.322441665
      7.530947284
      136.4963678
      357.3842241
     -116.2223330
      11.73585339
      1.374594053
      95.89498468
      462.5425812
     -201.5095041
      18.51897871
    -0.9446071758
     -125.5870105
      186.5307978
     -301.7892466
      23.61516685
     0.2821497673
      87.82724393
     -312.1751695
     -359.1545589
      21.01219065
   -0.06001306696
     -45.99107866
     -162.4688234
     -231.9413694
      8.756333230
   0.009354177663
      16.80221993
      284.8508574
      112.6714368
    -0.4409988772
  -0.001033166591
     -4.168668485
     -158.0871488
      258.7779726
      9.168420657
  6.952673426E-05
     0.6394350058
      51.25042021
     -91.51919739
      23.10436779
  8.951972381E-08
   -0.02206108576
     -11.17885096
     -260.2488131
      14.67700920
    0.05000000000
     0.1000000000
     0.1500000000
     0.2000000000
     0.2500000000
   Q=    0.0000
