      13.22348014
     -11.41338281
      4.432066051
    -0.8101504539
    0.05379610898
      46.71535109
     -18.45870407
      3.506063294
    -0.1747812513
   -0.01731320655
      146.1444202
     -34.29094064
      6.638343840
    -0.8480904093
    0.05320772452
      120.4006905
     -14.87641104
      1.030918332
     0.1777702793
   -0.03509867803
     -41.54316555
      4.514455322
    -0.7989662069
    0.02909031122
   0.008748168919
    -0.6169671321
      43.00294859
     -3.640577814
    0.05420295096
   -0.01396268429
      4.146686311
      75.54819270
      6.867751285
    -0.9566374688
   -0.07310488865
    -0.8046234078
     -33.48118621
      32.98724743
     0.2539291501
    -0.4943688433
    -0.1034197454
     -23.13293508
      44.04052128
      7.836336464
     -1.413769544
    0.08650545857
      32.01238671
      25.02027697
      21.99074025
     -2.682545825
   -0.02212351938
     -16.46574029
     -37.81637165
      32.86809932
     -3.567880334
   0.003278689816
      4.502535486
     -25.07975948
      20.32864587
     -3.245450932
 -0.0002557913401
    -0.3227467116
      68.82516630
     -9.249516665
     -1.894591033
 -8.718223732E-06
    -0.2991155582
     -61.90706820
     -26.03488775
    -0.3359808737
  6.160217241E-06
     0.1642286072
      34.34374364
     -22.49690500
     0.3601387099
    0.05000000000
     0.1000000000
     0.1500000000
     0.2000000000
     0.2500000000
   Q=    0.0000
