      0.000000000
      0.000000000
      0.000000000
      0.000000000
      0.000000000
    0.02570012524
   -0.05245337695
    0.03586975136
   -0.01052326261
   0.001085458549
    0.04473743170
    -0.1676383266
    0.07753908137
   -0.01373798237
  0.0004955247601
    -0.4881376921
    -0.4628312486
     0.1362564284
  -0.009337552100
  -0.001470816122
    -0.2074122832
     -1.156058641
     0.1310674185
    0.03053498333
  -0.007901759557
     0.1147759612
     -1.447689159
    -0.1513641496
     0.1489724664
   -0.02254259848
   -0.05329754506
    -0.3303026447
    -0.7133493841
     0.3955162628
   -0.04980930499
   0.008014837236
     0.2880921314
     -1.140171329
     0.8245167216
   -0.09060186745
   0.001670361313
     0.2305522625
    -0.9320599374
      1.363319095
    -0.1331255556
  -0.001168691027
    -0.3831689033
     0.3953644245
      1.569800279
    -0.1580219803
  0.0003087896795
     0.2325305251
      1.100316016
     0.8303345185
    -0.1696137170
 -4.879763717E-05
   -0.07707269079
    -0.7032515183
    -0.7245442557
    -0.2092462866
  4.466944816E-06
    0.01234861187
    -0.1537568323
     -1.255510586
    -0.2901623834
 -4.931041155E-08
   0.001261783355
     0.3962762550
     0.6365854231
    -0.3028783910
 -5.993716216E-08
  -0.001418673649
    -0.2515361275
      1.640954313
    -0.1489441212
    0.05000000000
     0.1000000000
     0.1500000000
     0.2000000000
     0.2500000000
   Q=    0.0000
