      0.000000000
      0.000000000
      0.000000000
      0.000000000
      0.000000000
 -1.730514806E-05
  8.451874956E-06
 -2.362265961E-06
  3.129650032E-07
 -1.021675797E-08
 -7.032143172E-05
  1.268598934E-05
 -6.506512773E-07
 -2.996182507E-07
  4.477039566E-08
 -0.0001426997332
 -2.189435257E-06
  4.429124022E-06
 -7.790762760E-07
  2.798745217E-08
  6.012376913E-06
 -5.757042084E-05
  9.968153878E-06
 -3.212634508E-07
 -8.735253332E-08
  1.698976809E-05
 -0.0001188782010
  2.300271922E-06
  2.778819081E-06
 -3.652448065E-07
 -9.074727087E-06
 -0.0001305066824
 -3.605620248E-05
  9.073233121E-06
 -7.137575583E-07
  1.067823995E-06
  5.036273531E-05
 -0.0001041005669
  1.467329292E-05
 -8.193721984E-07
  4.307126131E-07
  6.133187234E-05
 -0.0001190994433
  1.023602887E-05
 -3.754248919E-07
 -2.280167512E-07
 -7.558607988E-05
 -2.054765280E-05
 -8.029881164E-06
  4.195847908E-07
  5.425556422E-08
  3.932073613E-05
  0.0001162743766
 -3.148887260E-05
  6.976448493E-07
 -7.870709541E-09
 -1.131939299E-05
 -5.271612040E-06
 -3.520723231E-05
 -7.569008606E-07
  6.149241742E-10
  1.163273734E-06
 -0.0001059515960
 -9.592682162E-06
 -3.638739072E-06
  1.896610113E-11
  5.588769753E-07
  0.0001138531899
  4.662326362E-05
 -5.601419253E-06
 -1.439891608E-11
 -3.506403924E-07
 -6.822029892E-05
  6.291614491E-05
 -3.345766668E-06
    0.05000000000
     0.1000000000
     0.1500000000
     0.2000000000
     0.2500000000
   Q=    0.0000
