      0.000000000
      0.000000000
      0.000000000
      0.000000000
      0.000000000
      4.625233759
     -1.571701858
    0.08885873148
    0.07915265695
   -0.01391856552
      17.18716867
    -0.6825221563
    -0.9595684224
     0.2662691133
   -0.01903996515
      41.71040029
      6.130653455
     -2.607165881
     0.3151436107
  -0.005004038171
   0.008783070451
      25.20435113
     -3.443378952
    0.02007642174
    0.02254483079
     -5.118501941
      36.89304300
      1.299570057
    -0.7509967539
    0.03000834318
      2.389821834
      26.06285687
      13.28884444
     -1.104694926
   -0.08581968214
    -0.1746906076
     -3.077674003
      29.15919783
     0.8101209890
    -0.4476554482
    -0.1643723435
     -24.51478977
      34.44866547
      7.039634602
     -1.120206773
    0.07403510055
      24.67064518
      6.931338484
      15.69301154
     -1.970440110
   -0.01686366945
     -12.16104386
     -30.36415640
      17.32285383
     -2.741651422
   0.002391715855
      3.402083605
     -2.937770043
      5.535918711
     -3.277603871
 -0.0001820235626
    -0.3263732513
      34.38834262
     -7.495071191
     -3.278364602
 -6.695926227E-06
    -0.1795034755
     -35.70965278
     -9.896479812
     -2.197806428
  4.516533501E-06
     0.1098225501
      21.48025418
     -8.062367040
    -0.6143363188
    0.05000000000
     0.1000000000
     0.1500000000
     0.2000000000
     0.2500000000
   Q=    0.0000
