      0.000000000
      0.000000000
      0.000000000
      0.000000000
      0.000000000
     0.1636523721
    -0.1549756764
    0.07728638013
   -0.01669578141
  0.0008754234493
     0.4520709661
    -0.4187076354
     0.1282189539
  -0.003478830011
  -0.003389912155
    -0.6827050215
     -1.104621405
     0.1122491970
    0.06686592468
   -0.01458982375
     -3.266264294
     -3.088752806
    -0.4128297026
     0.3066442022
   -0.03958157924
      1.576544834
     -6.021312411
     -2.561529838
     0.8391023739
   -0.07811202767
    -0.4690164487
     -5.492248083
     -7.115762532
      1.645716889
    -0.1160019971
   0.007003992574
    -0.9642334390
     -11.37042665
      2.479418199
    -0.1170321846
    0.03806455541
      5.440418322
     -8.656164915
      3.056251047
   -0.01004251822
   -0.01520836707
     -4.985566170
      3.588513474
      3.045883287
     0.3052485238
   0.003429082610
      2.530295890
      7.935386680
      1.620668025
     0.8358485480
 -0.0005034959057
    -0.7788323140
     -4.826186089
     -1.961981835
      1.276295180
  4.401589133E-05
     0.1191792729
     -2.127768804
     -3.519295649
      1.102824035
 -2.503756958E-07
    0.01474507978
      4.244155235
      2.588127531
     0.3712047178
 -6.503064255E-07
   -0.01544232752
     -2.903987381
      6.198276476
   -0.06741301927
    0.05000000000
     0.1000000000
     0.1500000000
     0.2000000000
     0.2500000000
   Q=    0.0000
