      2.896957728
     -2.364851274
     0.7602908206
   -0.07401250367
  -0.004394292467
      12.32207158
     -4.082682514
     0.1811487082
     0.1874268675
   -0.02718088906
      51.87263240
     -6.044325191
    -0.7760810050
     0.3588407241
   -0.02846645680
      68.73196891
      10.78035483
     -4.862077083
     0.6600774609
   -0.01530166744
      14.95334714
      39.26999141
     -6.038561789
   -0.02987619088
    0.08300810480
     -20.28319948
      64.84242800
    -0.2583235177
     -1.872302262
     0.2320536882
      8.701740705
      58.90973567
      19.29184309
     -5.136180706
     0.3918725354
     -1.519366634
     -24.71049622
      48.29487604
     -7.658105483
     0.3502608635
   -0.05949021538
     -31.64476070
      51.33712325
     -5.141987753
   -0.08008915575
     0.1013980545
      39.86662598
      6.805837347
      4.683982951
    -0.7978135090
   -0.02843356238
     -21.53923370
     -44.70753396
      18.25536274
     -1.139049668
   0.004672080371
      6.787110074
     -4.950944811
      22.65361023
   -0.08835634112
 -0.0004741451653
     -1.077091624
      52.95932044
      5.095196769
      2.263611906
  1.713054617E-05
    -0.1120635189
     -54.32769857
     -27.43482056
      3.691078944
  3.891220731E-06
     0.1306342387
      32.05909722
     -34.23448180
      2.183684572
    0.05000000000
     0.1000000000
     0.1500000000
     0.2000000000
     0.2500000000
   Q=    0.0000
