      0.000000000
      0.000000000
      0.000000000
      0.000000000
      0.000000000
   0.009656632272
   -0.03340231979
    0.02512996112
  -0.007869451848
  0.0008827562290
    0.04963406792
    -0.1209834823
    0.05789061664
   -0.01154764429
  0.0006750913900
    -0.1993219631
    -0.3160863448
     0.1046926228
   -0.01211220584
 -0.0002363270925
   -0.02119642624
    -0.7226974326
     0.1308620137
   0.005879145130
  -0.003948451188
   0.001747984036
    -0.7946400762
    0.03108713297
    0.07304397585
   -0.01346465398
   -0.01375048907
    0.07146937590
    -0.1718720553
     0.2365116340
   -0.03195790838
   0.006061136814
     0.3033883954
    -0.2902356283
     0.5617916472
   -0.05773604461
  -0.001137614742
    -0.1765366411
    -0.2602375081
      1.014826738
   -0.07446865365
  4.359322769E-05
    0.01578400039
     0.1706493110
      1.243869794
   -0.05607871489
  2.953879773E-05
    0.02730474501
     0.4658117955
     0.7294490935
  -0.001997633568
 -7.747692363E-06
   -0.01468243043
    -0.3971990883
    -0.4595151118
    0.03356067196
  9.692609155E-07
   0.003549482733
     0.1167459546
    -0.9469557091
  -0.009690665165
 -5.875089185E-08
 -0.0003715233311
   -0.01180584821
     0.3696189133
   -0.08142812252
 -1.479610136E-09
 -2.246503462E-05
    0.01240840897
      1.135456156
   -0.06239325154
    0.05000000000
     0.1000000000
     0.1500000000
     0.2000000000
     0.2500000000
   Q=    0.0000
