      0.000000000
      0.000000000
      0.000000000
      0.000000000
      0.000000000
   -0.01736057636
    0.01195864147
  -0.005501462827
   0.001453463120
 -0.0001637064455
   -0.06220464883
    0.02448011708
  -0.008863977322
   0.002004160140
 -0.0001857098383
   -0.09984531349
    0.03654167019
   -0.01648086991
   0.003796373117
 -0.0002648296830
   -0.09095071395
    0.03132113859
   -0.03453861364
   0.005976253280
  5.988221549E-05
    0.06313575528
   -0.07321882839
   -0.08234671459
   0.003915912506
   0.001810862467
   -0.01785904163
    -0.2680906099
    -0.1981020481
   -0.01994587547
   0.006896149534
 -0.0009416410823
    -0.1045806633
    -0.3483989450
   -0.09864601908
    0.01685981139
   0.001994954026
     0.2922952979
    -0.3023077930
    -0.2370062556
    0.03051598743
 -0.0007081443481
    -0.2339788917
    0.03123659470
    -0.3320153411
    0.04471966894
  0.0001491141583
     0.1076107690
     0.2084641310
    -0.2212098811
    0.05971281766
 -2.066623856E-05
   -0.03025854928
   -0.02492957382
    0.06614131177
    0.07791414648
  1.638716325E-06
   0.003642903509
    -0.2070329261
     0.1982186424
    0.08976070670
  3.040419679E-08
   0.001126473694
     0.2462946686
  -0.001467269624
    0.07251003360
 -3.372549481E-08
 -0.0008137823353
    -0.1607249772
    -0.1154728481
    0.02829403715
    0.05000000000
     0.1000000000
     0.1500000000
     0.2000000000
     0.2500000000
   Q=    0.0000
