      0.000000000
      0.000000000
      0.000000000
      0.000000000
      0.000000000
    -0.1110651142
     0.7114976619
    -0.6009054970
     0.2157280997
   -0.02951792133
    -0.8684850734
      2.417252356
     -1.477292999
     0.4299567984
   -0.04927137575
      4.077245075
      5.370520905
     -3.448352116
     0.9514944385
   -0.09639952670
     -18.83505860
      9.139994734
     -8.088898675
      1.944266800
    -0.1469354903
      9.443551212
     -6.217630830
     -18.25952528
      3.222336869
    -0.1385572154
     -2.365500675
     -38.27622134
     -39.35261259
      3.305486523
   0.004190268827
    -0.1621309441
     -15.40378832
     -60.62147770
     -1.374388145
     0.1333278124
     0.2657318156
      38.34928964
     -41.01257208
     -11.83101268
    -0.5265871012
   -0.09198122163
     -30.11743968
      18.63437103
     -19.71062011
     -3.171379062
    0.01936347570
      14.05899176
      28.23742652
     -14.79543497
     -8.079133806
  -0.002721898568
     -4.105284969
     -13.51381466
    -0.5700791612
     -13.16376387
  0.0002272349432
     0.5801151498
     -17.29756280
      9.656690358
     -14.41244757
  6.353745332E-07
     0.1011656306
      25.71079782
      4.795339501
     -9.712838114
 -3.807909987E-06
   -0.09065465939
     -17.58691236
     -3.700816562
     -3.036393404
    0.05000000000
     0.1000000000
     0.1500000000
     0.2000000000
     0.2500000000
   Q=    0.0000
