      11.67920665
     -8.730922468
      3.379817409
    -0.6452292314
    0.04095743801
      49.49840840
     -28.99020020
      8.892132474
     -1.288149820
    0.04840497084
      374.7834822
     -98.00566998
      20.79407331
     -2.222589000
   0.001457594981
      148.9189003
     -116.0230714
      29.20322499
     -1.969197156
    -0.3191203353
     -395.8146977
     -328.6435831
      57.67966603
      2.237861755
     -1.550454693
      179.7238003
     -511.8302958
      34.27097132
      24.77428278
     -4.874334290
     -55.95518910
     -37.19567355
     -41.33882311
      77.15189051
     -11.33645320
      10.43044127
      116.1964182
     -98.21448623
      179.9090857
     -20.93405174
    -0.5179035852
      77.64149857
     -184.8594808
      316.7431835
     -28.20094903
    -0.3206854424
     -141.5671424
      13.14759483
      368.1220709
     -22.94640769
     0.1159326786
      90.56672303
      294.8413018
      208.1102480
     0.2838827479
   -0.02229182299
     -34.54712455
     -200.5264910
     -146.0553103
      29.92757189
   0.002870602617
      8.516825984
    0.04870290947
     -322.7488875
      35.58959572
 -0.0002433612024
     -1.177089853
      72.24180322
      134.7454670
      8.588711462
  8.440329133E-06
   -0.04410458766
     -53.23566581
      453.9547033
     -8.185106297
    0.05000000000
     0.1000000000
     0.1500000000
     0.2000000000
     0.2500000000
   Q=    0.0000
