      0.000000000
      0.000000000
      0.000000000
      0.000000000
      0.000000000
      12.36563590
     -7.327669925
      2.868373322
    -0.6350787114
    0.05615357569
      16.61437218
     -6.451900979
      1.374571634
    0.09930772425
   -0.07283327720
      89.77587588
     -13.94015058
     -1.922951558
      2.068596266
    -0.3828271123
     -76.49398722
      11.75358338
     -24.98560749
      9.492530541
     -1.271538069
      26.41728815
     -19.96932279
     -76.48510803
      25.26270229
     -2.971062143
     -5.966301919
     -107.1112359
     -180.2458493
      52.51462854
     -5.758955409
    -0.2109122478
     -22.25584298
     -259.6231322
      80.69000506
     -9.338245944
     0.5165700140
      69.15109736
     -115.5753356
      93.28096832
     -13.28520626
    -0.1867023058
     -58.74660881
      152.5688789
      77.19553834
     -16.17935348
    0.04200468926
      31.14124958
      75.41165249
      18.60004381
     -15.92476942
  -0.006498153259
     -10.72968924
     -115.7931729
     -51.47647459
     -11.93447466
  0.0006612052865
      2.247523808
      37.58979813
     -27.36668944
     -5.314783755
 -2.830789622E-05
    -0.1295459139
      13.52695143
      45.32400396
      1.883915688
 -4.285076776E-06
    -0.1018242199
     -19.69833798
      16.38222267
      3.610450044
    0.05000000000
     0.1000000000
     0.1500000000
     0.2000000000
     0.2500000000
   Q=    0.0000
