     -11.96677198
      10.56834000
     -4.223604024
     0.7923167198
   -0.05402493072
     -43.88350792
      18.80042788
     -3.884575801
     0.2761273520
   0.003838274171
     -180.7849731
      39.43938036
     -7.317073324
      1.083870102
    -0.1000780593
     -187.7933469
      8.864936684
     -1.867067285
     0.9879271244
    -0.1374778500
     -33.66632793
     -45.47330949
     -8.309043806
      4.177463827
    -0.4079988122
      56.00202240
     -156.2560408
     -35.39007905
      9.955773430
    -0.6177204439
     -24.81948800
     -231.0980422
     -107.4426169
      17.72840205
    -0.5817404731
      4.339570200
      96.46597161
     -180.9285232
      18.81504477
     0.1911723382
     0.1553923004
      80.18353022
     -114.8681524
      6.007256048
      1.581992875
    -0.2796665982
     -107.7973980
      9.886891334
     -20.57627634
      2.438804581
    0.07808505367
      58.28536337
      77.75185651
     -63.53443451
    -0.3683863423
   -0.01271478559
     -18.13129077
      47.91748878
     -74.94677299
     -10.26636371
   0.001262351040
      2.713873878
     -166.4332952
      5.046697023
     -21.70654536
 -3.873165154E-05
     0.4009787628
      160.6181941
      84.39236623
     -21.30758497
 -1.196382528E-05
    -0.3870445522
     -93.36386807
      64.50035533
     -8.894159745
    0.05000000000
     0.1000000000
     0.1500000000
     0.2000000000
     0.2500000000
   Q=    0.0000
