     -1.553942152
      1.522984649
    -0.7108796016
     0.1660208499
   -0.01529103617
     -5.886300681
      3.090823659
    -0.9480067479
     0.1494468892
  -0.008092619125
     -21.64394768
      7.416057252
     -2.150344637
     0.3639665421
   -0.02338270320
     -20.92676793
      9.467134065
     -2.469500614
     0.2653586004
   0.005063616755
      8.256123807
      13.24903590
     -2.957344359
    0.05107011725
    0.05947171624
    0.07853539778
      7.888515449
     -2.222927429
    -0.8920693948
     0.2215472059
    -0.4515111280
     -17.22322912
     -3.049450513
     -3.381849564
     0.5449002521
   -0.04222267233
     -4.072890950
     -7.974199860
     -9.359871984
     0.9866147107
    0.07202855560
      12.48005849
     -8.388660268
     -19.30194296
      1.084724744
   -0.02473220142
     -9.101103050
     -6.981265659
     -27.14885151
   -0.03214136457
   0.004818732606
      3.562007578
     0.8775762050
     -21.71779021
     -2.825478922
 -0.0005646486000
    -0.7055311729
      14.19442142
      1.851378065
     -6.000361588
  2.060317872E-05
   -0.06602726348
     -20.86257065
      19.96519797
     -6.561204092
  7.207983467E-06
     0.1099826688
      16.94709924
     0.4005039915
     -3.589333285
 -1.971157214E-06
   -0.04781826941
     -9.435594565
     -17.13365909
    -0.6398133965
    0.05000000000
     0.1000000000
     0.1500000000
     0.2000000000
     0.2500000000
   Q=    0.0000
