      6.832573427
     -5.782188584
      2.678562754
    -0.6826113992
    0.07430850273
      20.77865860
     -13.93789505
      5.289760280
     -1.139173233
     0.1108753321
      150.9601413
     -45.98381509
      13.67376796
     -2.893414454
     0.3028827980
      40.19533369
     -47.48562375
      20.81846912
     -5.254127958
     0.5883100306
     -52.48704108
     -94.17707641
      44.17476213
     -11.16611342
      1.224907553
      14.01430659
     -52.60712845
      68.17130585
     -20.18024705
      2.307429534
     -1.646990213
      132.0053286
      97.29914314
     -34.43573901
      4.261623070
     0.1205587103
     -63.84802142
      80.13310920
     -47.65887303
      7.674462889
    0.02379911197
      25.38841286
     -68.67806176
     -51.82662967
      14.46268078
   -0.01884325316
     -13.13813783
     -56.88766800
     -33.38529476
      27.76775520
   0.006231073958
      6.845547197
      104.0836254
      32.22327298
      50.54652656
  -0.001401871609
     -2.954113295
     -84.39042181
      63.19022505
      78.24415309
  0.0002408321648
      1.034371179
      51.16812053
     -32.30707274
      87.33281994
 -3.276777437E-05
    -0.2924954395
     -24.73963169
     -37.29355642
      57.63723300
  3.520882515E-06
    0.06541650222
      9.332927307
      62.56246493
      16.02160691
    0.05000000000
     0.1000000000
     0.1500000000
     0.2000000000
     0.2500000000
   Q=    0.0000
