      0.000000000
      0.000000000
      0.000000000
      0.000000000
      0.000000000
     -20.63036023
      8.272894567
     -1.131271333
    -0.2752518643
    0.08413575005
     -54.26850604
      6.122144656
      2.690075426
     -1.458839515
     0.2177592943
     -44.15111656
     -2.746979725
      8.754337748
     -3.456659337
     0.4680990363
      34.92745975
    0.09380456488
      22.16831575
     -8.034514797
     0.9703562259
     -9.609923912
      19.96546077
      51.01420295
     -15.98050408
      1.737586748
      1.419858099
      13.57806083
      87.55332882
     -26.26541009
      2.773818857
     0.3148190672
      26.80193851
      88.24691062
     -36.20837048
      3.945418974
    -0.2154891142
     -30.60388044
      28.87901122
     -42.22315720
      4.712607101
    0.06533444665
      20.80099308
     -51.81785834
     -36.36381352
      3.970427009
   -0.01381285526
     -10.40412909
     -30.00565056
     -14.53635455
     0.7961337543
   0.002113643389
      3.632856639
      49.76665598
      12.86596958
     -4.297648669
 -0.0002232018467
    -0.8327449154
     -24.02693855
      17.90332653
     -8.158287457
  1.228761751E-05
    0.09184454789
      3.478291859
     -9.527285630
     -7.203317525
  7.641187317E-07
    0.01570588501
      2.463124868
     -19.29861351
     -2.755370923
    0.05000000000
     0.1000000000
     0.1500000000
     0.2000000000
     0.2500000000
   Q=    0.0000
