      18.08201188
     -17.95005565
      7.942240580
     -1.748893842
     0.1571521836
      46.22704725
     -20.31188154
      5.705271131
    -0.9463743097
    0.07174392401
     -3.546669561
     -34.51596229
      17.78708658
     -4.048977427
     0.3558364827
     -18.58492555
     -75.01330317
      24.23408080
     -3.613107697
     0.1936876749
     -63.88379300
     -98.71420883
      27.18960268
     -3.954134911
     0.2036616328
      35.67946529
     -63.08603643
      25.12229880
     -1.929494822
    -0.2293449059
     -11.88051886
     -36.01263061
      12.08371939
      6.063784082
     -1.288918069
      2.058534837
      19.73837431
     -38.94874434
      24.33100606
     -3.344023360
  0.0006712961930
      32.95623257
     -64.63772084
      47.16962656
     -6.429464148
    -0.1030181817
     -42.08597009
      9.171130579
      60.46452823
     -10.59885575
    0.03108944631
      23.72501758
      50.92042435
      33.35959770
     -16.08719974
  -0.005401979357
     -7.999131561
     -9.623603875
     -43.11878349
     -24.14436664
  0.0006077975726
      1.559313747
     -39.65242103
     -61.53628741
     -32.64120878
 -3.638912183E-05
   -0.04360686047
      44.33119484
      43.80139033
     -30.24322148
 -1.590416729E-06
   -0.08823919571
     -26.01781831
      83.89744570
     -13.09639990
    0.05000000000
     0.1000000000
     0.1500000000
     0.2000000000
     0.2500000000
   Q=    0.0000
