     -2.982286915
      2.967567513
     -1.375959735
     0.3171354740
   -0.02909316566
     -12.49365458
      6.185156481
     -1.786411693
     0.2693360489
   -0.01538258798
     -43.71068642
      13.94032621
     -3.848469216
     0.6641779547
   -0.04987403234
     -60.96007364
      17.54662807
     -4.126149713
     0.4993590213
   -0.01463085978
      14.93514709
      19.32508834
     -4.089237005
     0.2034310410
    0.02872670640
      3.833063993
      10.80708720
     -1.946857040
     -1.211932834
     0.1565511815
     -2.193506795
     -36.91900396
     -1.909329526
     -5.566134909
     0.2439926047
   -0.01146864727
     -19.74554415
     -16.04864418
     -17.87078801
    -0.4732796083
     0.2243942611
      43.18735478
     -31.45053356
     -43.31701630
     -4.477615026
   -0.08319459385
     -31.46811167
     -26.16271965
     -71.06811444
     -15.86319416
    0.01699183167
      12.78493503
      13.82931758
     -65.37702432
     -35.88634060
  -0.002138324472
     -2.830769270
      36.36781254
     -1.726545310
     -55.54651404
  0.0001153770956
   -0.03736493795
     -62.24107180
      53.86332216
     -57.13677563
  1.740453560E-05
     0.3104152005
      52.24937112
      3.641888968
     -34.98737149
 -5.802048307E-06
    -0.1449751317
     -29.34941533
     -46.57844698
     -9.541857815
    0.05000000000
     0.1000000000
     0.1500000000
     0.2000000000
     0.2500000000
   Q=    0.0000
