    -0.4324279432
     0.3883239805
    -0.1516196811
    0.02557931233
  -0.001155555371
     -1.877592995
     0.7762344610
    -0.1389539199
  -0.001304856224
   0.002504905878
     -7.219396653
      1.529509840
    -0.1907346123
  -0.007115164376
   0.004035862325
     -7.721154027
     0.7771000552
     0.1619516034
    -0.1003879291
    0.01400627066
      4.537511258
     0.7570101586
     0.5690479060
    -0.2347516982
    0.02610805831
     -1.110561350
      1.974152638
      1.694647055
    -0.5182235514
    0.04476412318
     0.2111109891
    -0.9678808550
      3.054890747
    -0.9063232400
    0.05631834225
   -0.05702295177
     -1.723308422
      1.825482262
     -1.575882381
    0.03248865153
    0.01757541562
      2.387575416
     -2.290447901
     -2.964258762
    -0.1344483563
  -0.004137202444
     -1.479282458
     -3.756516706
     -4.564180486
    -0.6344281473
  0.0006163156781
     0.4643722104
      1.606459943
     -3.949367663
     -1.509692086
 -3.785963829E-05
   -0.02693641203
      2.899976078
     0.2021752616
     -2.304319607
 -7.207072036E-06
   -0.04994544651
     -4.554600278
      3.036229068
     -2.261361397
  2.679659684E-06
    0.03012747161
      3.509953097
     0.1024596781
     -1.307115516
 -4.827581150E-07
   -0.01054937149
     -1.821541887
     -1.954536722
    -0.3419760360
    0.05000000000
     0.1000000000
     0.1500000000
     0.2000000000
     0.2500000000
   Q=    0.0000
