      0.000000000
      0.000000000
      0.000000000
      0.000000000
      0.000000000
     -5.618746534
      2.386920444
    -0.4898838376
    0.02046643164
   0.004819427740
     -19.16657726
      2.422021578
     0.2752723196
    -0.1560984871
    0.01616921305
     -36.05471104
     -2.014096336
      1.375171558
    -0.2263758927
    0.01658376690
      1.395247236
     -14.09962260
      2.068572348
    -0.2294423732
    0.03516673065
      4.258601211
     -23.39988467
    -0.4349890330
    -0.2959522789
     0.1134449462
     -1.977582634
     -25.25079298
     -8.193138658
     -1.480095406
     0.3348339115
     0.1151218615
      1.517577105
     -21.25562346
     -5.830239013
     0.6937387116
     0.1486711720
      22.21362715
     -26.40622239
     -14.90577280
     0.8745915855
   -0.06386004228
     -21.28165643
     -8.296252311
     -24.26978057
     0.1644421818
    0.01421124644
      10.15468333
      20.16999656
     -22.03372193
     -1.880716885
  -0.001974130298
     -2.742500342
      9.051459147
     -2.297190212
     -4.303916692
  0.0001438140670
     0.2213782693
     -33.05242317
      14.91650775
     -4.919956191
  7.072534142E-06
     0.1677185448
      32.14869965
      6.142044493
     -3.023188646
 -3.981782801E-06
   -0.09694980564
     -19.11957821
     -4.158680496
    -0.8133583527
    0.05000000000
     0.1000000000
     0.1500000000
     0.2000000000
     0.2500000000
   Q=    0.0000
