     -1.369600327
      1.166696918
    -0.4135191105
    0.05535145209
 -0.0003775579523
     -5.713682563
      2.109343567
    -0.2286774349
   -0.05429084222
    0.01093967668
     -23.38291987
      3.633867972
   -0.03679008513
    -0.1070044151
    0.01260417992
     -26.90649852
     -2.197831091
      1.586542708
    -0.3060553341
    0.01930935515
      1.220014589
     -10.19357096
      2.408643481
    -0.2318935721
  -0.002822446915
      4.110587498
     -16.50663886
      2.155059699
     0.1019523475
   -0.04529058968
     -2.121660302
     -17.69802838
     -1.776774446
      1.034279634
    -0.1172506120
     0.3690553770
      6.891650134
     -10.83684870
      2.021708271
    -0.1561271829
    0.02704952101
      9.567062309
     -15.36734505
      1.447177816
    -0.1107557830
   -0.02998478703
     -11.61038859
     -5.285396867
     -1.811134832
   -0.02719246570
   0.008047260387
      6.075498511
      13.52193481
     -6.359417392
    -0.1020430673
  -0.001271065835
     -1.813850711
      4.139208958
     -7.229112696
    -0.5476461693
  0.0001189639525
     0.2367145665
     -18.53841711
     -1.177332394
     -1.193773684
 -2.052991340E-06
    0.05817068166
      17.75551264
      8.549469512
     -1.403335111
 -1.475466674E-06
   -0.04430761981
     -10.12557662
      10.61654229
    -0.7491921010
    0.05000000000
     0.1000000000
     0.1500000000
     0.2000000000
     0.2500000000
   Q=    0.0000
