      7.117724889
     -6.710597679
      3.060033014
    -0.7076725567
    0.06491386121
      17.65078615
     -10.29139611
      3.488262467
    -0.5977760113
    0.03194509755
      45.02899125
     -26.23296842
      9.493688037
     -1.640525181
    0.09529283231
     -130.8474101
     -42.05043313
      12.12479438
    -0.9183537014
   -0.01413312507
     -178.3526154
     -134.8725048
      11.70744000
     0.4471377631
    0.08281575522
      119.2319350
     -212.3157373
     -28.24665835
      1.711474293
     0.8550509377
     -40.39376180
     -173.0615570
     -116.2619369
     -10.51707620
      3.487423374
      5.898592946
     -17.59110945
     -228.2860368
     -55.79364191
      8.476947127
     0.5151010607
      203.1234331
     -240.4410173
     -144.2539183
      14.41637732
    -0.4835280013
     -194.3967674
     -15.44672080
     -223.7715731
      17.20848586
     0.1286196838
      98.73468566
      179.5455189
     -181.8177121
      14.62515129
   -0.02097250030
     -31.05238909
    -0.2251839352
     -2.689708229
      10.77844730
   0.002182582080
      5.314664394
     -194.3816136
      122.4136613
      10.71260993
 -9.486211169E-05
     0.2768867083
      216.3315144
      45.61276148
      10.81494587
 -1.450968185E-05
    -0.5247315143
     -136.3563598
     -31.14876608
      5.127641266
    0.05000000000
     0.1000000000
     0.1500000000
     0.2000000000
     0.2500000000
   Q=    0.0000
