      0.000000000
      0.000000000
      0.000000000
      0.000000000
      0.000000000
    -0.8064239800
    0.09554856979
     0.1288989551
   -0.05843910239
   0.007123283890
     -3.053555143
    -0.5799315695
     0.5083502490
    -0.1074991326
   0.005424428038
     -9.580927124
     -3.120027164
      1.058447886
   -0.09290525275
  -0.006570416822
     -1.013137607
     -9.579583242
      1.177574168
     0.1471936271
   -0.04201519854
      1.475404590
     -13.13694761
    -0.9366949499
     0.8480101275
    -0.1134329487
    -0.6820540457
     -6.471024323
     -5.665692775
      2.103275584
    -0.2223480580
    0.06843127409
      1.932074879
     -10.53387888
      3.842022489
    -0.3464715058
    0.03768068726
      5.522287311
     -10.47358199
      5.329691273
    -0.4097029543
   -0.01884165495
     -6.246468838
     0.6005524119
      4.764782698
    -0.3352803880
   0.004481966617
      3.276037406
      10.50734593
     0.8652519132
    -0.1936374809
 -0.0006577904948
    -0.9700223118
     -2.614963116
     -4.513430261
    -0.2397516415
  5.337103282E-05
     0.1150178288
     -7.015938557
     -4.639360939
    -0.6286885222
  1.018842228E-06
    0.03865891158
      8.328210748
      4.854013751
    -0.9419778137
 -1.097578359E-06
   -0.02648380388
     -5.052777884
      9.272206461
    -0.5652279774
    0.05000000000
     0.1000000000
     0.1500000000
     0.2000000000
     0.2500000000
   Q=    0.0000
