     -1.956671440
      2.155022275
    -0.9654775137
     0.1930540408
   -0.01279853186
     -13.27611560
      5.516650669
     -1.179569365
    0.05590055199
    0.01426179354
     -33.76543145
      9.566207564
     -1.633746076
   -0.05100500127
    0.04889555604
     -86.26292371
      18.26048143
    -0.2845737069
     -1.220714670
     0.2280424234
      62.69050071
      30.29323613
      7.740803115
     -4.701391144
     0.6305307577
     -20.27689779
      76.73321277
      29.89162585
     -12.96237937
      1.420181387
      6.665728660
      39.19462081
      67.44289569
     -29.85387113
      2.585644479
     -1.940980734
     -88.37234375
      58.35218577
     -61.22629967
      3.205537491
     0.4255995178
      60.62889179
     -39.30209513
     -113.0929638
   -0.01783958245
   -0.06486229562
     -24.23255839
     -78.19702271
     -156.3343209
     -12.74379003
   0.004807531822
      4.175523693
      23.27342100
     -107.3515712
     -35.67740899
  0.0005537644017
      1.133455201
      44.50323911
      43.97979866
     -54.87756425
 -0.0002632166477
     -1.151933726
     -61.15474253
      107.1190109
     -50.60332095
  5.339786415E-05
     0.5034761274
      46.04425372
     -32.77379909
     -25.19372637
 -7.715435131E-06
    -0.1560500468
     -25.04356197
     -104.6239143
     -4.588173156
    0.05000000000
     0.1000000000
     0.1500000000
     0.2000000000
     0.2500000000
   Q=    0.0000
