    -0.9507556337
     0.8168308413
    -0.2982766553
    0.04397929968
  -0.001222202522
     -3.967707339
      1.490748498
    -0.1834805706
   -0.02616958869
   0.005441841243
     -17.16438214
      2.601613690
   -0.08190809182
   -0.03337798240
   0.001202066779
     -24.30056324
     -2.236601018
     0.9809821260
   -0.07870623736
  -0.004263639688
     -9.402158253
     -12.44678999
     0.8598354953
     0.2348148773
   -0.02804837141
      9.675231039
     -25.54163629
     -2.617429170
     0.8631078145
   -0.02153355637
     -3.908362366
     -27.28649925
     -12.35200234
      1.442242743
     0.1077964758
     0.6628684238
      9.940777234
     -24.18329817
     0.6419932389
     0.5578447093
    0.02673642549
      14.17199539
     -20.94621085
     -2.616400362
      1.576984531
   -0.04385066823
     -17.26497707
    -0.5415940293
     -7.030577560
      3.336511573
    0.01226053725
      9.278134491
      16.61121646
     -9.771130222
      5.544085483
  -0.002021523981
     -2.941517695
      2.518525293
     -7.132523411
      6.986339436
  0.0002078049565
     0.4812329917
     -21.96707884
      1.637760947
      6.212598709
 -8.124302744E-06
    0.04097824362
      22.77786792
      10.28019448
      3.379607572
 -1.577848623E-06
   -0.05449075978
     -13.65223346
      10.32927852
     0.7719316140
    0.05000000000
     0.1000000000
     0.1500000000
     0.2000000000
     0.2500000000
   Q=    0.0000
