   -0.05926169361
    0.05068361090
   -0.01823752898
   0.002551392656
 -3.942742405E-05
    -0.2513469760
    0.09476919618
   -0.01137595709
  -0.002019331840
  0.0004389897532
     -1.070988772
     0.1701471206
  -0.004227341747
  -0.004042700107
  0.0004535834535
     -1.312404101
   -0.08570951143
    0.06654044573
   -0.01202615225
  0.0005905422730
    0.05055533968
    -0.4592955792
     0.1004764387
  -0.006700567410
 -0.0008522221623
     0.2044727875
    -0.7385508575
    0.08060070280
    0.01240396787
  -0.004295924742
    -0.1024958512
    -0.8611139874
    -0.1009045724
    0.05948902649
   -0.01297066213
    0.01688296626
     0.2591842001
    -0.5330873676
     0.1038061196
   -0.03275307867
   0.001691876237
     0.5290061651
    -0.7513684923
    0.04821262591
   -0.08121594968
  -0.001535262284
    -0.5930710298
    -0.2675027244
    -0.1688472597
    -0.1897627245
  0.0004007928475
     0.3022283818
     0.6192191351
    -0.4302648716
    -0.3750862168
 -6.215812277E-05
   -0.08815417512
     0.2723298412
    -0.4004378628
    -0.5771250874
  5.644703225E-06
    0.01067888391
    -0.9715326545
    0.03511291627
    -0.6390223555
 -5.947527369E-08
   0.003255284735
     0.9106746722
     0.4144195593
    -0.4532031135
 -7.835728275E-08
  -0.002295193672
    -0.5172716292
     0.3393413888
    -0.1557402595
    0.05000000000
     0.1000000000
     0.1500000000
     0.2000000000
     0.2500000000
   Q=    0.0000
