      0.000000000
      0.000000000
      0.000000000
      0.000000000
      0.000000000
    -0.5450339666
     0.1701636701
  -0.003080146883
  -0.008849400787
   0.001014323302
     -2.191767189
    0.02195289954
     0.1225252785
   -0.02005518051
 -0.0008557772250
     -5.968536058
     -1.067213851
     0.2683973259
    0.02208532212
  -0.009430337694
     -1.898859018
     -4.365284800
  0.0008166936094
     0.2008597669
   -0.02659244568
      1.646050687
     -7.625678640
     -1.879732411
     0.5814737119
   -0.04755567352
    -0.5945521682
     -7.075321928
     -6.041495918
     0.9911080030
   -0.05685475299
    0.02082499216
    -0.5209562428
     -10.56088200
     0.9634568357
   -0.04659080747
    0.04691424776
      6.867766563
     -9.446788465
    0.03167003698
   -0.04434676107
   -0.01937083275
     -6.403810123
      1.130615521
     -1.493428787
    -0.1240509107
   0.004338395023
      3.151986749
      8.117749568
     -2.343412918
    -0.3441757472
 -0.0006203177709
    -0.9133857001
     -1.794754410
     -1.788803098
    -0.6445670445
  4.996820103E-05
     0.1104149125
     -6.280113252
   -0.01413024101
    -0.8341990968
  8.841913379E-07
    0.03443329884
      7.523859628
      2.632700018
    -0.7123980157
 -1.013234170E-06
   -0.02441340757
     -4.723431144
      3.230745847
    -0.3086129537
    0.05000000000
     0.1000000000
     0.1500000000
     0.2000000000
     0.2500000000
   Q=    0.0000
