     -27.72785764
      26.47381769
     -13.05018062
      3.409038932
    -0.3715616588
     -102.8539775
      60.78383938
     -21.34190814
      4.195512709
    -0.3570074606
     -459.9293571
      147.0752432
     -44.31060510
      8.974565390
    -0.8501950495
     -38.28195188
      126.2894010
     -48.48409071
      9.704189370
    -0.8184184400
     -217.1595203
      202.6792826
     -56.79716303
      9.481371376
    -0.7218055698
      159.5366048
     -101.1842091
      1.743003281
      1.725266594
    -0.1224112996
     -53.65658625
     -442.2730504
      23.62247310
     -4.640486151
     0.9641870841
      6.568376720
     -8.522660815
     -55.00161873
     -18.20929803
      3.841052234
      1.307865553
      348.1516212
     -241.6859910
     -43.57391724
      9.332358871
    -0.7840279747
     -306.1232284
     -245.4880930
     -89.97043769
      17.98838204
     0.1861465238
      140.4491757
      228.6874795
     -123.0364345
      26.12746065
   -0.02714057762
     -37.63323625
      241.3816554
     -100.2600198
      26.28617850
   0.002281301831
      3.650785811
     -512.4412840
     -30.00275823
      10.64081044
  6.559786636E-06
      1.752088727
      434.6918347
      136.1919835
     -12.72145469
 -3.747251704E-05
     -1.066013303
     -235.2517787
      273.4291995
     -15.91301597
    0.05000000000
     0.1000000000
     0.1500000000
     0.2000000000
     0.2500000000
   Q=    0.0000
