    -0.1310638749
     0.1116480616
   -0.03908991171
   0.004984904792
  9.760151077E-06
    -0.5913021797
     0.2135850347
   -0.02091734126
  -0.005966070112
   0.001059952956
     -2.544038040
     0.3540453389
    0.01024183821
   -0.01173778192
  0.0009300367447
     -3.859743228
    -0.3473870827
     0.1861844660
   -0.02453693052
  0.0004748382779
    -0.9295822384
     -1.762863805
     0.2342615891
   0.005753788638
  -0.002991406226
      1.201691198
     -3.173990159
   -0.09470621237
    0.07522080497
  -0.005622762189
    -0.4952356327
     -3.381221030
     -1.159966703
     0.1446139810
  -0.001994869007
    0.07999443197
     0.8699012149
     -2.813320505
    0.02487152196
    0.01706701612
   0.005904665183
      2.256465168
     -3.060945952
    -0.5378117249
    0.04668726947
  -0.006329543416
     -2.485653057
    -0.5637564197
     -1.403610265
    0.05432047171
   0.001698503685
      1.288143778
      2.453157449
     -1.826172241
  0.0006134974007
 -0.0002724909178
    -0.3942752105
     0.5950010926
    -0.9862832483
    -0.1098346002
  2.681176542E-05
    0.05878294648
     -3.367715396
     0.5941119735
    -0.1953134796
 -7.996730022E-07
   0.008514979934
      3.374384530
      1.342029466
    -0.1759579269
 -2.586693156E-07
  -0.008300157941
     -1.995871366
      1.002731031
   -0.07700252598
    0.05000000000
     0.1000000000
     0.1500000000
     0.2000000000
     0.2500000000
   Q=    0.0000
