    -0.6321001347
     0.7799537921
    -0.3991101328
    0.09649639265
  -0.008891430764
     -5.926028218
      2.715360050
    -0.7364118743
    0.09862433345
  -0.004022842168
     -18.87187181
      5.048953001
     -1.092605735
     0.1478391436
  -0.008897110965
     -50.40655889
      7.202147099
     -1.072797047
    0.07628254077
   0.002745359118
      57.51267032
      1.024874007
   -0.01638197260
    -0.1439032974
    0.02130780286
     -24.56503006
      14.81967524
     0.7905818359
    -0.4865272954
    0.03728112584
      6.427885125
      13.95299182
      7.734745326
     -1.117326078
    0.01510124995
    -0.7998937682
      14.77141135
      16.35642465
    -0.5289527604
    -0.1558503526
   -0.08113123502
     -32.90914291
      22.11642900
      2.331837685
    -0.4989587778
    0.06418775703
      26.48626550
      1.924196489
      7.633683138
    -0.9485415692
   -0.01648013695
     -12.70023148
     -17.01657912
      9.447939834
     -1.235242227
   0.002676920986
      3.969575999
     -2.427215150
      4.602703097
     -1.258188694
 -0.0002895993630
    -0.7371079093
      21.80624216
     -2.918102196
    -0.9317396874
  1.630928702E-05
   0.009804458787
     -22.92044798
     -6.486119266
    -0.3352470586
  9.802226134E-07
    0.04792120377
      14.11480270
     -7.697192252
     0.1286504010
    0.05000000000
     0.1000000000
     0.1500000000
     0.2000000000
     0.2500000000
   Q=    0.0000
