      0.000000000
      0.000000000
      0.000000000
      0.000000000
      0.000000000
      33.76184210
     -16.15514323
      4.329090972
    -0.5068214547
   0.002518560700
      96.56536758
     -19.33871716
      1.505893981
     0.4934104012
    -0.1104539575
      97.69056460
     -12.86944675
     -1.744003327
      1.509626636
    -0.2379909234
     -51.62839200
     -14.15261608
     -10.25251796
      4.566314299
    -0.5600595068
      8.255448545
     -20.21879091
     -34.01645577
      10.56477851
    -0.9821326219
     0.2598901444
      29.09116246
     -71.70088559
      19.70284449
     -1.221060718
    -0.4644860958
     -35.90583391
     -83.78670770
      32.85385674
    -0.1370759340
     0.1036738952
      13.35776928
     -43.38895670
      53.31401076
      5.412592528
   -0.01715583450
     -5.028479103
      66.04361006
      74.91873334
      20.84718112
   0.003829589023
      4.043477669
      56.63135391
      72.57776153
      48.96262927
 -0.0009091311791
     -2.479851585
     -105.1826847
      6.416263833
      79.59641537
  0.0001775986792
      1.059123836
      81.77027367
     -68.75154316
      86.75347152
 -2.788220679E-05
    -0.3465264397
     -44.87868170
    -0.2586971326
      56.37085501
  3.596712006E-06
    0.09193054774
      19.59935718
      78.00571734
      16.29663129
    0.05000000000
     0.1000000000
     0.1500000000
     0.2000000000
     0.2500000000
   Q=    0.0000
