      0.000000000
      0.000000000
      0.000000000
      0.000000000
      0.000000000
      1.621216557
    -0.5938650536
    0.05075486331
    0.03018124726
  -0.006875340300
      5.318028549
    -0.3632649647
    -0.3175287691
     0.1274363912
   -0.01562586972
      10.06224113
      1.187198394
     -1.017264585
     0.2768669362
   -0.02900755600
     -5.582976746
      4.333125808
     -2.336318211
     0.5624586417
   -0.05153225992
      1.454474381
      2.574052767
     -4.584892923
      1.008989021
   -0.07742658529
    -0.1441597299
     -3.121655573
     -8.613736114
      1.533779563
   -0.09994228273
   -0.06502450004
     -4.261132928
     -11.22674550
      1.796956979
    -0.1207066397
    0.03173013631
      4.379849846
     -5.042707511
      1.924738568
    -0.1665962420
  -0.008344987776
     -2.644821316
      7.247212529
      2.620208199
    -0.2272036018
   0.001629191221
      1.243658886
      3.744908187
      2.988592673
    -0.2223939046
 -0.0002428164020
    -0.4364623142
     -7.137365198
     0.2161880428
    -0.1581484129
  2.659888225E-05
     0.1093676252
      4.343390650
     -2.764237504
    -0.2062831536
 -1.839651316E-06
   -0.01754687908
     -1.488040632
    0.08258494024
    -0.3038149960
  3.616313924E-09
  0.0006522317118
     0.2351579889
      2.311996266
    -0.1751975616
    0.05000000000
     0.1000000000
     0.1500000000
     0.2000000000
     0.2500000000
   Q=    0.0000
