     0.2541805834
    -0.2052321773
    0.07343809331
   -0.01140233182
  0.0005312861172
     0.6771203986
    -0.2503799705
    0.02277450643
   0.005448515778
 -0.0005175127186
      3.438309115
    -0.4642183398
    0.02371396480
  -0.009177359334
   0.003456212181
      1.330380152
      1.164268467
    -0.2133058099
   -0.04012966698
    0.01327629573
      2.872256741
      3.615271699
    0.09159184909
    -0.2780947801
    0.04655657337
     -1.881118992
      7.820129925
      1.400667932
    -0.8688155708
     0.1169923922
     0.7984006845
      6.280563831
      4.277013058
     -2.137447680
     0.2540564748
    -0.1834522584
     -6.632746111
      5.524208750
     -4.326031205
     0.4692114433
    0.01789544161
      1.472074630
     0.8082461883
     -7.329752961
     0.7349577514
   0.002622939156
      1.035608943
     -3.267301906
     -8.955938159
     0.9893763555
  -0.001388731062
     -1.009086572
     -1.273822834
     -4.547446251
      1.323433111
  0.0002880955950
     0.4249158748
      1.213578659
      4.773901099
      2.017006467
 -3.771242575E-05
    -0.1059307604
     0.8203800949
      6.544108521
      2.834954453
  3.128369665E-06
    0.01351091463
     -1.320896086
     -3.887460776
      2.648276426
 -9.153296411E-08
   0.001072157579
     0.7735899100
     -7.751275628
      1.142980114
    0.05000000000
     0.1000000000
     0.1500000000
     0.2000000000
     0.2500000000
   Q=    0.0000
