      0.000000000
      0.000000000
      0.000000000
      0.000000000
      0.000000000
      5.553378968
     0.9580093068
     -2.064754837
     0.7298978945
   -0.08080552980
      35.80095503
      7.393040996
     -5.900650725
      1.205090280
   -0.06706552500
      147.4461907
      37.97311007
     -12.73850297
      1.300664256
  -0.006521129350
      22.98538459
      125.6028658
     -13.73551702
    -0.5829510307
     0.1179153035
     -26.87018867
      174.2878516
      16.46045321
     -4.788104010
    0.02665646192
      10.63825605
      101.2968962
      85.62477471
     -6.930360662
    -0.9290463285
    -0.5504593562
      5.126656796
      167.7886400
     0.4852078910
     -3.691713069
    -0.8011593255
     -118.7555630
      181.7559033
      22.83976847
     -9.259837406
     0.3454671515
      114.9267918
      3.126330527
      48.85145677
     -17.82499654
   -0.07851682215
     -57.23649077
     -165.0564646
      46.36672226
     -27.67649029
    0.01129209324
      16.60882267
      34.86698667
      16.97386202
     -34.15821859
 -0.0009082859779
     -1.967406508
      118.8468293
     -4.281531699
     -30.21673161
 -1.776624569E-05
    -0.6579307542
     -141.7844303
     -41.73666485
     -15.31772075
  1.890214291E-05
     0.4576061808
      88.83371636
     -65.88910714
     -2.473623726
    0.05000000000
     0.1000000000
     0.1500000000
     0.2000000000
     0.2500000000
   Q=    0.0000
