      0.000000000
      0.000000000
      0.000000000
      0.000000000
      0.000000000
     0.9232904597
    -0.6097152637
     0.2658370244
   -0.06637513224
   0.007069512317
      3.295358846
     -1.215818097
     0.4032201231
   -0.08341640689
   0.007108837746
      4.474994778
     -1.737035616
     0.6993288909
    -0.1480474878
   0.009608174775
      2.727127765
     -1.879892241
      1.365681282
    -0.2126466200
  -0.003701629334
     -2.199976026
      1.800033221
      2.929731762
   -0.09002625251
   -0.06612758359
     0.6438315044
      10.30463584
      6.728019339
     0.8551372253
    -0.2282010761
    0.03213299676
      3.515628192
      11.89723638
      3.826120380
    -0.4854101999
   -0.07154812048
     -10.50255706
      10.09843711
      9.044647231
    -0.6483946896
    0.02538782838
      8.386422400
    -0.7418126794
      12.77054612
    -0.3762166502
  -0.005318715700
     -3.816685758
     -6.291055498
      9.009756580
     0.4254596571
  0.0007305079553
      1.054028040
    -0.6216603961
     -1.924625289
      1.220956614
 -5.651022822E-05
    -0.1173572293
      8.469097787
     -8.045845225
      1.206183046
 -1.437083093E-06
   -0.04454665750
     -9.361521416
   -0.01888523402
     0.4361510290
  1.251679311E-06
    0.03022850925
      5.988710727
      5.811457820
   -0.04854903309
    0.05000000000
     0.1000000000
     0.1500000000
     0.2000000000
     0.2500000000
   Q=    0.0000
