      5.521392127
     -4.701539938
      1.686992945
    -0.2398554927
   0.005070283817
      22.22514234
     -8.322811649
      1.008542990
     0.1629466700
   -0.03587168345
      90.59415492
     -14.81029853
     0.6480569006
     0.2620546277
   -0.03144818480
      100.6167135
      7.036754105
     -5.088995487
     0.8899663479
   -0.04455461786
      1.227322745
      37.75305344
     -7.078772046
     0.2733100035
    0.06800719798
     -18.94996208
      69.08445673
     -3.519954712
     -1.602243287
     0.2755282919
      9.252983726
      78.35192930
      16.49058409
     -5.968512357
     0.6526471588
     -1.623767707
     -32.44492885
      52.39045626
     -10.40362829
      1.110219494
   -0.09296397204
     -37.01862366
      59.32582696
     -8.862771753
      1.816865876
     0.1207661214
      46.74579685
      14.29153217
      3.553687541
      3.451748055
   -0.03292752690
     -24.79165251
     -50.20832801
      24.45315594
      7.038997760
   0.005260978365
      7.515685186
     -16.56146109
      32.35215227
      12.50441142
 -0.0005032404300
     -1.033722074
      73.39593935
      5.879850146
      16.34956319
  1.125749817E-05
    -0.2126587174
     -70.67884230
     -36.09207060
      13.71457531
  5.668452087E-06
     0.1742715193
      40.49082541
     -40.93756474
      5.598158910
    0.05000000000
     0.1000000000
     0.1500000000
     0.2000000000
     0.2500000000
   Q=    0.0000
