      0.000000000
      0.000000000
      0.000000000
      0.000000000
      0.000000000
     0.3972416752
    -0.1128789862
  -0.008954540853
    0.01111824565
  -0.001473330279
      1.534495046
    0.02868415167
    -0.1193775003
    0.02538324137
 -0.0008467891496
      4.144146053
     0.8432069215
    -0.2723986709
    0.01164943417
   0.003619183019
     0.7693770732
      3.146881613
    -0.2232954704
   -0.08071044532
    0.01378414634
    -0.8603287414
      4.976755848
     0.7497533194
    -0.3033449913
    0.02827827723
     0.3403126278
      3.821260254
      2.979979338
    -0.5871398150
    0.03814061406
   -0.01903038640
    -0.1134112959
      5.476793044
    -0.7190042880
    0.03113678452
   -0.02450067560
     -3.598125884
      5.275507066
    -0.4104076457
  -0.001937947564
    0.01062425914
      3.519822837
    -0.2320137511
     0.3788338180
   -0.05303437354
  -0.002413949072
     -1.753701534
     -4.736073943
      1.120249337
   -0.09080200629
  0.0003462594009
     0.5067600322
     0.8131439128
      1.227342381
   -0.07456085898
 -2.761631533E-05
   -0.05858961027
      3.826382136
     0.3486827106
    0.01853568645
 -5.972144987E-07
   -0.02077023793
     -4.422851596
     -1.688191781
     0.1231540547
  5.852266633E-07
    0.01412621335
      2.729635594
     -2.412449957
     0.1001915939
    0.05000000000
     0.1000000000
     0.1500000000
     0.2000000000
     0.2500000000
   Q=    0.0000
