    -0.8539615467
     0.7222715457
    -0.2514903091
    0.03174096397
  0.0001784583071
     -3.577903920
      1.302691826
    -0.1273431764
   -0.03924799676
   0.007457246453
     -14.62156785
      2.212419528
    0.02277867634
   -0.08135288470
   0.009373328065
     -15.68544989
     -1.453802539
      1.086188019
    -0.2201877851
    0.01335162963
      3.955779672
     -5.553689513
      1.755929931
    -0.2010620862
  -0.006637214411
     0.5175091312
     -7.031176123
      2.373641005
    0.01306530341
   -0.06493381434
    -0.6255326787
     -6.894227043
      1.797509609
     0.8728759237
    -0.2116280136
     0.1225285433
      3.615691914
     -2.107161374
      2.393026638
    -0.4793444069
    0.01138066801
      3.205859097
     -6.268226760
      3.447463872
    -0.9351078904
   -0.01142318323
     -4.328392814
     -3.831922647
      2.213115305
     -1.704818166
   0.003011722216
      2.259940085
      6.248904513
     -1.671205020
     -2.858038116
 -0.0004581124618
    -0.6367350377
      2.506501584
     -4.700964098
     -4.068134880
  3.826545932E-05
    0.05802839443
     -8.690445475
     -2.482672621
     -4.444129977
  4.947773138E-07
    0.03431316916
      7.832355401
      4.520669292
     -3.284243889
 -7.274816942E-07
   -0.02002225511
     -4.250816929
      6.672153566
     -1.228744570
    0.05000000000
     0.1000000000
     0.1500000000
     0.2000000000
     0.2500000000
   Q=    0.0000
