   -0.08272119135
    0.07032324553
   -0.02566430413
   0.003725208956
 -6.411252079E-05
    -0.2991091163
     0.1196027227
   -0.01641527509
  -0.002508877694
  0.0007103860071
     -1.183662961
     0.2353813723
   -0.01803606882
  -0.006025800302
   0.001255115610
    -0.1551429638
    0.03215920167
    0.06614484246
   -0.02748676444
   0.002903887581
      1.757056751
     0.4026262488
     0.1686644216
   -0.05275890345
   0.002167053189
    -0.9562977244
      1.295258974
     0.6007767248
   -0.07476825453
  -0.007084556052
     0.2986374797
      1.338561434
      1.401364648
    0.04129115163
   -0.04110682142
   -0.04363331569
    0.06452362929
      1.955902629
     0.4635916237
    -0.1170206165
  -0.002519040298
     -1.265958119
      1.292191680
      1.175017925
    -0.2515439405
   0.003000044354
      1.218090019
    -0.3399828667
      1.670985648
    -0.4547842806
 -0.0008221918299
    -0.6301514018
    -0.8181940203
      1.200007200
    -0.7164007559
  0.0001382560391
     0.2065722215
     0.1050989187
    -0.1948813345
    -0.9573177843
 -1.527101355E-05
   -0.03978288972
     0.9652243284
     -1.041389849
     -1.003264678
  8.545435819E-07
  0.0005508315309
     -1.185007248
    -0.1604732350
    -0.7172979957
  5.971532767E-08
   0.002725009241
     0.7904019217
     0.5346575924
    -0.2543672645
    0.05000000000
     0.1000000000
     0.1500000000
     0.2000000000
     0.2500000000
   Q=    0.0000
