     -6.815591795
      7.051309858
     -3.675683322
     0.9976579960
    -0.1109010115
     -25.27481011
      16.05108414
     -6.319929554
      1.386392064
    -0.1282843774
     -107.7143719
      44.12288497
     -15.89162169
      3.531075566
    -0.3385478935
     -161.3335531
      64.24685607
     -25.04987376
      5.426598820
    -0.4239756622
     -88.43952395
      50.93847768
     -44.62358057
      8.990998353
    -0.3605749420
      86.53874784
     -90.33634363
     -90.85395434
      9.955714342
     0.8509883791
     -32.02582400
     -291.3671723
     -186.3930552
     -6.864387710
      4.928685838
      4.340646457
      15.46145991
     -266.8461699
     -69.58056152
      13.85023397
     0.6101619959
      180.0416647
     -156.5154422
     -183.6122989
      28.29605331
    -0.4356888560
     -169.1072412
      6.705288414
     -279.1510480
      47.09562691
     0.1093756790
      82.21755604
      63.38601974
     -238.6981568
      67.42326256
   -0.01693010267
     -24.13810652
      99.24708264
     -3.970649192
      83.70912342
   0.001595667800
      3.283129502
     -241.7525722
      206.0311669
      87.89824720
 -3.261672293E-05
     0.7078051453
      231.3739057
      44.86324773
      68.90275882
 -1.907831178E-05
    -0.5856750760
     -139.4683559
     -132.0398091
      27.89868366
    0.05000000000
     0.1000000000
     0.1500000000
     0.2000000000
     0.2500000000
   Q=    0.0000
