    0.06071893746
   -0.05430468177
    0.02283541227
  -0.004656894599
  0.0003492573897
     0.1559165208
   -0.07864011603
    0.02066324623
  -0.002151122961
 -5.396750099E-05
     0.4795754434
    -0.1833028483
    0.05249211715
  -0.006739884300
  6.860643219E-05
     -1.141645359
    -0.1874165486
    0.04497063609
   0.003683166523
  -0.001303567965
     -1.597571662
    -0.8794004744
    0.02859667768
    0.02102623337
  -0.001658827221
      1.075566534
     -1.633276200
    -0.3129398430
    0.04428385075
   0.001845907598
    -0.3586416032
     -1.657059050
     -1.058377534
   -0.04684240647
    0.01585012214
    0.04935730858
    -0.3454009577
     -2.012364414
    -0.4499594212
    0.03243086910
   0.005795407661
      2.004984922
     -2.098973965
     -1.314225853
   0.009345881375
  -0.004559905265
     -1.823336477
    -0.2242331136
     -2.206024094
    -0.1345847206
   0.001176513285
     0.9009089578
      1.468428355
     -1.969233080
    -0.4303825792
 -0.0001877544503
    -0.2756686999
     0.2729361697
    -0.1386606778
    -0.7283976343
  1.892069643E-05
    0.04419398480
     -1.999789820
      1.394888805
    -0.7514004854
 -7.001844839E-07
   0.004031456609
      2.105767253
     0.4224246320
    -0.4372543947
 -1.528077357E-07
  -0.005183175609
     -1.305140191
    -0.7026608296
    -0.1073013965
    0.05000000000
     0.1000000000
     0.1500000000
     0.2000000000
     0.2500000000
   Q=    0.0000
