     0.2553551269
    -0.2318765745
    0.09079841959
   -0.01534581589
  0.0007391441799
      1.236753793
    -0.4934282392
    0.08271348791
  0.0009512050950
  -0.001121267436
      5.133282751
    -0.9114852781
    0.08350242665
  0.0005734469171
 -0.0002259538272
      9.280728742
    0.03384210534
    -0.1644100163
    0.02146872997
  -0.001541379515
      2.711745858
      2.826381046
    -0.1974796050
  -0.008670185370
  -0.005105640660
     -3.210177449
      6.321911329
     0.6611907209
  -0.004845247070
   -0.03390147694
      1.252664652
      8.559409702
      3.307539441
     0.3632310184
    -0.1264764120
    -0.1815902494
    -0.4193064249
      7.550825518
      1.830312691
    -0.3243872219
   -0.02268470779
     -7.133180017
      8.324345195
      4.912421781
    -0.6108905229
    0.01768569533
      6.947902817
      1.881377900
      7.998210503
    -0.8748369916
  -0.004536177861
     -3.449742705
     -5.994809267
      7.223690444
     -1.008757981
  0.0007104069752
      1.026751830
     -2.201378698
     0.9000822571
     -1.029518472
 -6.786304080E-05
    -0.1445268166
      9.322770428
     -4.675904299
     -1.000313377
  1.607788719E-06
   -0.02673852191
     -9.250909956
     -2.373120624
    -0.7851561741
  7.523708167E-07
    0.02332846076
      5.531170080
     0.7178315646
    -0.3088647773
    0.05000000000
     0.1000000000
     0.1500000000
     0.2000000000
     0.2500000000
   Q=    0.0000
