      0.000000000
      0.000000000
      0.000000000
      0.000000000
      0.000000000
      128.0088633
     -48.23369540
      6.908944090
     0.7512454319
    -0.2470422283
      380.4068773
     -36.92727745
     -10.83148851
      4.429680325
    -0.4628747426
      489.9490755
      44.76175661
     -30.86443621
      6.615157128
    -0.5782007076
     -116.3701470
      156.1038477
     -50.11656837
      9.650464909
    -0.8739099030
     -15.16391921
      209.2501696
     -64.56067254
      13.26609869
     -1.367677070
      17.49148893
      270.0630369
     -53.30107438
      19.88291854
     -2.714701281
     -2.757743636
     -141.5759045
      38.15399289
      42.21489448
     -5.856888602
    -0.7072831514
     -107.3224283
      126.7581093
      103.9171947
     -10.36698249
     0.4268171136
      142.6918233
      167.6082509
      193.8114301
     -11.76067666
    -0.1005357870
     -69.52394206
     -71.96482330
      229.3520209
     -3.190389540
    0.01368941705
      16.83715363
     -249.2243624
      74.34755579
      15.09376443
 -0.0008189923703
     0.1611257428
      407.7151127
     -155.4682280
      25.95824945
 -0.0001035716198
     -1.938712654
     -334.9310764
     -92.18751529
      16.74976060
  3.745457157E-05
     0.9226832894
      183.6591471
      48.65544459
      3.671676472
    0.05000000000
     0.1000000000
     0.1500000000
     0.2000000000
     0.2500000000
   Q=    0.0000
