      0.000000000
      0.000000000
      0.000000000
      0.000000000
      0.000000000
    -0.1793786119
    0.01810373203
    0.03260835362
   -0.01500006767
   0.001962270640
    -0.3750616194
    -0.1900463245
     0.1252772275
   -0.02739831579
   0.001869251434
     -1.072469656
    -0.6960191113
     0.2246315632
   -0.02549513033
  0.0002966309224
    -0.8415908173
     -1.844946839
     0.2209398410
    0.01624235728
  -0.003709529456
     0.4928609851
     -2.891677763
    -0.3211357966
     0.1444481935
  -0.007110961040
    -0.1747905638
     -1.780350753
     -1.767614332
     0.3519398453
   0.009881989055
    0.01097861423
     0.1476800020
     -3.439078829
     0.5684297159
     0.1032704303
    0.01147868098
      1.635145707
     -3.307392826
     0.7391278055
     0.3954108267
  -0.005162079837
     -1.703397484
     0.6283080088
     0.8397536533
      1.059750882
   0.001207725033
     0.8947947146
      3.294743003
     0.6873367092
      2.140390099
 -0.0001796089344
    -0.2762300342
     -1.701291757
    -0.3301182235
      3.212442652
  1.559954719E-05
    0.04051191457
    -0.9819818933
     -1.324289870
      3.358385389
 -1.763405738E-08
   0.006522011225
      1.709078903
     0.8813221787
      2.143684431
 -2.491616870E-07
  -0.005988435981
     -1.133444400
      2.917727338
     0.6130906506
    0.05000000000
     0.1000000000
     0.1500000000
     0.2000000000
     0.2500000000
   Q=    0.0000
