      0.000000000
      0.000000000
      0.000000000
      0.000000000
      0.000000000
  -0.007992065616
    0.05859900908
   -0.04473504132
    0.01329431344
  -0.001318656008
    0.01694886332
     0.2174226244
    -0.1016600164
    0.01636365988
 -0.0002147411914
     0.7744285413
     0.6506097707
    -0.1699791590
   0.003014167532
   0.003405294202
     0.6233711807
      1.702560321
    -0.1037964198
   -0.07138641810
    0.01375405342
    -0.3403308495
      2.443913986
     0.4774976313
    -0.2720027755
    0.03508900219
     0.1265711513
      1.194246730
      1.693272778
    -0.6534420644
    0.07039148542
   -0.01069879412
    -0.2445028600
      2.756258147
     -1.241660199
     0.1156974822
  -0.007087581248
     -1.005113280
      2.204441244
     -1.909218758
     0.1488497407
   0.003431410908
      1.125763880
    -0.8494700997
     -2.115152123
     0.1369959026
 -0.0008246657221
    -0.6120996851
     -2.282091639
     -1.078859547
    0.08693650127
  0.0001244546945
     0.1927733690
      1.321980118
      1.102234662
    0.08470060979
 -1.095940795E-05
   -0.02912062307
     0.5908578385
      1.829858983
     0.2049126872
  4.942020338E-08
  -0.004003186709
     -1.108239443
     -1.087047718
     0.3089036613
  1.642385757E-07
   0.003902567598
     0.7193248218
     -2.645342341
     0.1817181898
    0.05000000000
     0.1000000000
     0.1500000000
     0.2000000000
     0.2500000000
   Q=    0.0000
