      0.000000000
      0.000000000
      0.000000000
      0.000000000
      0.000000000
      26.98458810
     -10.64992885
      1.609417063
     0.1864454211
   -0.06532917111
      88.68332939
     -8.793466640
     -3.084508480
      1.345592056
    -0.1575515509
      158.4950758
      13.67398881
     -10.79209181
      2.599631374
    -0.2575869056
     -42.11493335
      63.31903072
     -21.75261617
      4.689941430
    -0.4660436097
    -0.6612243435
      72.97150937
     -31.92450944
      8.042187161
    -0.8190232419
      3.971719092
      43.82887531
     -41.02699934
      14.34715987
     -1.408762704
    -0.7406361083
     -33.99387743
     -24.76218650
      26.07085146
     -2.072380878
    -0.1521598291
     -25.15055710
      31.02618029
      48.19347698
     -1.856027190
     0.1018339085
      34.85073855
      70.06129283
      75.36554182
      1.629626699
   -0.02419141322
     -16.70927965
     -22.87490906
      74.17151893
      10.32350070
   0.003234657623
      3.787838556
     -73.88410227
      10.08348355
      20.83520955
 -0.0001714833672
     0.2229663821
      113.9858654
     -53.90972966
      23.62179624
 -3.091008213E-05
    -0.5455905477
     -91.15176764
     -16.37801829
      14.74260178
  1.001286366E-05
     0.2474376104
      49.46889585
      25.72845387
      4.008427286
    0.05000000000
     0.1000000000
     0.1500000000
     0.2000000000
     0.2500000000
   Q=    0.0000
