      0.000000000
      0.000000000
      0.000000000
      0.000000000
      0.000000000
      1.686482202
    -0.5929451964
    0.03408562934
    0.03638310436
  -0.007516341478
      5.066588617
    -0.1860982653
    -0.3767188203
     0.1337747234
   -0.01521410410
      9.039088457
      1.588876096
     -1.053297757
     0.2588256565
   -0.02516719547
     -4.103348758
      5.057721433
     -2.180449286
     0.4688406389
   -0.04047433733
     0.8930957358
      4.454431228
     -3.712342070
     0.7263775853
   -0.05611459350
   0.007833029479
     -1.196538575
     -6.004147378
     0.9157488381
   -0.08109003519
   -0.06842479289
     -4.127648428
     -6.894783122
     0.7392168220
    -0.1664574052
    0.02067773495
      2.869315441
     -1.867773554
     0.3302600974
    -0.4511540873
  -0.003824731436
     -1.177331949
      5.475737926
     0.5264146632
     -1.092012201
  0.0005827915153
     0.4577635122
     0.6405079033
      1.249443260
     -2.051759954
 -8.365203681E-05
    -0.1787236394
     -4.531020432
     0.7092897754
     -2.916541121
  1.156012841E-05
    0.06268524271
      4.130366832
    -0.5108533883
     -3.009966366
 -1.464938325E-06
   -0.01833288252
     -2.295572199
    -0.8197786105
     -1.988138116
  1.588764937E-07
   0.004283596570
     0.8879943881
     -1.152799662
    -0.6092702970
    0.05000000000
     0.1000000000
     0.1500000000
     0.2000000000
     0.2500000000
   Q=    0.0000
