    0.05188098591
   -0.05214208436
    0.02406089845
  -0.005330977824
  0.0004318758581
     0.2611453082
    -0.1296932665
    0.03619415563
  -0.004368399566
  6.613245191E-06
     0.9660762083
    -0.3035378916
    0.07133249565
  -0.006933827336
 -0.0002776067329
      1.348267974
    -0.4675765746
    0.06761071548
   0.009139748790
  -0.003087025369
     -1.074346547
    -0.8498812162
  -0.004188750847
    0.05636387375
  -0.009117457857
     0.3374994166
     -1.407707153
    -0.3101549276
     0.1760744347
   -0.02100906704
    -0.1047384712
    -0.1696277544
    -0.8051433478
     0.4179499410
   -0.03737419149
    0.03020140695
      1.180127011
    -0.6612429340
     0.8824100999
   -0.04147175745
  -0.006582796377
    -0.8774679641
     0.4291398749
      1.659853053
    0.02567648568
  0.0009706143112
     0.3447017821
      1.033571431
      2.321173259
     0.2637253805
 -5.956563588E-05
   -0.04693297670
   -0.03829586433
      1.705966108
     0.6954930064
 -1.239101892E-05
   -0.02594865628
    -0.9595872637
    -0.5020408087
      1.094176859
  4.777883122E-06
    0.02094327301
      1.113493408
     -1.716439591
      1.076304900
 -9.257680742E-07
  -0.008696309179
    -0.7926139066
     0.3930724159
     0.5962561475
  1.302657675E-07
   0.002618711535
     0.4169827980
      1.780779619
     0.1331509463
    0.05000000000
     0.1000000000
     0.1500000000
     0.2000000000
     0.2500000000
   Q=    0.0000
