      0.000000000
      0.000000000
      0.000000000
      0.000000000
      0.000000000
      47.61240430
     -25.07866681
      8.121280900
     -1.412973697
    0.09181881102
      179.7172529
     -39.84637999
      5.065398029
     0.2986911521
    -0.1378920136
      343.5986919
     -12.49802742
     -9.100382919
      3.237387280
    -0.3757627131
      23.98102801
      113.2922722
     -40.18231765
      7.759917281
    -0.6042907482
     -60.97063161
      300.3393032
     -72.20738911
      8.304201839
   -0.09205415876
      25.65599513
      324.9057583
     -39.75832112
     -9.794983000
      2.526747823
     -1.625931723
     -43.48059419
      124.4053852
     -62.68561199
      8.784562671
     -1.829566195
     -272.1287675
      336.8893875
     -143.6919957
      19.40585408
     0.7907882815
      265.6632466
      188.1578296
     -181.3493749
      33.50396634
    -0.1745994503
     -125.9578868
     -359.0255496
     -72.97322923
      50.89727822
    0.02361669821
      32.64546731
     -106.8202090
      169.9167551
      72.77403402
  -0.001567891438
     -1.870069134
      446.5659942
      246.6765778
      94.45466264
 -0.0001171042932
     -2.309391358
     -408.5784309
     -183.8978800
      92.46577011
  5.085714450E-05
      1.200747823
      223.1664438
     -487.2170916
      46.44194104
    0.05000000000
     0.1000000000
     0.1500000000
     0.2000000000
     0.2500000000
   Q=    0.0000
