      18.89333369
     -17.46981076
      8.362588436
     -2.125326823
     0.2265144421
      44.02025116
     -27.71972598
      9.927049833
     -1.988112395
     0.1750864282
      154.2806956
     -61.51111830
      22.79445754
     -5.182071193
     0.5044182046
     -535.2337772
     -37.49421363
      28.42885965
     -5.434746966
     0.3259464353
     -249.9555643
     -252.1014948
      51.37204963
     -3.330945632
    -0.2388207596
      221.3413665
     -425.9315135
     0.5538660966
      13.71928738
     -1.983479803
     -81.74747850
     -483.3632381
     -142.2875467
      43.52637829
     -4.817219728
      12.43022610
      67.05194713
     -370.2427856
      75.31593609
     -9.125733074
      1.062119909
      394.8033654
     -393.3242813
      60.98501039
     -15.61941875
     -1.011623876
     -399.2773665
     -103.2980389
     -41.49171273
     -28.06525096
     0.2658440231
      200.7434896
      311.1649410
     -211.7970048
     -50.61455521
   -0.04209217599
     -60.05611854
      182.2983401
     -238.2840913
     -79.34676875
   0.004084372582
      8.557337334
     -579.8126436
      13.26479877
     -90.03662703
 -0.0001146541248
      1.453663793
      543.4358462
      250.9746166
     -64.21164935
 -4.045359148E-05
     -1.297470539
     -311.3560949
      231.1697004
     -23.04278196
    0.05000000000
     0.1000000000
     0.1500000000
     0.2000000000
     0.2500000000
   Q=    0.0000
