     0.1064522429
    -0.3073782514
     0.1315700684
  -0.008203992762
  -0.003667251769
      4.585296244
     -1.537168691
     0.1453474355
    0.08110416339
   -0.02134944088
      4.779436060
     -1.141964691
    -0.4442333868
     0.3796379346
   -0.07363926225
      39.83492850
     -6.874944656
     -1.626742689
      1.322418795
    -0.2263347084
     -23.79483216
     -13.37516922
     -7.976975186
      4.214227315
    -0.6154607178
      6.736650864
     -41.33794543
     -22.49694776
      10.89309118
     -1.477954339
     -2.704605358
     -29.92801630
     -43.79840107
      24.85745733
     -3.246942157
     0.9975545002
      60.05302108
     -33.16253852
      50.36622714
     -6.370194959
    -0.2651497769
     -43.35020144
      35.40351550
      88.28584233
     -10.89985314
    0.05053303653
      19.91132471
      49.83025702
      112.6864089
     -16.27659790
  -0.006255284047
     -5.330083310
     -26.39659526
      65.47138737
     -22.88461956
  0.0002982413685
     0.3774525588
     -16.11266685
     -42.84884601
     -32.03139050
  7.314820654E-05
     0.4079371791
      32.20709384
     -70.36199809
     -38.99445974
 -2.413032316E-05
    -0.2543412149
     -27.72802059
      26.10856570
     -32.04321225
  4.266135298E-06
    0.09255581426
      16.38205070
      58.45874790
     -12.39221973
    0.05000000000
     0.1000000000
     0.1500000000
     0.2000000000
     0.2500000000
   Q=    0.0000
