      0.000000000
      0.000000000
      0.000000000
      0.000000000
      0.000000000
  -0.002296695692
   0.001096096598
 -0.0002887967279
  3.199263284E-05
  1.832802653E-08
  -0.007829965567
   0.001195080817
  5.825738398E-05
 -6.905266608E-05
  8.861529706E-06
   -0.01051869616
  -0.001291781870
  0.0007692873821
 -0.0001439604326
  9.024418236E-06
   0.006754140208
  -0.006731234659
   0.001461982496
 -0.0001555412693
  3.714706584E-06
  -0.001911325591
  -0.009900840368
   0.001295800517
 -1.256384848E-05
 -1.553061928E-05
 -5.651680553E-05
  -0.003066276437
 -0.0001060488160
  0.0003450297774
 -5.659732526E-05
  0.0002170576106
    0.01503489753
 -0.0007507194029
  0.0009373149974
 -0.0001273228300
 -8.088657696E-05
   -0.01252288146
   0.002183621626
   0.001965300642
 -0.0002233878546
  1.794928185E-05
   0.006065038208
   0.001249030646
   0.003235607864
 -0.0002802619327
 -2.737139669E-06
  -0.001931610954
  0.0007112838425
   0.002709502784
 -0.0002169164693
  2.765123582E-07
  0.0003655131291
  -0.004669702547
 -0.0002222684271
 -0.0001020049535
 -1.072989520E-08
  1.479287971E-06
   0.005930321159
  -0.003135407795
 -8.772342859E-05
 -2.372098314E-09
 -3.119986180E-05
  -0.004500174871
  0.0003087857171
 -0.0002080417513
  6.508782842E-10
  1.394492036E-05
   0.002431172421
   0.002586427642
 -0.0001255162564
    0.05000000000
     0.1000000000
     0.1500000000
     0.2000000000
     0.2500000000
   Q=    0.0000
