      0.000000000
      0.000000000
      0.000000000
      0.000000000
      0.000000000
     -195.2317915
      111.0737618
     -41.54200692
      9.210898917
    -0.9140903083
     -311.3681691
      130.2388236
     -46.69213380
      10.21636798
    -0.9759475336
      78.75243368
      239.0234793
     -102.2162327
      21.92722247
     -1.961279357
     -192.3030543
      437.4860184
     -167.2224097
      33.08678971
     -2.647400177
      121.0520135
      115.0664899
     -246.8611486
      51.70125782
     -3.630755203
     -34.21464435
     -764.1199162
     -426.4298796
      70.31858849
     -3.482164283
     -1.053220308
     -65.92884997
     -634.6417560
      60.01205230
     -1.635375935
      3.289220896
      466.4847203
     -344.6927854
     -2.477247689
     0.2241760731
     -1.161048252
     -378.1516925
      132.5002813
     -73.22193144
     -2.784033938
     0.2405887478
      170.9659162
      199.4095636
     -136.5072176
     -15.31461176
   -0.03246254591
     -46.13123487
      101.6995947
     -126.5929288
     -39.77308223
   0.002401591541
      4.584669786
     -433.0305261
      39.16923678
     -60.67539092
  8.475656319E-05
      2.170043772
      433.3545677
      149.7239756
     -52.28148361
 -5.714262716E-05
     -1.351620323
     -258.4006538
      105.5151074
     -20.88177888
    0.05000000000
     0.1000000000
     0.1500000000
     0.2000000000
     0.2500000000
   Q=    0.0000
