      0.000000000
      0.000000000
      0.000000000
      0.000000000
      0.000000000
      2.009800094
    -0.7589670746
    0.09511946738
    0.01948062924
  -0.004967826992
      7.266213809
    -0.5857179354
    -0.2903006492
     0.1034418643
  -0.009827793081
      15.60593855
      1.663931443
    -0.9488851033
     0.1673529634
   -0.01092040835
     -2.448636379
      7.612019783
     -1.620636743
     0.1996747998
   -0.01268841188
    -0.8020583460
      9.990534861
     -1.283160122
     0.1976993439
   -0.01974055991
     0.5874283182
      6.330412463
     0.1151954788
     0.3944303997
   -0.04296698229
   -0.06838827971
     -2.325789099
      3.132967521
      1.208283470
   -0.06640874968
   -0.03367806710
     -5.181494970
      6.720650557
      3.305738489
   0.004440586362
    0.01704023533
      5.728847007
      4.918845258
      6.331981182
     0.3951395310
  -0.003935953101
     -2.793251583
     -5.688926453
      7.008367898
      1.272830107
  0.0005466564354
     0.7297470539
     -4.807148353
      1.812561403
      2.279572622
 -3.725412035E-05
   -0.03590961735
      11.79677293
     -4.237223529
      2.503765871
 -2.799045085E-06
   -0.05857912643
     -10.64574432
     -2.574598744
      1.592751558
  1.258204845E-06
    0.03081197966
      6.088011329
     0.5220543734
     0.4685773675
    0.05000000000
     0.1000000000
     0.1500000000
     0.2000000000
     0.2500000000
   Q=    0.0000
