     -10.72780449
      11.83030084
     -5.156904373
     0.8977695171
   -0.02702123330
     -83.43383883
      31.17666342
     -3.927578325
    -0.9120811410
     0.2370757890
     -254.9650736
      29.02760484
      8.118318425
     -3.868418621
     0.4451071550
     -796.5338833
     -58.78168308
      45.79112310
     -9.366702638
     0.6583138557
     -85.39898529
     -454.7395415
      100.8851270
     -9.610621377
  -0.009702301570
      173.6773465
     -771.6965472
      57.25015023
      11.01356580
     -2.366866065
     -81.84660668
     -546.3876485
     -152.6746193
      57.45059573
     -6.625257650
      16.14026112
      377.5196075
     -479.9033915
      123.5158148
     -12.40788564
    -0.1415201804
      173.3987611
     -518.2613046
      161.0540218
     -16.96377815
    -0.8064656850
     -319.4739911
     -5.676169204
      105.6767648
     -17.63202877
     0.2485584648
      189.1750691
      495.6488682
     -77.09148662
     -14.98164286
   -0.04295389756
     -63.61319717
     -107.9962255
     -257.7119116
     -16.85514933
   0.004644454807
      11.49948403
     -357.4980813
     -144.5762433
     -27.46987797
 -0.0002235227091
     0.3346251330
      422.1817791
      296.6481041
     -32.25856505
 -2.594472369E-05
    -0.9918333898
     -258.8365898
      373.5343525
     -15.85218614
    0.05000000000
     0.1000000000
     0.1500000000
     0.2000000000
     0.2500000000
   Q=    0.0000
