    -0.1112003672
    0.09714737513
   -0.03587119639
   0.005315856426
 -0.0001372371511
    -0.4909610876
     0.1866518794
   -0.02444240256
  -0.003084141046
  0.0007434053426
     -2.022913819
     0.3254308509
   -0.01263749351
  -0.005677130183
  0.0006084450678
     -2.852486565
    -0.1559961151
     0.1134459995
   -0.01800324272
  0.0009206431028
    -0.4906886155
     -1.083581673
     0.1539591438
  -0.004398283713
 -0.0001263916785
     0.7887237161
     -2.079438390
   -0.03319596131
    0.02293579844
   0.002031548825
    -0.3331391777
     -2.397823444
    -0.7341241500
    0.02913343728
    0.01526457408
    0.05316321676
     0.5624815398
     -1.903794168
    -0.1308415467
    0.05665432279
   0.004546156799
      1.610863833
     -2.166562836
    -0.6146984376
     0.1433400521
  -0.004454366260
     -1.745262202
    -0.5053624993
     -1.237199632
     0.2809143383
   0.001181632518
     0.8963750053
      1.734034738
     -1.373452552
     0.4493941450
 -0.0001879896496
    -0.2714370411
     0.4777679186
    -0.5372195316
     0.5815676265
  1.822096602E-05
    0.03911418415
     -2.424071433
     0.5666625132
     0.5716026837
 -4.791414940E-07
   0.006633216447
      2.409399008
     0.8763014578
     0.3668430321
 -1.906157892E-07
  -0.005988669418
     -1.422025803
     0.6564166602
     0.1074525078
    0.05000000000
     0.1000000000
     0.1500000000
     0.2000000000
     0.2500000000
   Q=    0.0000
