    -0.1159738671
     0.1028854532
   -0.03917240072
   0.006266448142
 -0.0002458447445
    -0.5355625407
     0.2116926360
   -0.03320320178
  -0.001407921665
  0.0006146336335
     -2.263138982
     0.3969863915
   -0.03127786555
  -0.002542373251
  0.0003825090716
     -3.537819758
   -0.03275100335
    0.08656098619
   -0.01450408659
  0.0008597989550
    -0.4908634810
    -0.9935635900
     0.1225189729
  -0.003840749162
  0.0006083659956
     0.9155401212
     -2.026322626
   -0.08764271411
   0.006719321502
   0.004873787661
    -0.3808335290
     -2.827743611
    -0.8470851214
   -0.05462494160
    0.01991067828
    0.05562344030
     0.2326511076
     -2.246949028
    -0.4029848885
    0.04906664315
   0.007542813611
      2.254542342
     -2.671897751
     -1.263144547
    0.06779814043
  -0.005683636487
     -2.219081222
    -0.7644267341
     -2.270785131
    0.01312881260
   0.001446029238
      1.096913571
      1.952269591
     -2.289057609
    -0.1570105177
 -0.0002238042884
    -0.3209340253
     0.8856507165
    -0.5447834065
    -0.3644157810
  2.076021075E-05
    0.04187408184
     -3.214182201
      1.331133334
    -0.4195114473
 -3.437936024E-07
    0.01017885857
      3.105213564
     0.9108539962
    -0.2588592158
 -2.627541539E-07
  -0.007886307559
     -1.825805557
   -0.06267855984
   -0.07071406728
    0.05000000000
     0.1000000000
     0.1500000000
     0.2000000000
     0.2500000000
   Q=    0.0000
