      0.000000000
      0.000000000
      0.000000000
      0.000000000
      0.000000000
     -50.19230947
      33.91382606
     -15.61631084
      4.251046905
    -0.5074613466
     -165.0636213
      78.90807699
     -31.57261975
      7.528751956
    -0.7753488275
     -28.71378109
      156.4336485
     -63.90863831
      13.68793854
     -1.268449535
      91.11309514
      345.1249130
     -104.1626002
      18.61220490
     -1.573289900
     -18.05036724
      338.3638045
     -83.86057289
      14.94727567
     -1.397763969
      4.691670757
     -143.1961454
      31.88867772
     -3.523477157
    -0.2610412743
    -0.7759745233
      14.34601837
      213.8901655
     -51.78253684
      2.810673623
    -0.1262599733
     -16.65100324
      336.6802036
     -140.6053559
      7.913829581
     0.1278217344
      44.18212324
     -109.8226420
     -240.6770246
      13.55387388
   -0.04072356393
     -35.35467758
     -379.3687788
     -253.4598695
      18.13304562
   0.007721477156
      15.14337520
      390.9695257
      12.37049087
      25.49370855
 -0.0009666831519
     -4.088573741
     -193.0029238
      308.2532790
      45.69885420
  7.572995882E-05
     0.6907990390
      60.72867199
     -42.63204322
      60.72729025
 -1.651519911E-06
   -0.04551721309
     -14.13254716
     -355.2754528
      33.89574848
    0.05000000000
     0.1000000000
     0.1500000000
     0.2000000000
     0.2500000000
   Q=    0.0000
