      0.000000000
      0.000000000
      0.000000000
      0.000000000
      0.000000000
     -93.09745474
      53.53293573
     -20.05560281
      4.355481539
    -0.4073040435
     -289.7541433
      88.32053812
     -22.39293802
      3.159521893
    -0.1170469126
     -154.5917196
      85.87317496
     -18.96527415
     0.1986259812
     0.4323688226
      320.4117266
      139.7544799
      12.61282228
     -14.86306856
      2.375234515
     -124.3177000
      162.6510995
      164.6461079
     -55.87149033
      6.313153331
      26.26146842
      277.6107965
      466.7269115
     -123.1835155
      12.04634873
      2.774098265
      276.7719024
      804.8336512
     -198.2296062
      18.30542705
     -3.290204759
     -478.3839511
      591.6152608
     -223.8488603
      21.40871678
      1.110428632
      364.0238123
     -333.4868289
     -174.0981877
      17.05325900
    -0.2346627539
     -172.9950532
     -465.9973812
     -37.86437217
     0.8649747600
    0.03348082614
      52.29595651
      340.0015023
      144.5124556
     -20.22551295
  -0.002910982419
     -8.268991978
      88.47140084
      121.9775444
     -28.68520620
  2.524753867E-05
    -0.7584104168
     -242.6099782
     -162.8354171
     -19.17384023
  4.052631698E-05
     0.9446845946
      176.4537637
     -209.8062451
     -5.948433954
    0.05000000000
     0.1000000000
     0.1500000000
     0.2000000000
     0.2500000000
   Q=    0.0000
