      0.000000000
      0.000000000
      0.000000000
      0.000000000
      0.000000000
     -5.391308732
      2.254413295
    -0.4090053522
   -0.01757811571
    0.01234851654
     -16.10228589
      1.982599369
     0.4637082629
    -0.2642834852
    0.03628487441
     -22.66628443
     -1.167956293
      1.883545649
    -0.5969497553
    0.06975280883
      12.82907297
     -5.887185085
      4.727375904
     -1.323513165
     0.1354332644
     -3.050920465
     -2.417082712
      10.31668809
     -2.538451378
     0.2183336072
     0.2393180570
      3.082000052
      19.70894565
     -4.069005932
     0.2974088222
     0.1447381175
      10.06065613
      24.58414749
     -5.340092540
     0.3236641579
   -0.06385164772
     -8.840457243
      11.46188106
     -6.671474365
     0.1765128473
    0.01631124789
      5.169591734
     -16.32126518
     -8.756365825
    -0.4785842467
  -0.003218426708
     -2.519327559
     -10.22816790
     -8.968162879
     -2.000630660
  0.0004977051143
     0.9381245281
      18.74569837
    -0.6913234770
     -3.929955383
 -5.845321476E-05
    -0.2567399436
     -12.20921581
      8.469885896
     -4.519412033
  4.810604137E-06
    0.04981685325
      4.992805217
   -0.09069880708
     -2.833757936
 -1.825520983E-07
  -0.005701509470
     -1.397730396
     -8.339766671
    -0.7309849481
    0.05000000000
     0.1000000000
     0.1500000000
     0.2000000000
     0.2500000000
   Q=    0.0000
