     0.3232852483
    -0.2663500921
    0.08923619764
  -0.009988407975
 -0.0003152981221
      1.284885353
    -0.4527362745
    0.03121969083
    0.01843099229
  -0.003040010887
      5.522420123
    -0.7493764015
   -0.04683317814
    0.03654292440
  -0.003537152061
      5.258273808
     0.9179071576
    -0.4866757533
    0.08193414269
  -0.002905872162
    -0.9221708850
      2.785242683
    -0.6927483051
    0.03265195371
    0.01127567679
    -0.3894297356
      3.811949008
    -0.7326932674
    -0.1649458405
    0.04944258815
     0.3121727212
      3.027766430
    -0.1467817442
    -0.7707401704
     0.1389830164
   -0.07067088259
     -2.562053252
      1.287294091
     -1.901470359
     0.2974971540
   0.001066904152
    -0.4201174450
      1.977882294
     -3.148036729
     0.5427385382
   0.003537111104
      1.340505800
     0.6388554855
     -3.258902387
     0.9015147826
  -0.001087502843
    -0.8087181204
     -2.253277039
    -0.8860004432
      1.410564689
  0.0001806237540
     0.2547018614
    -0.4111889637
      2.624672905
      2.004901675
 -1.751960088E-05
   -0.03476523700
      2.642237754
      2.656414727
      2.312106148
  4.080455648E-07
  -0.007469024378
     -2.468038629
     -2.279467537
      1.830565325
  1.896872298E-07
   0.005836224105
      1.320078075
     -4.174031357
     0.7200195799
    0.05000000000
     0.1000000000
     0.1500000000
     0.2000000000
     0.2500000000
   Q=    0.0000
