     0.2953643933
    -0.2652292133
     0.1025259137
   -0.01689480148
  0.0007350028210
      1.378091863
    -0.5502577682
    0.09058188748
   0.002256635657
  -0.001513704954
      5.663997917
     -1.033101389
    0.09530219296
   0.004277886301
  -0.001115807578
      9.007212467
   -0.06253920425
    -0.1878373773
    0.03947710731
  -0.003684009674
      1.092288748
      2.206343625
    -0.2989809131
    0.03508541254
  -0.007037845773
     -2.250513224
      4.668249804
     0.1504813734
    0.07011881747
   -0.02801388158
     0.9333642555
      6.933685979
      1.943032104
     0.3684190503
   -0.08948005591
    -0.1315129016
    -0.1349934893
      5.501855522
      1.517583965
    -0.2110027418
   -0.02082267923
     -5.955639856
      6.904265290
      4.047546106
    -0.3459709441
    0.01456214518
      5.686343597
      2.202801529
      6.748263514
    -0.3531850158
  -0.003655269700
     -2.776782482
     -4.988965115
      6.283904499
    -0.1346032853
  0.0005610010416
     0.8043066259
     -2.337897119
     0.9024284776
     0.1609511799
 -5.136760164E-05
    -0.1019803494
      8.234287112
     -4.016458518
     0.2158549687
  6.975248630E-07
   -0.02711205739
     -7.941367427
     -2.012781026
    0.03256425325
  6.855031010E-07
    0.02034039167
      4.678752049
     0.7413257923
   -0.04226460451
    0.05000000000
     0.1000000000
     0.1500000000
     0.2000000000
     0.2500000000
   Q=    0.0000
