      0.000000000
      0.000000000
      0.000000000
      0.000000000
      0.000000000
  7.964316463E-05
 -3.991045714E-05
  1.184358683E-05
 -1.814436019E-06
  1.007146803E-07
  0.0003792946007
 -7.703606140E-05
  8.668393002E-06
  2.198682996E-07
 -9.246494316E-08
  0.0009645737665
 -3.012313374E-05
 -1.265292008E-05
  1.991218692E-06
  6.050960329E-08
  0.0001801982351
  0.0002863639243
 -3.966199885E-05
 -2.349384936E-06
  8.986824821E-07
 -0.0002262391272
  0.0007378773971
  2.107959008E-05
 -2.490587651E-05
  2.708270792E-06
  8.243684456E-05
   0.001109969015
  0.0003138363424
 -6.889640851E-05
  4.424160883E-06
 -2.116529940E-06
  7.144722560E-05
  0.0009120552731
 -9.968045713E-05
  2.998146907E-06
 -6.935274722E-06
  -0.001024807762
   0.001168312357
 -2.518657897E-05
 -4.175771721E-06
  2.771368325E-06
  0.0009231832748
  0.0002617530375
  0.0001851723159
 -1.295535376E-05
 -6.032454347E-07
 -0.0004349745757
  -0.001044397532
  0.0003870893025
 -1.236641880E-05
  8.296033735E-08
  0.0001177886224
 -0.0001519314050
  0.0003245331686
  6.638115363E-06
 -6.044829360E-09
 -1.040604674E-05
   0.001227063578
 -1.499187762E-05
  3.519613914E-05
 -2.726482771E-10
 -6.446447540E-06
  -0.001235866634
 -0.0004263727965
  4.907838700E-05
  1.587321774E-10
  3.794420281E-06
  0.0007274500197
 -0.0005101801868
  2.887636235E-05
    0.05000000000
     0.1000000000
     0.1500000000
     0.2000000000
     0.2500000000
   Q=    0.0000
