      0.000000000
      0.000000000
      0.000000000
      0.000000000
      0.000000000
   -0.09085184146
   -0.01004524856
    0.02397280032
  -0.005385631795
 -0.0001582486667
    -0.5108280761
    -0.1592273068
    0.06737468865
   0.005708754041
  -0.003891920418
     -2.580143822
    -0.8380783594
    0.03987977999
    0.07892362382
   -0.01453254599
     -3.580263457
     -3.160156067
    -0.5339497767
     0.3115835819
   -0.03423475428
      2.023992178
     -6.855386424
     -2.921835955
     0.7746086736
   -0.05353301764
    -0.6169335913
     -7.596222362
     -8.145605625
      1.278529160
   -0.04269472202
   0.002486351836
     -1.668171875
     -13.49300918
      1.284610477
    0.04230069742
    0.05402302665
      7.814155729
     -10.94599291
     0.4510737559
     0.2483820762
   -0.02104921194
     -6.927948421
      3.159411652
    -0.5987719133
     0.6251830275
   0.004661607719
      3.412498137
      9.435970668
    -0.9432611357
      1.176134838
 -0.0006719342180
     -1.017337916
     -4.320749767
     -1.285206745
      1.679057124
  5.662132084E-05
     0.1422995742
     -4.476334102
     -1.159871270
      1.632621026
  2.142541893E-07
    0.02692228772
      6.675915834
      2.473172491
     0.8884265018
 -9.644139067E-07
   -0.02307763129
     -4.426508202
      4.560631846
     0.1665772606
    0.05000000000
     0.1000000000
     0.1500000000
     0.2000000000
     0.2500000000
   Q=    0.0000
