     0.2319584057
    -0.1803306808
    0.05192860220
  -0.002413687284
 -0.0008219874725
     0.9490276455
    -0.2807452720
   -0.01537059459
    0.02259824021
  -0.002636935235
      4.465209464
    -0.3296112616
    -0.1501858905
    0.04172506204
  -0.001947710536
      6.160435977
      1.666494277
    -0.5774722345
    0.04749451462
   0.004284779936
      3.245822719
      5.394707559
    -0.5918184927
    -0.1074213058
    0.02608805059
     -2.852079453
      9.169328914
     0.5259768459
    -0.5099288399
    0.06640840422
      1.159749348
      7.320887413
      3.456496169
     -1.261010885
     0.1282209980
    -0.2154811752
     -4.333829501
      6.589784577
     -2.239192745
     0.1924756217
  0.0007975635790
     -2.688276392
      5.282317602
     -2.992721851
     0.2190316551
    0.01076175080
      4.268175663
    -0.6299249106
     -2.580687616
     0.1747531124
  -0.003263902886
     -2.465065724
     -4.869129847
     0.1327551994
     0.1322013323
  0.0005617019039
     0.8230501164
     0.3168045464
      3.640200149
     0.3043728544
 -6.104638569E-05
    -0.1497548701
      5.014471778
      2.710575743
     0.7185287460
  3.077897345E-06
  -0.003144081527
     -5.470249483
     -3.836317175
     0.9010856652
  3.036329214E-07
    0.01224398136
      3.270095023
     -5.909080851
     0.4729028299
    0.05000000000
     0.1000000000
     0.1500000000
     0.2000000000
     0.2500000000
   Q=    0.0000
