     0.2580698752
    -0.2324260189
    0.09489462918
   -0.01754889224
  0.0009033443163
     0.6839807636
    -0.3491956188
    0.08841630769
  -0.003276456303
  -0.002135986576
      1.062772265
    -0.8257457557
     0.2300536271
   0.002429795297
  -0.007554335310
     -10.35047564
     -1.882658900
     0.1935181941
     0.1477066642
   -0.02798790785
     -16.55790310
     -9.644249195
    -0.5089175859
     0.5361940677
   -0.05455758980
      11.04682672
     -20.99349707
     -5.094915160
      1.220048821
   -0.05641109448
     -3.845973699
     -21.18337166
     -14.77955925
      1.296413087
    0.03664201791
     0.6015148561
      3.830610391
     -23.87859060
    -0.8395881085
     0.2278662098
    0.03083292976
      15.42117603
     -18.25833198
     -6.165973227
     0.3355923845
   -0.04102546232
     -16.38648975
      2.067915056
     -12.08222863
   -0.06256899891
    0.01130438579
      8.598928142
      12.97065464
     -12.81948118
     -1.287111358
  -0.001874017216
     -2.755692243
      1.096220836
     -4.487743203
     -2.941379214
  0.0001983695476
     0.4840456759
     -17.39320571
      6.801354570
     -3.683689992
 -9.232531796E-06
    0.01860377857
      18.92936032
      6.758830390
     -2.577195389
 -1.177110798E-06
   -0.04448485765
     -11.78041532
     0.5547657735
    -0.8008136428
    0.05000000000
     0.1000000000
     0.1500000000
     0.2000000000
     0.2500000000
   Q=    0.0000
