      0.000000000
      0.000000000
      0.000000000
      0.000000000
      0.000000000
      2.405074934
    -0.9922675924
     0.1839522432
  0.0002997629533
  -0.003235587617
      8.681315845
     -1.012325893
    -0.1797041740
    0.08638222458
  -0.008993788707
      17.79786349
      1.137804273
    -0.7946714795
     0.1452748523
   -0.01123449665
     -2.038394733
      7.183035631
     -1.368186577
     0.1939645549
   -0.02162789030
     -1.380107606
      10.48571561
    -0.7597112991
     0.3097047499
   -0.05726298511
     0.7720557974
      9.251356917
      1.439671453
     0.9555420266
    -0.1478500249
   -0.06016972477
     -1.353358229
      5.873106099
      2.945859927
    -0.2785065115
   -0.05445758831
     -8.263531135
      9.492490451
      7.001540587
    -0.2952495176
    0.02447430581
      8.196307873
      5.368279671
      11.39937393
     0.1388898310
  -0.005486379333
     -3.898515856
     -7.252799606
      10.53049483
      1.219320456
  0.0007568212006
      1.025373966
     -5.673170378
     0.8690503616
      2.408601460
 -5.281664637E-05
   -0.06369531012
      14.83199943
     -7.577114155
      2.564381349
 -3.408884998E-06
   -0.07410498451
     -13.72509393
     -2.325159637
      1.445978363
  1.654353570E-06
    0.04044226532
      8.015800763
      3.177548623
     0.3316776967
    0.05000000000
     0.1000000000
     0.1500000000
     0.2000000000
     0.2500000000
   Q=    0.0000
