      0.000000000
      0.000000000
      0.000000000
      0.000000000
      0.000000000
      127.1572154
     -75.11622303
      29.54070586
     -6.931523694
     0.7305696232
      165.9950799
     -79.42583263
      31.87527405
     -7.705635075
     0.8162859620
     -253.2919891
     -132.3360735
      69.91211005
     -17.23647094
      1.789033223
      166.6344404
     -258.6985272
      121.4017801
     -29.95465630
      3.068360723
     -69.23608138
      16.75529708
      196.2319641
     -58.27148513
      5.861467302
      19.43165707
      454.5362768
      374.5763669
     -112.5475271
      10.24056622
    -0.5789655788
     -55.72559529
      515.2900970
     -192.1690587
      16.02795832
     -1.235653718
     -158.9534347
      225.7258776
     -292.8736265
      21.73111367
     0.4904673446
      155.4423079
     -241.4258511
     -360.5150047
      24.09120174
    -0.1098559374
     -80.33413452
     -199.8596792
     -218.0079995
      24.72181053
    0.01613058667
      25.18599798
      163.8883659
      164.5583609
      37.56544090
  -0.001435859899
     -4.115694990
      41.08219813
      301.3486511
      67.05335531
  1.982592307E-05
    -0.2820528225
     -107.3288723
     -150.6681538
      77.46915960
  1.778338113E-05
     0.4068407724
      71.46539213
     -384.1111480
      39.06785440
    0.05000000000
     0.1000000000
     0.1500000000
     0.2000000000
     0.2500000000
   Q=    0.0000
