      0.000000000
      0.000000000
      0.000000000
      0.000000000
      0.000000000
     0.1536430033
   -0.04664997449
  -0.004593462705
   0.006629830642
  -0.001215711417
     0.4986797506
  -0.004581564665
   -0.05505795008
    0.02096101930
  -0.002587078068
     0.8092565851
     0.1678941495
    -0.1689863264
    0.05000467506
  -0.004874368579
     -1.567811170
     0.3247539212
    -0.4484510669
     0.1078995911
  -0.006427490896
     0.6748072330
    -0.7122658264
     -1.151949151
     0.1812348915
  0.0008677659675
    -0.1555907214
     -2.207076701
     -2.712018398
     0.1586664357
    0.03544028895
   -0.01295202897
     -1.223232431
     -4.336841083
    -0.2016214542
     0.1251943976
    0.01818198881
      2.613445574
     -3.234710528
    -0.8968830776
     0.3026960971
  -0.006241439152
     -2.046546184
      1.388284146
     -1.232357208
     0.6135624965
   0.001322765918
     0.9724393952
      2.562204438
    -0.4977697282
      1.087118205
 -0.0001890602376
    -0.2934417804
     -1.734018144
     0.4275962696
      1.585480146
  1.651360012E-05
    0.04631575412
    -0.5858670250
     0.2953099949
      1.700260346
 -1.456082274E-07
   0.004535301943
      1.438818214
     0.1581696636
      1.151817036
 -2.335387991E-07
  -0.005541884085
     -1.065881388
     0.5189775507
     0.3631724781
    0.05000000000
     0.1000000000
     0.1500000000
     0.2000000000
     0.2500000000
   Q=    0.0000
