      0.000000000
      0.000000000
      0.000000000
      0.000000000
      0.000000000
      15.10044468
     -5.445032985
     0.4253532346
     0.2869270254
   -0.06336289544
      51.34532788
     -3.549935184
     -2.948080006
      1.174604953
    -0.1429743999
      99.37369764
      11.18510611
     -9.510352852
      2.568865714
    -0.2700300636
     -54.01442127
      41.23818507
     -21.65567305
      5.271547622
    -0.4942459143
      13.76683684
      23.06452348
     -42.39365699
      9.806877670
    -0.7799943623
     -1.344519817
     -29.10509766
     -80.60106212
      15.94962223
     -1.029218068
    -0.5958517921
     -38.64895777
     -105.6371285
      21.12034852
     -1.039617771
     0.2883968507
      39.50412491
     -47.76334909
      26.42057995
    -0.4700461266
   -0.07558970825
     -23.88976320
      69.22571636
      35.75294296
      1.669341674
    0.01481437055
      11.38162284
      37.81719391
      36.01407776
      6.377672910
  -0.002226524897
     -4.054883528
     -70.50103107
   -0.03251544109
      11.68290672
  0.0002477408338
      1.038335952
      43.56781699
     -34.30078666
      12.03116726
 -1.796160077E-05
    -0.1765263494
     -15.96762031
      2.969740779
      6.197616467
  2.424405112E-07
    0.01157694435
      3.476248692
      32.84859326
      1.019997864
    0.05000000000
     0.1000000000
     0.1500000000
     0.2000000000
     0.2500000000
   Q=    0.0000
