      0.000000000
      0.000000000
      0.000000000
      0.000000000
      0.000000000
    -0.2811496675
    0.08147316594
   0.004552571425
  -0.007033416141
  0.0008981308498
     -1.119253944
  -0.007312772334
    0.07766583234
   -0.01558569608
  0.0002496364343
     -2.895477719
    -0.5790376862
     0.1761604511
  -0.002114876787
  -0.003478086844
    -0.4906806357
     -2.152981367
     0.1132699720
    0.07268896190
   -0.01228246291
     0.5833445916
     -3.376654900
    -0.6030891901
     0.2501879175
   -0.02744699942
    -0.2342660548
     -2.702029866
     -2.160988890
     0.4977957627
   -0.04984975775
    0.01377263475
     0.1316086277
     -3.831126451
     0.6856394346
   -0.08897774959
    0.01655697989
      2.431699815
     -3.497605153
     0.5853605137
    -0.1759697311
  -0.007221836960
     -2.389463532
     0.2800656246
    0.04346750231
    -0.3711647950
   0.001642524485
      1.190893465
      3.072545388
    -0.7366790630
    -0.7186500447
 -0.0002353986772
    -0.3432954420
    -0.4318777640
     -1.130775539
     -1.127073043
  1.868684118E-05
    0.03905689149
     -2.687250561
    -0.3591067829
     -1.303901301
  4.281330400E-07
    0.01440425807
      3.046367653
      1.287806045
    -0.9832405307
 -4.008563428E-07
  -0.009667576862
     -1.866500675
      1.572661993
    -0.3629325609
    0.05000000000
     0.1000000000
     0.1500000000
     0.2000000000
     0.2500000000
   Q=    0.0000
