      0.000000000
      0.000000000
      0.000000000
      0.000000000
      0.000000000
      4.867240824
     -1.167120820
    -0.3796516345
     0.2763252920
   -0.04485129572
      14.61100260
      1.323694754
     -2.257738099
     0.7214796869
   -0.08161121522
      30.53705866
      9.032113452
     -5.752014477
      1.473218148
    -0.1455937556
     -25.98237559
      22.47189436
     -12.39731818
      2.805369939
    -0.2287966999
      9.500751244
      9.240554734
     -24.02432363
      4.513566123
    -0.2738512749
     -1.675435669
     -31.22643581
     -45.69933361
      5.259073773
    -0.2419268120
    -0.3245988526
     -23.52978027
     -63.44569217
      1.642336908
    -0.3397886061
     0.2539531609
      36.30710780
     -34.80438696
     -6.744121711
     -1.407826582
   -0.07772471791
     -25.23266083
      29.22331160
     -11.73078562
     -4.579510651
    0.01566650656
      11.47697822
      22.31667438
     -6.424275868
     -9.873775882
  -0.002202574994
     -3.475649341
     -22.93869793
      1.613883208
     -14.93837850
  0.0001967563391
     0.5988675776
    -0.4222008173
      4.961813691
     -15.76961406
 -3.744383386E-06
    0.01968023234
      11.78957353
      1.199265375
     -10.42741136
 -2.280310436E-06
   -0.05270351207
     -10.02479064
     -4.939187424
     -3.192200249
    0.05000000000
     0.1000000000
     0.1500000000
     0.2000000000
     0.2500000000
   Q=    0.0000
