      0.000000000
      0.000000000
      0.000000000
      0.000000000
      0.000000000
     0.1780368289
   -0.05338429674
 -0.0003746968268
   0.003079637039
 -0.0003007629124
     0.7511209836
  -0.002396882249
   -0.04202229955
   0.005798598132
  0.0005378931149
      2.188237047
     0.3853845465
   -0.08683370212
   -0.01229608764
   0.003898085967
     0.8661318453
      1.615640588
    0.03738163191
   -0.08377203784
    0.01026582420
    -0.6860569394
      2.924475208
     0.8084601830
    -0.2297864691
    0.01666554560
     0.2382633584
      2.850959301
      2.513483420
    -0.3694757428
    0.01478400972
  -0.006083130672
     0.3529087068
      4.367865397
    -0.2987201297
  -0.002099088192
   -0.01959558445
     -2.867091750
      3.875044132
     0.1570947091
   -0.02802142287
   0.007934894178
      2.622512810
    -0.5290729168
     0.7868559941
   -0.04056546858
  -0.001766932726
     -1.284643759
     -3.301071696
     0.9914872081
   -0.02080029894
  0.0002523626393
     0.3728345309
     0.8224857346
     0.5885223464
    0.02538672614
 -2.042267788E-05
   -0.04595931312
      2.441623833
   -0.09842747680
    0.07782473431
 -3.262323981E-07
   -0.01350997943
     -2.988157596
    -0.9782585146
     0.1025513325
  4.060642783E-07
   0.009776865128
      1.892132052
     -1.197251997
    0.06120298068
    0.05000000000
     0.1000000000
     0.1500000000
     0.2000000000
     0.2500000000
   Q=    0.0000
