      0.000000000
      0.000000000
      0.000000000
      0.000000000
      0.000000000
     -15.72944221
      4.458035876
     0.8462679772
    -0.8739683175
     0.1632425744
     -27.92658010
     -2.829719934
      6.199497581
     -2.474068900
     0.3419203372
      34.73303587
     -11.61265133
      15.88203695
     -5.879141936
     0.7040368511
      112.4480302
      21.44199379
      43.01327132
     -13.30131637
      1.159759728
     -59.28169751
      126.3717398
      118.8237643
     -23.12617447
      1.080150493
      15.83535954
      208.0299811
      261.8114081
     -22.50694234
    -0.6725973426
     0.7923259950
      98.25834510
      384.8395833
      12.59963768
     -5.043863993
     -1.710148463
     -249.1519089
      282.9398119
      87.96980143
     -11.83267388
     0.6122422939
      201.4242869
     -93.39836679
      148.9050128
     -20.73014704
    -0.1310795573
     -95.54837287
     -224.3884465
      106.7517685
     -33.57233051
    0.01861673987
      28.14142104
      105.4949331
     -17.16940374
     -50.96103255
  -0.001566289461
     -3.990288261
      117.5778503
     -73.54949937
     -61.62042750
 -3.923617678E-06
    -0.7066104183
     -179.3238757
     -25.09109506
     -48.09912358
  2.634814463E-05
     0.6315134710
      122.9693630
    -0.8823727551
     -17.37063839
    0.05000000000
     0.1000000000
     0.1500000000
     0.2000000000
     0.2500000000
   Q=    0.0000
