      0.000000000
      0.000000000
      0.000000000
      0.000000000
      0.000000000
     -1.406735333
     0.7421852222
    -0.2447519475
    0.04552759030
  -0.003665614549
     -8.456885358
      1.963423526
    -0.3377176365
    0.03326839954
  -0.001900518338
     -26.93173872
      1.777144664
  -0.006384904678
    0.01284976341
  -0.007051438336
     -10.52437184
     -5.958488655
     0.5272727446
     0.1709341380
   -0.03352683981
      9.054412833
     -19.71191603
     -1.511588924
     0.8847451419
   -0.08744284818
     -2.815761802
     -36.02299562
     -10.94467226
      2.244726649
    -0.1286660256
   -0.06948845032
     -12.49616381
     -31.12338755
      3.041509331
   -0.04715437941
     0.2937925133
      43.81834065
     -41.55860765
   0.009299054713
     0.2495121067
    -0.1079333428
     -35.99711182
     -9.600094450
     -7.886634963
     0.5994681324
    0.02271099796
      16.32828826
      34.70868179
     -14.71385679
     0.5935747940
  -0.003052989905
     -4.303674336
      9.570042601
     -11.48658115
   -0.06582539742
  0.0002150626829
     0.3494212398
     -47.35114653
      1.991530235
     -1.065149646
  1.130935836E-05
     0.2476325730
      46.26379989
      14.79502453
     -1.542474795
 -5.971116808E-06
    -0.1416319869
     -26.97430256
      17.03178089
    -0.9529539840
    0.05000000000
     0.1000000000
     0.1500000000
     0.2000000000
     0.2500000000
   Q=    0.0000
