      53.49061803
     -45.65192717
      20.86203327
     -5.134202972
     0.5296010943
      142.7294026
     -92.88809431
      33.14800352
     -6.477097734
     0.5462071425
      843.5627849
     -263.1872171
      78.59881715
     -15.67220649
      1.437945699
     -875.9411827
     -203.2308985
      104.8110409
     -21.75080065
      1.772951718
     -202.0370760
     -740.6242507
      213.3129469
     -33.23669775
      2.224321948
      203.4244281
     -718.0283926
      192.9994278
     -28.22786868
      1.870287535
     -77.50294130
     -54.37640778
      112.9867970
     -21.62424422
      2.084882243
      12.73469432
     -41.13935172
     -170.1746824
     -4.253713196
      3.323468605
     0.8062457320
      391.9397538
     -600.6573103
     -24.81587102
      8.770005694
    -0.9799404854
     -401.9766346
     -261.5243594
     -107.5046185
      17.90099898
     0.2705609969
      210.4256257
      653.8950639
     -148.1488141
      30.27561939
   -0.04473271553
     -66.74790491
     -115.0146165
     -92.59745390
      45.88818584
   0.004676624016
      11.37983216
     -398.5080450
     -72.84820530
      51.81304299
 -0.0002052018433
     0.5875253863
      457.4439088
      164.5119662
      27.29212392
 -3.008821404E-05
     -1.094812742
     -279.2940365
      386.7315223
     0.2425818810
    0.05000000000
     0.1000000000
     0.1500000000
     0.2000000000
     0.2500000000
   Q=    0.0000
