    -0.1193764430
     0.1074174674
   -0.04343287550
   0.008027296301
 -0.0004781959796
    -0.3986253836
     0.1758381081
   -0.03640622739
   0.001209732426
  0.0004959732253
     -1.272685484
     0.3544826813
   -0.07206416564
   0.004260157642
  0.0007523844122
     0.6268887056
     0.2632042076
   -0.01548353419
   -0.02192778715
   0.004052720853
      2.395364130
      1.068055603
    0.07070311042
   -0.06656758124
   0.007412785114
     -1.423846305
      2.121746604
     0.6364968581
    -0.1451924151
    0.01001401735
     0.4591473698
      2.059688562
      1.711840032
    -0.1156670798
   0.009450109717
   -0.06552838745
     0.2239997606
      2.734782237
     0.2454108555
    0.03230658574
  -0.005491718229
     -2.218806942
      2.249741540
      1.116555153
     0.1630808135
   0.005178283548
      2.079720472
    -0.1973482365
      2.104602623
     0.5457499422
  -0.001373349908
     -1.049160649
     -1.461726546
      2.102464755
      1.235917672
  0.0002239358661
     0.3300464217
    -0.2005254106
     0.4323611174
      1.952119304
 -2.342743702E-05
   -0.05709771813
      2.096868624
     -1.410423714
      2.088077087
  1.057840056E-06
  -0.002514744222
     -2.274898929
    -0.5930143031
      1.356707607
  1.459738571E-07
   0.005416339532
      1.431926826
     0.8893907063
     0.4022523845
    0.05000000000
     0.1000000000
     0.1500000000
     0.2000000000
     0.2500000000
   Q=    0.0000
