    -0.3827745550
     0.3476777326
    -0.1404141668
    0.02577674032
  -0.001597799986
     -1.742314551
     0.7323273092
    -0.1427790614
   0.006469693031
  0.0007150358804
     -7.587376053
      1.480961370
    -0.2030141754
    0.02018348565
  -0.001886105001
     -12.90393240
     0.2509098487
    0.08391029106
   0.006515748634
  -0.001713287998
     -3.936953713
     -3.474658586
   -0.01391102058
    0.08822851823
  -0.001238907607
      4.601595029
     -8.856783242
     -1.444829991
     0.1545920236
    0.02835732439
     -1.799805489
     -13.05283028
     -5.505591519
    -0.2387343437
     0.1261909637
     0.2632334248
      1.146151389
     -11.44676912
     -2.133768533
     0.3075380008
    0.03110826943
      9.873437591
     -11.32445526
     -6.287068611
     0.4503769323
   -0.02489322668
     -9.748281131
     -1.989687309
     -10.62385330
     0.2538081352
   0.006402048387
      4.853623251
      7.715558401
     -10.17810474
    -0.5022056494
  -0.001002907129
     -1.444435631
      3.570981565
     -2.037166791
     -1.510911580
  9.567220645E-05
     0.2021389372
     -13.40439627
      6.421349237
     -1.887024472
 -2.230444577E-06
    0.03834794514
      13.15667884
      3.718061988
     -1.207243919
 -1.068087420E-06
   -0.03306901043
     -7.835933052
     -1.416900403
    -0.3222834766
    0.05000000000
     0.1000000000
     0.1500000000
     0.2000000000
     0.2500000000
   Q=    0.0000
