    0.01570493736
  -0.006638673281
  -0.002990579343
   0.002441587794
 -0.0003863169459
    0.09464321945
  -0.001151202110
   -0.02026603954
   0.006518566786
 -0.0004296634652
     0.6405723706
    0.07646748302
   -0.07174656328
    0.01134333227
  0.0001406732249
      2.002987450
     0.6237754201
    -0.1595389398
  -0.002425045489
   0.003576113517
      2.457903514
      2.182925281
   -0.09105995328
   -0.07460676398
    0.01078430167
     -1.709469231
      4.102357407
     0.6102966186
    -0.2306814497
    0.01888544738
     0.6243981004
      3.481474383
      2.204987992
    -0.4055089366
    0.01876154387
    -0.1062439019
     -1.356267271
      3.715732123
    -0.4261082931
  -0.003286480632
  -0.001979477101
     -1.948054136
      2.836824626
    -0.1278916116
   -0.06072602312
   0.006053980608
      2.422293067
    -0.4369424490
     0.4441751084
    -0.1539944527
  -0.001757604362
     -1.334933193
     -2.313656934
      1.052103642
    -0.2475728540
  0.0002989882635
     0.4409724841
     0.1611081806
      1.133155149
    -0.2584117115
 -3.254464736E-05
   -0.08129878962
      2.503981870
    0.07225641519
    -0.1409427138
  1.680285675E-06
 -0.0009713648072
     -2.818131212
     -1.438210303
   0.006145593857
  1.549503043E-07
   0.006394034548
      1.745509852
     -1.509599048
    0.04207992720
    0.05000000000
     0.1000000000
     0.1500000000
     0.2000000000
     0.2500000000
   Q=    0.0000
