   -0.09317881100
     0.1031955517
   -0.05321120013
    0.01389106693
  -0.001488110015
    -0.5705914746
     0.3008524920
    -0.1010732318
    0.01953054514
  -0.001632430692
     -1.856379839
     0.7067943963
    -0.2326206369
    0.04635507148
  -0.003811629679
     -1.826392741
      1.420168627
    -0.4351635366
    0.06170776346
  -0.002295177742
      13.27908319
      3.465242210
    -0.6764521010
    0.02603671058
   0.004821313160
     -7.282023028
      9.878194509
    -0.2499500869
    -0.1718149912
    0.01890069409
      2.277039163
      9.500420676
      2.903167054
    -0.5445983186
    0.02432731191
    -0.3288821351
     0.4154105210
      7.909763460
    -0.6113870052
   -0.01434276961
   -0.02426159884
     -10.41699485
      10.36703423
     0.3130092327
    -0.1175168962
    0.02455971516
      9.926569582
      1.970339344
      2.494076793
    -0.2558627465
  -0.006535432264
     -5.003432872
     -8.971151807
      4.158671565
    -0.3207284181
   0.001062959359
      1.561217178
    -0.9957552553
      3.197844497
    -0.2303348078
 -0.0001108750073
    -0.2666214419
      10.45519013
    -0.2079441305
   0.009162381952
  5.071012018E-06
   -0.01185093969
     -10.81875311
     -4.204911980
     0.2402228262
  6.526237959E-07
    0.02468153699
      6.497604785
     -5.251991559
     0.2136229979
    0.05000000000
     0.1000000000
     0.1500000000
     0.2000000000
     0.2500000000
   Q=    0.0000
