      0.000000000
      0.000000000
      0.000000000
      0.000000000
      0.000000000
 -0.0009007816858
  0.0004929390931
 -0.0001764468051
  3.771236246E-05
 -3.749603706E-06
  -0.007821000270
   0.001920854939
 -0.0003865215011
  5.673056084E-05
 -5.570134648E-06
   -0.03249667182
   0.002391464289
 -0.0001898568500
  7.746630799E-05
 -1.671024924E-05
   -0.01997853187
  -0.006828279091
  9.089986001E-05
  0.0003936623683
 -6.129006365E-05
    0.01446042544
   -0.02588377644
  -0.003710443685
   0.001555298580
 -0.0001408411665
  -0.004131419943
   -0.05069260923
   -0.01891032338
   0.003542370666
 -0.0001735011465
 -0.0002140425963
   -0.02649728549
   -0.04970725431
   0.004151232427
  3.397264492E-05
  0.0004744089108
    0.07089362246
   -0.06507147236
  -0.001809407802
  0.0006219612899
 -0.0001685750593
   -0.05623381332
   -0.01185777159
   -0.01522851116
   0.001287737934
  3.506762252E-05
    0.02525087091
    0.05322032139
   -0.02444210010
   0.001345839256
 -4.699078042E-06
  -0.006668265115
    0.01152685740
   -0.01577971809
  0.0004362060518
  3.336344805E-07
  0.0005718165560
   -0.06900532509
   0.006586352062
 -0.0008860934470
  1.635019565E-08
  0.0003644803559
    0.06870008276
    0.02104450496
  -0.001498503427
 -8.983793340E-09
 -0.0002126252640
   -0.04048066287
    0.02021823244
 -0.0009629522980
    0.05000000000
     0.1000000000
     0.1500000000
     0.2000000000
     0.2500000000
   Q=    0.0000
