      0.000000000
      0.000000000
      0.000000000
      0.000000000
      0.000000000
     0.4682023285
    -0.1721467030
    0.01947010410
   0.004712957243
  -0.001034078780
      1.747003449
    -0.1183354472
   -0.07282930521
    0.02185528864
  -0.001541261081
      4.004096361
     0.4945393144
    -0.2182271407
    0.02463809211
 -1.760847437E-05
   -0.05490926748
      2.213597056
    -0.2816213519
  -0.005467278063
   0.002971250739
    -0.4781799893
      3.306064765
     0.1621951746
   -0.07980550333
   0.005311768810
     0.2254880045
      2.577252865
      1.260618646
    -0.1157814478
   0.001561133970
   -0.01617785529
    -0.2941161743
      2.717824063
    0.06543883261
  -0.006740360375
   -0.01563394305
     -2.333791248
      3.120042006
     0.6761429647
   0.005010669043
   0.006996349112
      2.329896947
     0.6477568507
      1.555289949
    0.09531203411
  -0.001586864131
     -1.140838996
     -2.648337563
      1.802401940
     0.3057716164
  0.0002239737859
     0.3163454074
    -0.4995300458
     0.6440688946
     0.5525752141
 -1.684237024E-05
   -0.02897419506
      3.380601390
    -0.8452332423
     0.6253973552
 -6.768108649E-07
   -0.01744249356
     -3.430987230
    -0.9615188897
     0.4261875885
  4.307894432E-07
    0.01047312216
      2.051220915
    -0.4544338766
     0.1412668549
    0.05000000000
     0.1000000000
     0.1500000000
     0.2000000000
     0.2500000000
   Q=    0.0000
