      11.18587739
     -10.13099645
      5.051427671
     -1.399422534
     0.1673016140
      22.41099159
     -18.07481619
      8.142461534
     -2.052711850
     0.2219108622
      111.5625900
     -54.92274515
      22.91202607
     -5.525299169
     0.5590407620
     -381.7820483
     -76.15969953
      40.64519707
     -8.182339046
     0.6182505713
     -323.1506656
     -318.5139610
      77.11549303
     -8.876103420
     0.2819134555
      236.4722553
     -533.4382623
      44.66675531
      4.876496590
     -1.243933254
     -85.24349979
     -416.3424205
     -101.7977038
      35.81571631
     -4.292238712
      13.84139836
      115.9155688
     -348.5592950
      80.72880915
     -9.803549317
     0.6284788002
      334.2075015
     -432.5028575
      103.4602730
     -19.01310730
    -0.9253147742
     -370.2633975
     -72.53758786
      51.02249335
     -35.49691995
     0.2561232291
      194.9306954
      388.0492649
     -97.15140364
     -63.27023154
   -0.04212639313
     -61.42598811
      40.64893935
     -220.9567878
     -98.95102758
   0.004361365245
      10.19301134
     -446.8782251
     -102.8208924
     -119.7699459
 -0.0001843410031
     0.6914988147
      456.0523836
      240.9828657
     -96.97217657
 -2.926476152E-05
     -1.053346734
     -268.3801003
      333.1843323
     -39.19926955
    0.05000000000
     0.1000000000
     0.1500000000
     0.2000000000
     0.2500000000
   Q=    0.0000
