      0.000000000
      0.000000000
      0.000000000
      0.000000000
      0.000000000
      9.321023651
     -3.072995210
    0.02424121265
     0.2525758420
   -0.04732596868
      28.20341375
    -0.4230214882
     -2.395684153
     0.8030669823
   -0.08811172661
      50.33094352
      10.37098040
     -6.338729437
      1.494593132
    -0.1390822311
     -21.21381728
      30.69692704
     -12.50851625
      2.542427254
    -0.2033316267
      4.262012592
      27.66761928
     -20.20132262
      3.574215448
    -0.2328958989
     0.2584458358
     -4.393470059
     -30.93929414
      3.638739598
    -0.2351187789
    -0.3900827406
     -22.86615322
     -33.35918645
     0.8114030192
    -0.4182841055
     0.1002480609
      13.85367556
     -6.376481407
     -3.792954311
     -1.412751241
   -0.01497877289
     -4.490444699
      28.15689403
     -3.739029464
     -3.851421202
   0.001793092483
      1.474435913
   0.004276653603
      3.550082784
     -7.320585959
 -0.0002533730148
    -0.6671059719
     -23.17009715
      7.674796400
     -9.848087031
  4.645403401E-05
     0.3021742021
      24.15039645
      2.425941011
     -9.163791698
 -8.187737144E-06
    -0.1094349113
     -14.63919850
     -7.452016715
     -5.170456798
  1.166146070E-06
    0.03028066849
      6.060316411
     -12.02705374
     -1.203502687
    0.05000000000
     0.1000000000
     0.1500000000
     0.2000000000
     0.2500000000
   Q=    0.0000
