      0.000000000
      0.000000000
      0.000000000
      0.000000000
      0.000000000
     0.3823959137
    -0.1489274229
    0.02193855662
   0.002384852716
 -0.0007731714598
      1.422770471
    -0.1330200521
   -0.04615019253
    0.01742263762
  -0.001636306708
      3.170256742
     0.2823805072
    -0.1650446643
    0.02758104371
  -0.001717397995
    -0.3062000430
      1.475474876
    -0.2728723645
    0.02972819695
  -0.002347352131
    -0.2602332177
      2.101638543
    -0.1297944877
    0.02895444072
  -0.006069951817
     0.1422036194
      1.601900415
     0.3304503451
    0.09628304132
   -0.01837116759
   -0.01144521502
    -0.2509532034
      1.156476324
     0.3618560663
   -0.04046812735
  -0.009831975512
     -1.490710671
      1.816668201
     0.9652937268
   -0.05733851786
   0.004465861053
      1.495701799
     0.9148528068
      1.693917735
   -0.02836752977
  -0.001007515807
    -0.7187784626
     -1.493794264
      1.665808593
    0.07467768865
  0.0001398874630
     0.1915257487
    -0.8495436208
     0.2487289515
     0.1926124656
 -9.922959270E-06
   -0.01312152786
      2.602639529
     -1.085796495
     0.2014677486
 -5.883556233E-07
   -0.01312936946
     -2.454508167
    -0.5057804422
    0.09573666707
  2.983058497E-07
   0.007279892597
      1.436176255
     0.1970190988
    0.01500529803
    0.05000000000
     0.1000000000
     0.1500000000
     0.2000000000
     0.2500000000
   Q=    0.0000
