    0.08541658719
   -0.07343707565
    0.02719085372
  -0.004109805879
  0.0001048458557
     0.3146864161
    -0.1266450832
    0.01877896028
   0.002027687940
 -0.0006784740555
      1.183799094
    -0.2463986545
    0.02382556627
   0.004961984542
  -0.001243453108
     0.1430434939
   -0.07168293588
   -0.05425303448
    0.02736191304
  -0.003283361970
     -1.800183309
    -0.4965257085
    -0.1573998484
    0.05890300925
  -0.003868000580
     0.9787495592
     -1.414060886
    -0.6108851001
     0.1003551656
   0.001602912826
    -0.3081212566
     -1.404534185
     -1.446549107
    0.02992607061
    0.02570915628
    0.04604434181
    0.03676237624
     -2.014795173
    -0.3088363175
    0.07738157880
   0.002196381900
      1.226355279
     -1.274263845
    -0.9227574903
     0.1575746420
  -0.002999597185
     -1.216808340
     0.4135750534
     -1.401112283
     0.2542194930
  0.0008323016971
     0.6364957474
     0.7992595300
     -1.110514444
     0.3492125791
 -0.0001407017576
    -0.2098872085
    -0.1017441532
    0.01478535529
     0.4160504733
  1.561177535E-05
    0.04068763134
    -0.9783010092
     0.8835885055
     0.4138011639
 -8.866806931E-07
 -0.0007107524379
      1.192617024
     0.2585860880
     0.3038830100
 -5.767982519E-08
  -0.002703926591
    -0.7904221927
    -0.4432102013
     0.1164297834
    0.05000000000
     0.1000000000
     0.1500000000
     0.2000000000
     0.2500000000
   Q=    0.0000
