      0.000000000
      0.000000000
      0.000000000
      0.000000000
      0.000000000
      44.62035414
     -21.83465718
      6.077504330
    -0.7591982835
   0.008296798412
      132.2777728
     -28.77231332
      3.018409888
     0.5758410722
    -0.1641337947
      138.4967274
     -24.78562757
     -1.045960701
      2.284106561
    -0.4134064976
     -66.29341438
     -34.74031753
     -13.19375363
      7.588095478
     -1.066790474
      7.784121694
     -44.77644554
     -48.49969305
      19.22316916
     -2.183541264
     0.8599473804
      48.98507996
     -101.5850058
      40.23190337
     -3.581831904
    -0.3534214875
     -29.16978948
     -109.4145341
      75.64534077
     -3.671252148
   -0.02257052720
     -6.659514179
     -43.75247570
      128.2595651
      2.579397618
    0.02257778070
      8.629386717
      99.54720784
      169.7157995
      23.70164172
  -0.003163043351
    -0.4249937019
      74.00247869
      136.6978199
      63.29916030
 -0.0002038103163
     -1.959911543
     -152.9821243
     -14.84303012
      105.1410773
  0.0001731112186
      1.338344817
      128.1321451
     -137.0621612
      112.4998363
 -4.221194004E-05
    -0.5587271534
     -77.22718003
      14.46824219
      69.79292795
  7.021938782E-06
     0.1767795875
      37.37876898
      149.2792943
      18.57410995
    0.05000000000
     0.1000000000
     0.1500000000
     0.2000000000
     0.2500000000
   Q=    0.0000
