   -0.02907208047
    0.02763261187
   -0.01194243749
   0.002431458237
 -0.0001767158464
    -0.1154181536
    0.05294308694
   -0.01253743226
   0.001070985176
  3.929408159E-05
    -0.3981924608
     0.1073819821
   -0.02342814042
   0.002740636921
 -4.988614341E-05
    -0.3257860929
    0.08277772389
   -0.01271105198
  -0.001387350340
  0.0006377881157
     0.1945224978
    0.09029925236
  -0.007338231412
  -0.007771776600
   0.002072194047
   -0.04011387505
    0.02931000925
    0.01820114654
   -0.02786929754
   0.006799828305
   0.003082324913
    -0.1559914193
    0.01951210296
   -0.07079472893
    0.02032712696
 -0.0004217035864
    0.04599647522
   -0.03821819389
    -0.1523570521
    0.05738641371
  0.0003309986483
    0.03696022609
   -0.08709386374
    -0.2480560688
     0.1468012958
 -0.0001272492814
   -0.04445494331
   -0.09919989891
    -0.2575796563
     0.3279038248
  2.676824962E-05
    0.02002592474
    0.07042275521
   -0.09241686270
     0.6088357195
 -3.228228139E-06
  -0.004103024746
    0.06115994260
     0.1400742089
     0.8871362351
  9.152929498E-08
 -0.0005442914394
    -0.1295307084
     0.1309460764
     0.9411057734
  5.405101410E-08
  0.0007859074507
     0.1158343021
   -0.01935809579
     0.6394978527
 -1.423247126E-08
 -0.0003430565230
   -0.06585618117
    0.04373096321
     0.2064760781
    0.05000000000
     0.1000000000
     0.1500000000
     0.2000000000
     0.2500000000
   Q=    0.0000
