     0.3118167424
    -0.4717064995
     0.2198650047
   -0.03006767712
  -0.001549533899
      20.87459104
     -8.772292885
      1.715477567
   -0.01336113507
   -0.03156449622
      98.61228941
     -14.40353396
     -1.271546642
      1.164977042
    -0.1784592616
      171.2078771
     -6.917197078
     -8.854137068
      3.831543234
    -0.5329678491
     -116.4137306
     -16.25794934
     -31.54057677
      12.47042592
     -1.502976515
      36.78223212
     -119.9768524
     -94.13936574
      32.00895659
     -3.273277507
     -11.79234401
     -98.87844962
     -196.7577838
      65.89352819
     -5.983378170
      3.391518890
      162.0982527
     -177.4830698
      115.7591960
     -9.181011721
    -0.7808572122
     -115.1489706
      92.74648695
      185.8223281
     -10.95976105
     0.1312141455
      50.45643474
      196.1666433
      230.6803377
     -8.088929561
   -0.01240757036
     -10.82816405
     -94.04566963
      126.1973177
     -2.994965092
 -0.0004702836407
     -1.259526180
     -71.92871118
     -89.59019690
     -7.197373033
  0.0004371644397
      2.048179175
      121.8652495
     -111.3749493
     -21.16286107
 -9.731148520E-05
    -0.9517596962
     -91.52224602
      54.57186488
     -23.38705498
  1.451219492E-05
     0.2965799390
      46.84609634
      56.62985111
     -8.818631185
    0.05000000000
     0.1000000000
     0.1500000000
     0.2000000000
     0.2500000000
   Q=    0.0000
