      0.000000000
      0.000000000
      0.000000000
      0.000000000
      0.000000000
      29.05014492
     -16.60439300
      6.288358251
     -1.445677330
     0.1551309206
      24.52337184
     -11.65131328
      5.295260183
     -1.577544418
     0.2149794582
     -65.53618513
     -19.55783196
      15.16957115
     -4.930481591
     0.6568842488
      80.69003251
     -34.13043234
      34.06930860
     -11.78002107
      1.544162754
     -34.58733211
      46.13439952
      80.29769789
     -28.64900815
      3.553036580
      9.129410480
      158.6935066
      176.1126888
     -58.67374116
      7.115404851
     0.1254024227
      20.50029472
      255.6755025
     -96.48928161
      12.93922418
    -0.7873348884
     -109.7498015
      138.4518592
     -124.4907989
      21.78804795
     0.2921883540
      94.31302056
     -114.7843696
     -114.0658940
      34.15645290
   -0.06397556590
     -46.74321011
     -108.4565311
     -31.17758889
      49.07930915
   0.009274702102
      14.32426818
      79.65113261
      82.74453538
      62.39014082
 -0.0008102398728
     -2.237025435
      35.35274985
      68.55892474
      63.78056229
  6.612528615E-06
    -0.2317237095
     -72.23996171
     -71.31232886
      43.84723658
  1.133992675E-05
     0.2658281403
      49.59405094
     -89.73218921
      14.48013162
    0.05000000000
     0.1000000000
     0.1500000000
     0.2000000000
     0.2500000000
   Q=    0.0000
