     -4.028905009
      3.059201085
    -0.8779657310
    0.05248051646
    0.01116734681
     -16.06721785
      4.932247811
    0.01803286582
    -0.3036616680
    0.04053068732
     -74.41702789
      7.513057266
      1.547789779
    -0.5877248789
    0.04568861043
     -97.48799903
     -19.03410981
      7.561772822
    -0.8922810257
 -0.0004394125431
     -40.59057388
     -65.98604638
      8.258412615
     0.7656577075
    -0.2412329513
      39.79046442
     -117.8683243
     -4.839209449
      5.569393712
    -0.7559877632
     -16.29657017
     -111.3979904
     -43.89245258
      15.44814466
     -1.729336303
      2.914058126
      54.89162081
     -91.52194586
      28.75506523
     -3.220563380
    0.04859194578
      47.33971564
     -76.89396387
      38.18377861
     -5.307281933
    -0.1671572740
     -65.71537512
      2.396887464
      29.59177507
     -8.244765263
    0.04841255805
      36.44600730
      65.36079027
     -11.94546875
     -12.86293523
  -0.008096474205
     -11.72117858
      10.82770564
     -56.67122815
     -19.72227727
  0.0008434848296
      1.952987726
     -88.25010838
     -30.16287859
     -24.98585445
 -3.536137425E-05
     0.1409268312
      89.39148383
      57.82577368
     -21.09964298
 -5.777636485E-06
    -0.2062791748
     -52.17023914
      75.42039931
     -8.647840600
    0.05000000000
     0.1000000000
     0.1500000000
     0.2000000000
     0.2500000000
   Q=    0.0000
