      0.000000000
      0.000000000
      0.000000000
      0.000000000
      0.000000000
     -42.57002640
      21.42568687
     -6.421477137
     0.9976931958
   -0.05353311459
     -108.0333366
      25.59222512
     -4.135943126
     0.1361048957
    0.04763857115
     -72.83310834
      25.28376922
     -4.594019219
   -0.07778989644
     0.1131410961
      28.28495612
      43.26083190
     -2.020429668
     -2.190139511
     0.4138476705
      1.943983021
      24.87075064
      12.76405945
     -7.008232483
     0.9586966432
     -2.698403954
     -79.82025724
      27.90169706
     -16.21899113
      1.954936094
     0.3232422948
      26.27370470
      16.80146453
     -35.18378008
      3.348073581
     0.1453474759
      21.17329227
      3.581560062
     -67.26492732
      4.013320260
   -0.06884982385
     -22.80824671
     -42.76683563
     -94.06539512
      1.608889794
    0.01436966431
      9.221998320
     -27.39512439
     -79.94213145
     -5.084251867
  -0.001691314441
     -1.528980928
      84.56280440
      2.831051706
     -12.69037382
  5.028309906E-05
    -0.4240176977
     -90.76941786
      77.00274091
     -13.02727453
  2.571657947E-05
     0.4087142051
      65.00305454
      2.269312082
     -4.686899122
 -6.797105920E-06
    -0.1683350933
     -34.42559819
     -69.10271942
     0.8312892751
    0.05000000000
     0.1000000000
     0.1500000000
     0.2000000000
     0.2500000000
   Q=    0.0000
