     -8.877816864
      7.189788896
     -3.043825744
     0.6606558179
   -0.05466522806
     -31.52941900
      18.17111711
     -5.395591028
     0.7313000521
   -0.02165868765
     -213.9004351
      52.50259598
     -10.42652474
      1.084928874
  -0.009458322600
     -15.56720062
      31.09461721
     -7.060144802
   -0.01877548355
     0.1818622558
      147.0900608
      97.28384111
     -11.93455105
     -2.142032800
     0.5784693804
     -72.01318958
      128.4706193
      12.22495082
     -8.868639951
      1.242413454
      20.72959967
     -3.232934647
      50.54899889
     -12.92675245
      1.595030036
     -2.847299531
      57.06760609
      78.13621450
     -3.962516874
     0.9475017849
    -0.2328628476
     -109.8518619
      107.6123559
      35.59392816
     -1.952767027
     0.2227910615
      93.39908303
      12.54376305
      99.67967655
     -8.079982854
   -0.06024347079
     -47.21544209
     -105.7603607
      103.2610434
     -19.52982835
    0.01018054341
      15.57040872
      42.12207362
     -6.807993132
     -39.53969460
  -0.001149011874
     -3.135479047
      49.15107644
     -82.49577228
     -59.98738481
  7.043240622E-05
     0.1325961324
     -75.12912157
     -6.871855437
     -55.98409264
  3.046234954E-06
     0.1704797596
      52.81708605
      44.15343382
     -23.52139849
    0.05000000000
     0.1000000000
     0.1500000000
     0.2000000000
     0.2500000000
   Q=    0.0000
