      0.000000000
      0.000000000
      0.000000000
      0.000000000
      0.000000000
      2.752788166
    -0.4888277742
    -0.2949268553
     0.1478268187
   -0.01760054225
      10.90411894
      1.268837716
     -1.358226897
     0.2733720524
   -0.01009049746
      33.05942142
      8.951900298
     -2.855136268
     0.1669456129
    0.03100505893
      5.268736456
      29.57502960
     -2.651943856
    -0.6712303061
     0.1355615292
     -6.160577187
      43.24630005
      5.393068156
     -2.825369463
     0.3134176883
      2.579116328
      26.80035087
      23.14767545
     -6.090237044
     0.5210005174
    -0.1911643675
     -3.392767462
      41.74964068
     -9.378139647
     0.6549512607
    -0.1676775740
     -24.59501482
      40.05906356
     -10.30166789
     0.5231634774
    0.07666636476
      25.39679100
     -2.615068640
     -5.929503967
  -0.009998873659
   -0.01775658681
     -12.93952984
     -37.82173600
      3.368284753
    -0.7197069279
   0.002575755565
      3.790381940
      8.560685492
      12.31616982
    -0.9260809926
 -0.0002080131754
    -0.4501152918
      27.27947499
      8.952443438
   -0.01498479294
 -3.971026653E-06
    -0.1496571167
     -32.31810174
     -14.99731243
      1.263711301
  4.285981435E-06
     0.1034710322
      19.89673420
     -25.42954018
      1.079838313
    0.05000000000
     0.1000000000
     0.1500000000
     0.2000000000
     0.2500000000
   Q=    0.0000
