      17.95224699
     -18.33733969
      9.279706940
     -2.410370809
     0.2491723133
      54.78241903
     -36.41702002
      14.44326157
     -2.901823317
     0.2019345830
      157.3491633
     -100.2903386
      37.59753988
     -6.847451577
     0.4306385985
     -73.51592006
     -192.7797766
      55.45932820
     -5.687861524
   -0.05547190003
     -309.4873072
     -409.9660540
      61.96727269
     0.6269277808
    -0.9303356609
      169.1082800
     -475.7107943
     -6.425109792
      18.95888060
     -2.646956656
     -57.19348993
     -116.0043074
     -141.3697173
      45.95067692
     -4.867821112
      10.23790091
      87.54673588
     -277.3736724
      76.21221742
     -7.111776414
    -0.1635136666
      140.5755881
     -284.4516380
      88.08289614
     -7.830726389
    -0.4576389118
     -191.4188373
      62.28619598
      58.40742138
     -5.921153834
     0.1460777485
      113.0730491
      282.5960300
     -4.098914667
     -1.563344912
   -0.02652883384
     -40.55961526
     -160.5675046
     -87.88869191
      2.058707222
   0.003181538214
      8.952227083
     -81.23345892
     -95.56223607
     -1.954665817
 -0.0002248171939
    -0.7354995077
      156.8383882
      110.3595990
     -10.76933131
 -1.523642082E-06
    -0.3040829274
     -109.6354469
      207.3224093
     -8.691301843
    0.05000000000
     0.1000000000
     0.1500000000
     0.2000000000
     0.2500000000
   Q=    0.0000
