      0.000000000
      0.000000000
      0.000000000
      0.000000000
      0.000000000
     -86.62786035
      51.00290284
     -19.95055531
      4.656012297
    -0.4885968406
     -125.6578992
      56.74734939
     -22.01486932
      5.207107944
    -0.5415464033
      170.3853613
      95.28739179
     -47.97659678
      11.36082772
     -1.137050349
     -52.29656762
      208.6907741
     -82.08634323
      18.28477473
     -1.773922562
      18.59264864
      83.87733075
     -114.4578936
      31.05451839
     -3.096449233
     -5.166375435
     -217.1204198
     -177.4348002
      53.21461040
     -5.206774337
     0.3788182213
      59.18732309
     -198.6622985
      82.24851499
     -8.799177776
     0.1398555701
      7.208828863
     -2.352315181
      118.2565294
     -15.63538245
   -0.06206456554
     -15.92483140
      134.8336352
      144.9417065
     -28.44874280
    0.01478116772
      10.30983298
     -17.72071276
      82.24594252
     -50.75160280
  -0.002406465969
     -4.021750089
     -39.90868401
     -67.96697200
     -82.42000196
  0.0002706191173
      1.014314951
      26.31744198
     -97.04400354
     -104.3563321
 -1.872122116E-05
    -0.1582034039
     -9.368621963
      47.57387854
     -84.93005398
  1.631751059E-07
   0.008798482396
      3.223576967
      83.66870686
     -32.22063147
    0.05000000000
     0.1000000000
     0.1500000000
     0.2000000000
     0.2500000000
   Q=    0.0000
