      0.000000000
      0.000000000
      0.000000000
      0.000000000
      0.000000000
     -5.317118680
      2.038357149
    -0.2707925490
   -0.04901256273
    0.01362824169
     -18.27881442
      1.534586285
     0.7407785775
    -0.2813013484
    0.02953312203
     -36.91697615
     -3.859174428
      2.433428259
    -0.4963659382
    0.04139761116
      7.457784260
     -17.33932665
      4.480103476
    -0.7539676136
    0.06701348927
      1.123424468
     -21.73474814
      4.940524003
     -1.102791073
     0.1229920140
     -1.189050076
     -12.47186932
      3.728071016
     -2.084616812
     0.2546142973
     0.1709396132
      6.745258076
     -2.036140701
     -4.545076607
     0.4771850822
    0.05880651144
      9.215983055
     -12.62601017
     -9.754817305
     0.6836535183
   -0.03282770303
     -11.10251181
     -13.61765132
     -16.42030413
     0.5025553882
   0.007702272601
      5.434256078
      10.77893401
     -16.53333073
    -0.4204260223
  -0.001064248184
     -1.378092396
      12.86115690
     -2.674081992
     -1.641352518
  6.886363965E-05
    0.03487770468
     -26.58906765
      10.98367717
     -1.917392498
  6.601014795E-06
     0.1306175406
      23.12116042
      4.790956473
     -1.006857094
 -2.665755901E-06
   -0.06559197348
     -13.02828544
     -2.556435878
    -0.1963353113
    0.05000000000
     0.1000000000
     0.1500000000
     0.2000000000
     0.2500000000
   Q=    0.0000
