  1.441413325E-10
 -1.534488382E-10
  8.178051585E-11
 -2.312583895E-11
  2.776050008E-12
  6.534222309E-10
 -4.109629732E-10
  1.698190257E-10
 -4.094417759E-11
  4.220673264E-12
  2.022235015E-09
 -1.165132962E-09
  4.873107451E-10
 -1.102336234E-10
  9.755818315E-12
 -2.937108271E-09
 -2.937671238E-09
  1.095577848E-09
 -1.711536145E-10
  7.817749826E-12
 -3.073159431E-08
 -9.711146555E-09
  1.963553193E-09
 -1.073072641E-10
 -9.326087041E-12
  1.805835633E-08
 -2.618972960E-08
  9.083317690E-10
  3.997364405E-10
 -4.635768399E-11
 -5.814835771E-09
 -2.606372348E-08
 -7.113112185E-09
  1.363739396E-09
 -6.179188587E-11
  8.396218404E-10
 -7.041220810E-10
 -2.065755899E-08
  1.567596153E-09
  3.866218492E-11
  6.922977815E-11
  2.772644126E-08
 -2.780696760E-08
 -1.032770305E-09
  3.218246652E-10
 -6.583003258E-11
 -2.646213306E-08
 -6.493123373E-09
 -7.346126285E-09
  7.011444037E-10
  1.736076160E-11
  1.326588734E-08
  2.375812684E-08
 -1.248572873E-08
  8.535521596E-10
 -2.796632322E-12
 -4.084960849E-09
  4.548058387E-09
 -9.406498196E-09
  5.309294074E-10
  2.858447694E-13
  6.671818185E-10
 -3.011481226E-08
  1.621721340E-09
 -1.513033218E-10
 -1.175199325E-14
  4.848117422E-11
  3.038854339E-08
  1.210685038E-08
 -6.684854750E-10
 -1.981991063E-15
 -7.063986590E-11
 -1.805253838E-08
  1.300559717E-08
 -5.163818311E-10
    0.05000000000
     0.1000000000
     0.1500000000
     0.2000000000
     0.2500000000
   Q=    0.0000
