      14.10623422
     -12.17543729
      5.674619176
     -1.436353675
     0.1535253984
      46.27685588
     -29.65153425
      10.79289824
     -2.191956559
     0.1955283503
      299.3691295
     -90.38836593
      25.99311936
     -5.148492323
     0.4891693042
      15.40327280
     -90.04724903
      36.63761947
     -7.931436927
     0.7443605725
     -205.9960425
     -213.2307250
      71.04149618
     -13.63362246
      1.217511726
      97.84163633
     -213.8049620
      78.38385378
     -17.82636421
      1.869975867
     -27.90496224
      82.47785494
      61.22506969
     -25.66456658
      3.496575117
      4.058437685
     -85.79298244
     -19.40819282
     -36.14178505
      7.310549848
     0.2485602580
      144.0266681
     -207.5678647
     -55.89053872
      16.63278381
    -0.2947962773
     -126.6775419
     -69.05965373
     -76.35205743
      35.72876232
    0.08230926282
      65.69039166
      229.8074558
     -32.41935604
      67.97706305
   -0.01417640881
     -22.10597982
     -111.0029378
      33.39504908
      107.5430569
   0.001641628987
      4.652445153
     -39.65942111
     -7.387206503
      124.0014372
 -0.0001099440287
    -0.3245213708
      85.73038249
      6.413110134
      87.08161221
 -1.978144454E-06
    -0.1830417864
     -61.38772135
      93.67970593
      27.01406371
    0.05000000000
     0.1000000000
     0.1500000000
     0.2000000000
     0.2500000000
   Q=    0.0000
