  2.058133530E-12
 -2.103108205E-12
  1.114776329E-12
 -3.181111041E-13
  3.857649324E-14
  8.789875109E-12
 -5.767265203E-12
  2.415350912E-12
 -5.787343261E-13
  5.820114751E-14
  3.794271015E-11
 -1.801986607E-11
  6.879451683E-12
 -1.477101610E-12
  1.250911369E-13
 -4.564494034E-12
 -4.065906125E-11
  1.396123331E-11
 -2.071004405E-12
  8.290082064E-14
 -3.037714934E-10
 -1.192392382E-10
  2.277273800E-11
 -9.499192030E-13
 -1.548504259E-13
  1.728610995E-10
 -2.874058866E-10
  5.671316653E-12
  5.647835275E-12
 -6.407610945E-13
 -5.601092682E-11
 -2.397202312E-10
 -8.817735655E-11
  1.707373830E-11
 -8.937822586E-13
  8.567746092E-12
  2.710832737E-11
 -2.236590324E-10
  1.994981905E-11
  2.694897963E-14
  4.362174096E-13
  2.276049451E-10
 -2.685733348E-10
 -4.150740655E-12
  2.727310841E-12
 -5.759092041E-13
 -2.333308931E-10
 -2.789653503E-11
 -6.017892727E-11
  6.533991152E-12
  1.583466077E-13
  1.214652003E-10
  2.397310535E-10
 -1.015194980E-10
  8.872450287E-12
 -2.628822981E-14
 -3.895473475E-11
 -1.621965134E-11
 -7.701335659E-11
  7.688220909E-12
  2.813660304E-15
  7.011167617E-12
 -2.235826518E-10
  4.707801803E-12
  2.602430720E-12
 -1.413177598E-16
  1.222773906E-13
  2.481649398E-10
  1.045390397E-10
 -3.310718194E-12
 -1.392145985E-17
 -5.634446524E-13
 -1.528997828E-10
  1.218549723E-10
 -3.790921714E-12
    0.05000000000
     0.1000000000
     0.1500000000
     0.2000000000
     0.2500000000
   Q=    0.0000
