    -0.1440158072
     0.1241071030
   -0.04460285396
   0.006160246424
 -8.397824897E-05
    -0.6448497928
     0.2392135213
   -0.02765833002
  -0.005174429234
   0.001047684247
     -2.730331383
     0.4099449537
  -0.003519806519
  -0.009909236185
  0.0008748996589
     -4.008006982
    -0.2837346756
     0.1735219778
   -0.02462360041
  0.0007899411941
    -0.7486155375
     -1.647979565
     0.2244192888
  0.0009055444809
  -0.001853913095
      1.132221851
     -3.017401346
   -0.07189805265
    0.05610004585
  -0.002207719243
    -0.4756492628
     -3.364876270
     -1.082472284
    0.09780578659
   0.007026481413
    0.07627354989
     0.8182309448
     -2.721678787
   -0.06884542767
    0.03994445794
   0.006234448822
      2.257650577
     -3.036714464
    -0.6887123268
     0.1008450252
  -0.006277552159
     -2.460201482
    -0.6510532626
     -1.571374172
     0.1695642855
   0.001671023612
      1.266997122
      2.421727158
     -1.901671975
     0.2103386373
 -0.0002664097923
    -0.3846439951
     0.6687353986
    -0.8937133266
     0.1971498293
  2.590783418E-05
    0.05582228001
     -3.411368637
     0.7086991622
     0.1380397773
 -7.018592597E-07
   0.009167045524
      3.389836398
      1.291377136
    0.05875735995
 -2.661045596E-07
  -0.008397844555
     -1.999248504
     0.9258578627
   0.002063709846
    0.05000000000
     0.1000000000
     0.1500000000
     0.2000000000
     0.2500000000
   Q=    0.0000
