      0.000000000
      0.000000000
      0.000000000
      0.000000000
      0.000000000
     0.8749432109
    -0.2371340944
   -0.03893119521
    0.03613683443
  -0.005675877679
      1.952384648
     0.3046278743
    -0.3312506895
    0.08760513618
  -0.007812200665
      2.935488351
      1.646018536
    -0.6746265438
     0.1177864399
  -0.007374948805
    0.05354660555
      4.062062313
    -0.9980592935
     0.1039584949
  -0.001547667006
    -0.3022443552
      5.269183477
    -0.7201026780
   -0.09039413129
    0.01449737526
     0.2084840969
      1.746538835
     0.6273903872
    -0.6261076551
    0.01789188329
   -0.04224980425
     -2.059756294
      2.578004328
     -1.674318144
   -0.08850537852
  -0.003021473972
    -0.3644929514
      3.471664174
     -3.122152156
    -0.5506174525
   0.003827596084
      1.270000248
    0.07931827069
     -3.985750971
     -1.711500319
  -0.001070355776
    -0.8020802507
     -4.196858335
     -2.608816493
     -3.615156214
  0.0001690043908
     0.2572184498
      1.719525333
      1.463216283
     -5.406631154
 -1.461021607E-05
   -0.03405778800
      1.434539401
      3.819144501
     -5.486367128
 -1.229500502E-07
  -0.008741348005
     -2.011281838
     -1.962862348
     -3.326845520
  2.652705544E-07
   0.006438111735
      1.186817130
     -6.402845368
    -0.8744003760
    0.05000000000
     0.1000000000
     0.1500000000
     0.2000000000
     0.2500000000
   Q=    0.0000
