     -9.213914503
      11.23176458
     -5.591531765
      1.274487759
    -0.1026074104
     -92.11625893
      40.39336488
     -9.620025746
     0.8044628930
    0.04389466833
     -331.6176697
      69.97894835
     -7.910601949
    -0.4629633472
     0.1640088661
     -1066.069841
      49.39498107
      15.75706955
     -5.187693009
     0.5039959880
     -90.48900569
     -289.2260141
      75.37185818
     -10.39638117
     0.5484206110
      232.5121573
     -652.2006877
      89.60734967
     -4.294754955
    -0.3979513902
     -102.0633786
     -777.5466212
     -17.62999637
      20.94676801
     -2.719334411
      16.56411592
      233.0335253
     -353.9448778
      68.16611254
     -6.601572681
      1.419886770
      487.6652880
     -610.5934749
      90.04277385
     -10.96491551
     -1.385064296
     -540.5180582
     -318.4360618
      16.29361909
     -17.02199673
     0.3635246857
      274.4004842
      576.1781407
     -183.5427969
     -30.12371004
   -0.05664895054
     -80.18255372
      262.0268299
     -330.1236162
     -57.46467677
   0.005232379135
      10.04358375
     -879.0052363
     -155.2238687
     -89.24160916
 -8.249029791E-05
      2.709734319
      807.8511830
      379.9296316
     -92.96123098
 -6.589349056E-05
     -1.977903631
     -451.0789885
      593.4964577
     -47.35296628
    0.05000000000
     0.1000000000
     0.1500000000
     0.2000000000
     0.2500000000
   Q=    0.0000
