      0.000000000
      0.000000000
      0.000000000
      0.000000000
      0.000000000
     -7.970258166
     0.9329759860
      1.533725788
    -0.8339776754
     0.1354538141
      227.5794326
     -75.87145447
      23.37647746
     -4.794820467
     0.4569384814
      538.3296507
     -131.5485132
      36.76441741
     -7.128121889
     0.6476284661
      56.24558839
     -180.0705733
      65.61744483
     -13.39650563
      1.142667255
     -123.3260442
     -7.921764591
      81.37926183
     -18.19897657
      1.194350975
      42.21215882
      769.1299389
      132.3332782
     -21.65912293
     0.1859190431
     0.6083228127
      97.04420188
      327.6269308
      2.490835504
     -4.041265395
     -4.189007670
     -622.3251305
      349.8133522
      105.2815806
     -11.12371180
      1.526006023
      506.5054429
      237.4354445
      268.3205299
     -13.89838103
    -0.3134576965
     -219.8626391
     -212.0870312
      380.6861754
    -0.8902320350
    0.04044588376
      53.17131134
     -493.1442084
      184.0579565
      31.20704081
  -0.002486021944
     -1.766910809
      911.5895999
     -213.9632215
      54.79036876
 -0.0002422565011
     -4.468226587
     -774.5482077
     -209.7026126
      43.49915466
  9.411269933E-05
      2.238368035
      429.9603105
     -51.56209775
      16.30082566
    0.05000000000
     0.1000000000
     0.1500000000
     0.2000000000
     0.2500000000
   Q=    0.0000
