      0.000000000
      0.000000000
      0.000000000
      0.000000000
      0.000000000
      1.660161483
     -1.587035774
     0.9614237033
    -0.3227083589
    0.04580702961
      5.079427327
     -5.316537558
      3.006806044
    -0.9013906714
     0.1140288708
     -31.08137192
     -14.07300489
      8.254871457
     -2.267643488
     0.2668169688
      19.05806882
     -43.30820997
      19.36524266
     -4.963437792
     0.5610941217
     -7.820002103
     -35.24366918
      32.97588763
     -9.363138636
      1.058547736
      1.387462972
      46.57048326
      51.11149004
     -15.55233121
      1.775347096
     0.2946522752
      15.88903308
      56.97745061
     -19.33753981
      2.563183797
    -0.2087819173
     -29.26528257
      3.249393510
     -14.31873695
      3.311122370
    0.05925640667
      18.58330897
     -34.01646195
     0.6827770060
      3.940836136
   -0.01113937188
     -7.641495243
      15.59277446
      20.36859728
      4.242480705
   0.001456811056
      2.070526732
     -8.969062013
      15.84047753
      3.684930986
 -0.0001137453288
    -0.2643610836
      14.40004078
     -22.72279623
     0.7305884878
 -1.393878678E-06
   -0.06266055979
     -14.99652797
     -10.56895045
     -3.559447251
  2.115345653E-06
    0.04961346762
      9.867746984
      30.14846912
     -3.290871142
    0.05000000000
     0.1000000000
     0.1500000000
     0.2000000000
     0.2500000000
   Q=    0.0000
