      0.000000000
      0.000000000
      0.000000000
      0.000000000
      0.000000000
      123.6199327
     -52.04286658
      11.42059685
     -1.079676599
    0.03083596979
      364.5836070
     -44.08762603
     -3.213096240
      1.506384042
   -0.04735591744
      623.8938300
      37.68295818
     -17.77740351
     0.7723285939
     0.2298040392
     -164.3348623
      251.2476853
     -31.99166877
    -0.6425554294
     0.3859130396
     -3.935483391
      357.3085030
     -22.75531125
     -2.068082632
     0.1978672888
      17.77634374
      224.1300004
     -18.04107215
      7.425566721
     -1.501804120
     -3.581508334
     -178.1519143
     -10.22124438
      41.76907917
     -6.036537222
    -0.4903988589
     -79.62795074
      89.57576141
      121.3818663
     -14.20682409
     0.3970980981
      134.1520045
      231.6675827
      239.2021737
     -22.93017093
   -0.09828794783
     -67.84117022
     -88.62872990
      273.3286786
     -25.39762993
    0.01362217846
      16.42753167
     -267.7306458
      56.29496626
     -20.90809664
 -0.0008089248524
     0.3866183493
      434.2440000
     -188.2087918
     -18.90504103
 -0.0001097831843
     -2.060938266
     -355.1688886
     -77.98131998
     -17.93023070
  3.907591161E-05
     0.9706292517
      194.5480112
      49.48319991
     -7.966598095
    0.05000000000
     0.1000000000
     0.1500000000
     0.2000000000
     0.2500000000
   Q=    0.0000
