     -2.610359535
      2.857138381
     -1.938498811
     0.7244711320
    -0.1101472166
     -18.69824931
      15.48494873
     -7.936048542
      2.236298361
    -0.2606342409
     -132.3671866
      59.41461472
     -23.09833590
      5.462792994
    -0.5665686048
     -172.8685179
      129.7992903
     -47.98645638
      9.939895765
    -0.8904199464
      215.4168268
      265.1763618
     -80.75090375
      13.51786701
    -0.9496994080
     -80.29860072
      336.4012926
     -79.68928025
      8.643030139
    0.01186938310
      25.31290653
     -48.13047268
     -11.36683348
     -16.05888409
      3.595915920
     -6.116389450
     -145.4330077
      76.55614827
     -80.79675388
      12.72712719
     0.8977010475
      78.27315870
      117.7599140
     -196.3088154
      30.47152960
   -0.02086642045
      2.356297130
     -104.9276241
     -300.9993100
      58.35537461
   -0.02698719722
     -22.69777096
     -171.8083587
     -246.9437942
      95.21910250
   0.008094141727
      14.13000970
      251.3774148
      71.44815361
      134.3707333
  -0.001433362737
     -5.323270550
     -176.5887393
      292.2917385
      157.4107373
  0.0001856535588
      1.474290429
      91.62756251
     -61.14256107
      130.0654325
 -1.850767888E-05
    -0.3186870259
     -39.15484695
     -290.6267894
      52.50690206
    0.05000000000
     0.1000000000
     0.1500000000
     0.2000000000
     0.2500000000
   Q=    0.0000
