      0.000000000
      0.000000000
      0.000000000
      0.000000000
      0.000000000
    -0.1205117462
  -0.003946440908
    0.03801657039
   -0.01689382210
   0.002419339755
    -0.3324454101
    -0.1572575901
     0.1287094280
   -0.03725435691
   0.003956198700
    -0.9852180552
    -0.5242807970
     0.3086583336
   -0.07569749203
   0.006640039691
      1.718203141
     -1.114808111
     0.6835752050
    -0.1398749844
   0.007648181193
    -0.7733588234
   0.008054060643
      1.440012341
    -0.1975821254
  -0.001497404168
     0.1718680960
      2.830019057
      3.072310982
    -0.1048030911
   -0.03427184227
    0.01908464451
      1.579203305
      4.812580309
     0.4541025288
   -0.09440207046
   -0.02186828658
     -3.154075565
      3.333155700
      1.499178770
    -0.1473345802
   0.007239422221
      2.370924497
     -1.568404214
      2.103645914
    -0.1372771853
  -0.001499153981
     -1.092555757
     -2.275306500
      1.215214803
   -0.06134607510
  0.0002101999083
     0.3211605268
      1.371419558
    -0.4476943425
   0.009004844963
 -1.785190699E-05
   -0.04804842292
     0.9803278067
     -1.023236766
    0.01587565710
  5.376425528E-08
  -0.006302083565
     -1.765146101
   -0.06835021265
   -0.01652910679
  2.755791631E-07
   0.006537670337
      1.269634838
     0.5340503321
   -0.02029035431
    0.05000000000
     0.1000000000
     0.1500000000
     0.2000000000
     0.2500000000
   Q=    0.0000
