     -6.820281351
      5.967238542
     -2.302275863
     0.3913184421
   -0.01898718166
     -25.77725180
      10.87444230
     -2.014902202
    0.01274772261
    0.03072014870
     -103.0843977
      22.87330561
     -3.376893822
    0.09226170503
    0.03432404527
     -92.76298658
      9.841135362
      1.238114031
    -0.9042064458
     0.1296938204
      21.81581034
     0.6430029659
      3.564430431
     -1.352785080
     0.1659532873
      6.395715611
     -24.47336164
      6.666610118
     -1.745118745
     0.2152620979
     -4.874275651
     -73.06942509
     -4.005550031
    -0.4658632420
     0.2029307166
     0.7911873127
      23.26675658
     -34.05482419
     0.4082692486
     0.2427064034
     0.1228330229
      28.87440548
     -38.69916435
     -3.058527810
     0.1779061438
   -0.08903556959
     -33.21455053
     -17.16921178
     -12.58059089
    -0.5125318576
    0.02209014355
      16.34529424
      24.32546818
     -27.21850708
     -2.752094846
  -0.003229902336
     -4.372166470
      33.72149733
     -25.94532336
     -6.912464652
  0.0002514732885
     0.3017295175
     -71.06518357
      6.744588098
     -10.10834059
  7.948613157E-06
     0.2904080541
      61.17301886
      28.70928805
     -8.241168879
 -5.868051993E-06
    -0.1579508642
     -33.39556658
      17.89364619
     -3.027669052
    0.05000000000
     0.1000000000
     0.1500000000
     0.2000000000
     0.2500000000
   Q=    0.0000
