      0.000000000
      0.000000000
      0.000000000
      0.000000000
      0.000000000
   -0.02357110194
  -0.007864885811
    0.01308223927
  -0.004974019528
  0.0006301553961
   -0.07595757896
   -0.05899063408
    0.03833473787
  -0.009104484726
  0.0007249659391
    -0.3537331820
    -0.1947117721
    0.08040357339
   -0.01328247425
  0.0005849767726
     0.1298946656
    -0.4935866117
     0.1299049664
   -0.01118880493
 -0.0008334298740
   -0.03803311690
    -0.4827146715
     0.1380173949
    0.01278534641
  -0.005231254032
  -0.002369618815
     0.1476022921
     0.1443584042
    0.08543629014
   -0.01427590827
   0.004646691377
     0.2543845801
     0.1643360354
     0.2509455332
   -0.02622812926
  -0.001427371940
    -0.2061187772
   0.005378055252
     0.4879549436
   -0.02943704764
  0.0002542893466
    0.08139880521
    -0.1110804789
     0.5897854278
  -0.006469011929
 -3.097358905E-05
   -0.02084401527
     0.1483628691
     0.3107567634
    0.04347975290
  2.903399030E-06
   0.004558901993
   -0.02598472632
    -0.2375937258
    0.08638849930
 -2.409937041E-07
  -0.001098857595
   -0.04263715054
    -0.4258633116
    0.07637180714
  1.675237347E-08
  0.0002247886306
    0.02336996308
     0.1855091465
    0.02117830296
  1.735682387E-10
 -1.934279824E-06
   0.006046566015
     0.5471134985
  -0.009030278688
    0.05000000000
     0.1000000000
     0.1500000000
     0.2000000000
     0.2500000000
   Q=    0.0000
