      0.000000000
      0.000000000
      0.000000000
      0.000000000
      0.000000000
      17.32847639
     -11.90731574
      5.529075089
     -1.492956168
     0.1731269162
      59.91025957
     -28.97580229
      11.16162388
     -2.418188507
     0.2064881813
     -44.25984469
     -55.92997620
      20.60139123
     -3.139006494
     0.1130908550
     -160.0968392
     -163.1356316
      26.78390202
     0.8203689840
    -0.6289711050
      77.04634604
     -271.2499263
     -26.81214054
      19.73935511
     -2.794436881
     -21.79472160
     -217.3591894
     -192.3993101
      62.66039046
     -7.251732750
   -0.07115063346
     -78.43881576
     -428.9578543
      133.1280561
     -14.93858830
      1.971804265
      286.9119997
     -442.8373092
      209.9561056
     -25.67091042
    -0.7615185544
     -252.2857296
      95.72645500
      238.2633157
     -37.66979806
     0.1681544890
      124.3666684
      420.8840173
      131.4983934
     -48.22937285
   -0.02407270191
     -36.85618062
     -200.7409839
     -139.1533221
     -58.14058734
   0.001993533054
      5.061434459
     -149.5718932
     -252.9405203
     -69.24540264
  1.291041787E-05
     0.9690001360
      230.8613005
      153.1618680
     -66.44417439
 -3.434206764E-05
    -0.8031537194
     -147.4542818
      394.2803824
     -32.38860728
    0.05000000000
     0.1000000000
     0.1500000000
     0.2000000000
     0.2500000000
   Q=    0.0000
