     -7.735437028
      11.12440205
     -6.632911764
      1.953879912
    -0.2311695937
     -10.33161639
      10.01928538
     -6.535328476
      1.906792441
    -0.1975529993
      209.4981392
      7.006471891
     -19.97359536
      5.702893757
    -0.5549457371
      230.5153044
      86.67840891
     -35.38782097
      5.904076116
    -0.3737828738
      32.25670500
      121.8263973
     -27.95917930
      3.598359423
    -0.2517073852
     -58.62269930
      96.45909441
      2.346489330
     -1.542203544
   0.001832608395
      24.90565395
      214.6943419
      78.32708131
     -9.874434938
     0.1076857046
     -3.909161623
     -48.02057097
      203.3803149
     -10.09268229
    -0.3520442968
    -0.3607726420
     -119.5456749
      149.0771475
      15.38830180
    -0.4883023966
     0.3350410802
      128.7083138
     -23.65682404
      56.18264646
      2.884360423
   -0.08789552387
     -65.48446578
     -58.79879952
      100.4641662
      13.95152738
    0.01381092469
      19.43482918
     -86.73860030
      88.44906440
      34.17456554
  -0.001300227898
     -2.556642636
      211.6633830
     -43.42608899
      49.93580257
  2.487053076E-05
    -0.6181307470
     -194.9645238
     -97.66206170
      39.90195536
  1.570394238E-05
     0.4793010109
      112.0274934
     -15.23585636
      13.58989494
    0.05000000000
     0.1000000000
     0.1500000000
     0.2000000000
     0.2500000000
   Q=    0.0000
