      0.000000000
      0.000000000
      0.000000000
      0.000000000
      0.000000000
      11.61083628
     -10.97054076
      6.432371602
     -1.991148502
     0.2464860262
      55.98666763
     -38.41860645
      16.52401349
     -3.575700191
     0.2752365086
     -22.14155489
     -90.22797900
      29.08343782
     -3.331864680
   -0.06661281445
     -204.1910188
     -230.1145377
      25.16104504
      6.027760359
     -1.513329026
      93.02410755
     -366.1798244
     -76.89281691
      38.84560141
     -5.029536819
     -26.86554561
     -276.1154253
     -344.0831097
      103.4238633
     -11.04723660
     0.3396156439
     -68.39422354
     -659.2421223
      190.9013841
     -18.78727321
      2.211548934
      316.3099972
     -564.1667737
      261.9756096
     -24.28387104
    -0.8851504140
     -290.7603613
      227.7232163
      258.4926135
     -19.86250472
     0.2005418167
      148.9219730
      511.3017573
      115.4743086
      1.130872431
   -0.02962212265
     -46.34657802
     -335.9472354
     -162.0265381
      29.64067258
   0.002621945925
      7.314707839
     -91.86258408
     -233.4789099
      38.04238885
 -2.326460167E-05
     0.7485862484
      232.5181131
      184.9266009
      18.11277247
 -3.675568360E-05
    -0.8706546747
     -162.9587061
      365.5980708
     0.7565355561
    0.05000000000
     0.1000000000
     0.1500000000
     0.2000000000
     0.2500000000
   Q=    0.0000
