 -0.0001623984024
  0.0001809415870
 -9.415977373E-05
  2.491164647E-05
 -2.716750966E-06
 -0.0009978952876
  0.0005334811218
 -0.0001834491114
  3.653881456E-05
 -3.156258127E-06
  -0.003227633283
   0.001277483885
 -0.0004324445434
  8.759658074E-05
 -7.269337397E-06
  -0.002937259752
   0.002661410621
 -0.0008304649653
  0.0001191489286
 -4.569229894E-06
    0.02431631905
   0.006667633630
  -0.001303625798
  5.241148632E-05
  9.042800610E-06
   -0.01339756648
    0.01861782442
 -0.0004822157403
 -0.0003254702799
  3.642661219E-05
   0.004209449373
    0.01772546428
   0.005450873424
  -0.001039645849
  4.892417550E-05
 -0.0006130511836
  0.0003191800172
    0.01483375348
  -0.001202275440
 -1.893267168E-05
 -4.311874983E-05
   -0.01893511963
    0.01927500324
  0.0004667562296
 -0.0002066151070
  4.508174553E-05
    0.01822639493
   0.003499737331
   0.004473428525
 -0.0004634600831
 -1.204887488E-05
  -0.009226943485
   -0.01681676972
   0.007591712588
 -0.0005931947116
  1.964960450E-06
   0.002889420845
  -0.001422817314
   0.005929955307
 -0.0004418478817
 -2.056500380E-07
 -0.0004968973155
    0.01898613259
 -0.0002736725831
 -9.469167654E-06
  9.527951081E-09
 -2.024782244E-05
   -0.01980898468
  -0.007815844950
  0.0004223013660
  1.184564939E-09
  4.515679704E-05
    0.01193079484
  -0.009749033258
  0.0003830922946
    0.05000000000
     0.1000000000
     0.1500000000
     0.2000000000
     0.2500000000
   Q=    0.0000
