      0.000000000
      0.000000000
      0.000000000
      0.000000000
      0.000000000
      2.890761340
    -0.6903911646
    -0.2280208192
     0.1648263134
   -0.02666322574
      8.609472320
     0.8355567051
     -1.354879007
     0.4282209206
   -0.04797984466
      18.85390827
      5.509152146
     -3.420131599
     0.8610323785
   -0.08446505596
     -14.16373237
      14.19908371
     -7.256928154
      1.611659688
    -0.1331774679
      4.955527273
      7.687869078
     -13.53431952
      2.556606967
    -0.1702246258
    -0.7974301098
     -16.27955783
     -24.83141557
      3.024984443
    -0.2059409656
    -0.1895241566
     -13.15487583
     -33.59800063
      1.253728368
    -0.4387785050
     0.1317417733
      18.79309228
     -16.84305682
     -2.957212486
     -1.515022338
   -0.03894716528
     -12.60012035
      16.81942796
     -5.409820775
     -4.323717657
   0.007724176473
      5.655291595
      9.760650206
     -3.052135171
     -8.978260729
  -0.001081172862
     -1.719100451
     -12.01277543
     0.3475225016
     -13.61904910
  9.767793797E-05
     0.3068776890
      1.155633046
      2.513463138
     -14.60626164
 -2.282751741E-06
   0.002758792310
      4.769844185
     0.4030003645
     -9.850246766
 -1.028157805E-06
   -0.02345763786
     -4.436523305
     -4.299880887
     -3.087503475
    0.05000000000
     0.1000000000
     0.1500000000
     0.2000000000
     0.2500000000
   Q=    0.0000
