      0.000000000
      0.000000000
      0.000000000
      0.000000000
      0.000000000
      222.8529091
     -120.6983875
      41.93396116
     -8.335276397
     0.7089200096
      229.2339329
     -98.37320431
      30.38577860
     -5.011504405
     0.3049279485
     -158.0233383
     -187.7979797
      63.49272735
     -9.872194812
     0.6061352507
     -13.79217509
     -324.9295788
      60.46221079
     -5.200186670
     0.1268608567
      2.838837353
     -196.6746200
      24.91748184
     -2.479895241
     0.2116228677
     0.2540666634
      199.6233706
     -18.04969086
     0.1507967325
     0.2378296322
    -0.5548523940
     -101.8495766
     -30.72784055
     -1.338110171
      1.011550828
     0.3241171913
      59.78962021
     -106.2308243
     -6.417912006
      2.884335164
    -0.1128636213
     -40.19676412
     -6.300705570
     -24.33374999
      6.774559151
    0.02556330219
      19.86977789
      112.0746724
     -16.47929026
      12.39015115
  -0.003873231346
     -6.334683108
     -76.04300637
      12.32921570
      20.16040148
  0.0003588555594
      1.085622536
      4.732108185
      7.897843379
      25.01227361
 -5.564107862E-06
    0.06817387636
      25.54302651
     -1.411376381
      19.35349203
 -4.757561115E-06
    -0.1147397933
     -22.01196624
      10.15771914
      6.734716619
    0.05000000000
     0.1000000000
     0.1500000000
     0.2000000000
     0.2500000000
   Q=    0.0000
