    -0.1256116829
     0.1048871095
   -0.03598236860
   0.004356717849
  6.024740376E-05
    -0.5086653349
     0.1821894398
   -0.01512828044
  -0.006403927774
   0.001106390590
     -2.160877828
     0.3038279568
    0.01161969248
   -0.01242742578
   0.001205526720
     -2.273456291
    -0.3264369587
     0.1762031758
   -0.02898258920
   0.001074349725
     0.1637749632
     -1.136914111
     0.2455564033
  -0.009633137751
  -0.003486255308
     0.3044170572
     -1.707998339
     0.1993035070
    0.05920010035
   -0.01424445067
    -0.1752704770
     -1.507676157
    -0.1670805000
     0.2488720570
   -0.03661229506
    0.03510285423
     0.9829323542
    -0.8758347652
     0.5654526434
   -0.06854494239
  0.0004211081187
     0.4527956203
     -1.090670438
     0.8580926675
    -0.1034104677
  -0.002062861553
    -0.7948317952
    -0.2686659924
     0.7845573108
    -0.1366804641
  0.0006019144861
     0.4513728442
      1.087555770
    0.02770934009
    -0.1830331701
 -9.902112755E-05
    -0.1413748108
     0.1996871740
    -0.9274959883
    -0.2692099859
  9.739574385E-06
    0.02042227425
     -1.326966062
    -0.7441599414
    -0.3621698874
 -2.690434561E-07
   0.003505812156
      1.283578500
     0.9157414888
    -0.3401124432
 -9.745519796E-08
  -0.003077622115
    -0.7179334752
      1.514972028
    -0.1553242533
    0.05000000000
     0.1000000000
     0.1500000000
     0.2000000000
     0.2500000000
   Q=    0.0000
