      0.000000000
      0.000000000
      0.000000000
      0.000000000
      0.000000000
     0.3538899647
   -0.09245596231
   -0.01593459103
    0.01315608853
  -0.001817611066
      1.296633438
    0.06342047949
    -0.1279554949
    0.02994181412
  -0.001746972628
      3.451496504
     0.7970759400
    -0.2913409522
    0.02848317718
   0.001033201565
     0.2185871706
      2.734590622
    -0.3379471927
   -0.02785658498
   0.008374431014
    -0.4985790206
      3.903593028
     0.2620161305
    -0.1852337575
    0.02065635526
     0.2277742983
      2.357647851
      1.666768829
    -0.4156094421
    0.03268258710
   -0.01943723670
    -0.4610206758
      3.263808900
    -0.6152114915
    0.03377103633
   -0.01414491512
     -2.086987204
      3.415705653
    -0.5702576461
   0.005893363525
   0.006662937421
      2.212816772
     0.1334640827
   -0.08627611428
   -0.06154917073
  -0.001549816716
     -1.125768367
     -3.216488505
     0.6229239967
    -0.1470824376
  0.0002239312991
     0.3253626785
     0.3905529836
     0.9979427954
    -0.1911881553
 -1.771715490E-05
   -0.03575636129
      2.717370639
     0.4584409335
    -0.1309216467
 -4.561022495E-07
   -0.01457891119
     -3.034700800
     -1.271833580
  0.0006784057285
  3.930764359E-07
   0.009523020315
      1.841087265
     -1.964961930
    0.04936454844
    0.05000000000
     0.1000000000
     0.1500000000
     0.2000000000
     0.2500000000
   Q=    0.0000
