      19.67843908
     -16.06517093
      6.677494046
     -1.379184624
     0.1026248170
      69.50307624
     -37.85759720
      10.23064625
     -1.109793325
  -0.002502293383
      452.6516735
     -102.1126034
      17.48823047
     -1.460918356
  0.0008466869469
      128.8720814
     -27.00722127
      3.077475091
     0.3901697272
    -0.1305539394
      3.423904247
     -39.98442825
      10.85691930
     -1.344325247
    0.04459226958
     -41.74118120
      120.4564746
      11.08410475
     -7.141971769
     0.8753995293
      22.91057943
      355.8394400
      82.38300473
     -33.78672307
      3.811161408
     -4.867817547
     -228.9650033
      180.5794054
     -87.31829065
      10.50525715
     0.1872719783
      6.943090980
      54.19993388
     -169.6051671
      24.44757429
     0.1753414148
      61.83511356
     -62.82192436
     -227.5166759
      50.15854331
   -0.05647906551
     -39.87587314
     -6.255639758
     -98.87212098
      94.78605775
   0.009438059364
      12.63777475
     -89.10788750
      183.0986534
      159.8483475
 -0.0009143401253
     -1.652232086
      167.0201875
      177.7210435
      208.1652010
  2.130400486E-05
    -0.4165908152
     -137.1270035
     -157.5956742
      172.4296654
  9.772883118E-06
     0.3040540789
      69.61353391
     -217.5630373
      66.26852731
    0.05000000000
     0.1000000000
     0.1500000000
     0.2000000000
     0.2500000000
   Q=    0.0000
