     0.2520839941
    -0.1492003752
     0.1023231299
   -0.04874004447
   0.008982250933
     -1.923285334
    0.08822117628
     0.3822273445
    -0.1751719922
    0.02416723522
     -3.258401702
     -3.034647612
      2.128887435
    -0.5614466989
    0.05253859394
     -57.86728627
     -12.09478657
      5.766397679
    -0.9672154526
    0.04812869243
     -98.58332388
     -57.67377840
      11.50150732
    -0.7023564223
   -0.04665298259
      65.36233411
     -129.7590059
      4.641293730
      2.155021590
    -0.2767016600
     -22.72491804
     -113.9082636
     -34.34323066
      7.397645332
    -0.4654019380
      3.600407252
      25.58393111
     -95.50483500
      10.25235108
    -0.2750827627
     0.1768460016
      90.57734308
     -116.4119030
      2.229567907
     0.5858041950
    -0.2435850714
     -97.83352264
     -17.80646219
     -20.37156737
      1.872771325
    0.06713843916
      51.32288509
      104.9447967
     -42.18180485
      2.553103061
   -0.01107788482
     -16.30225756
    0.06053418634
     -38.89820476
      1.578771393
   0.001161480404
      2.801865205
     -105.9832366
     -3.756146697
     -1.089288109
 -5.248244018E-05
     0.1306200198
      113.4299961
      50.53864789
     -3.486725924
 -7.079904124E-06
    -0.2634385477
     -68.57119084
      63.06787853
     -2.582557379
    0.05000000000
     0.1000000000
     0.1500000000
     0.2000000000
     0.2500000000
   Q=    0.0000
