      2.976532846
     -3.321438789
      1.677097316
    -0.4168991482
    0.04101809749
      21.94206247
     -10.80102046
      3.214671572
    -0.5109124411
    0.03181297927
      80.38429179
     -23.27175763
      5.830519960
    -0.9511525295
    0.07048035455
      156.8038696
     -34.02725402
      7.502104097
    -0.9432782214
    0.03475237763
     -237.9172565
     -34.31632265
      7.169291762
    -0.2293769193
   -0.05880985701
      109.0163310
     -104.6490755
      1.467154020
      2.080397965
    -0.2099049863
     -30.49607534
     -81.74668619
     -37.60729050
      6.404083404
    -0.2329260223
      4.140828977
     -39.67312620
     -91.30424295
      6.215336377
     0.3546048976
     0.3106317606
      141.6278541
     -120.5124083
     -5.201202091
      1.771992297
    -0.3016733010
     -124.0880394
     -9.420738304
     -29.94899306
      3.784090321
    0.08005976576
      61.68427214
      101.1060717
     -42.89074117
      5.268965559
   -0.01319712598
     -19.63129646
     -2.664501740
     -27.85563976
      5.560881133
   0.001436812322
      3.676738965
     -102.4309023
      4.721928318
      3.881898809
 -8.060653090E-05
   -0.04748347478
      112.8093377
      38.91001507
     0.6763026113
 -5.042371699E-06
    -0.2408764094
     -70.06250057
      51.37786587
     -1.126611313
    0.05000000000
     0.1000000000
     0.1500000000
     0.2000000000
     0.2500000000
   Q=    0.0000
