    0.01300234583
  -0.008253313862
   0.001312543884
  0.0004566865960
 -0.0001424003579
   0.002789543862
   0.003687746310
  -0.005446280238
   0.002387864561
 -0.0003848147464
   -0.08126066471
    0.01181511195
  -0.009909531925
   0.005941395937
  -0.001035154019
     -1.417568705
   0.005664268800
   -0.03014918179
    0.01823617278
  -0.002157947601
     -1.603656205
    -0.6737132630
    -0.1013355868
    0.04384755632
  -0.001869080550
      1.159542705
     -1.841286272
    -0.5373451315
    0.06667447400
   0.006552535820
    -0.4026202236
     -2.345743170
     -1.504979095
   -0.05260297493
    0.03640595513
    0.05806270636
    0.01167972556
     -2.562954858
    -0.5469424333
    0.09511650698
   0.005597248572
      2.033761713
     -2.193423112
     -1.512082624
     0.1671722473
  -0.004923942300
     -1.956436256
   -0.05546669033
     -2.387588415
     0.2063898758
   0.001290758247
     0.9834234227
      1.448094757
     -2.052250274
     0.1775203911
 -0.0002074572704
    -0.3034319825
     0.3804088996
    -0.1332626981
     0.1110669110
  2.101150132E-05
    0.04892442441
     -2.239754167
      1.485876702
    0.08586068329
 -7.861202887E-07
   0.004438317343
      2.341957240
     0.5325208452
     0.1004344523
 -1.686392397E-07
  -0.005741789776
     -1.447769718
    -0.6129813451
    0.05906659306
    0.05000000000
     0.1000000000
     0.1500000000
     0.2000000000
     0.2500000000
   Q=    0.0000
