      0.000000000
      0.000000000
      0.000000000
      0.000000000
      0.000000000
      3.569285872
     -1.206612317
    0.07053025602
    0.05657657596
  -0.009474310747
      13.60631457
    -0.5407037653
    -0.7184234425
     0.1851870347
   -0.01047166933
      33.67628420
      4.948255705
     -1.920712611
     0.1690737616
   0.008199588394
      1.358594440
      20.64268038
     -2.183788034
    -0.2102520163
    0.04575602771
     -4.797005768
      31.19683311
      2.690851894
     -1.099663875
    0.07964709467
      2.111177628
      23.65519847
      14.18162970
     -1.764121670
    0.04190382361
    -0.1362533274
     -1.698725123
      28.32305473
    -0.5836837858
    -0.1191956831
    -0.1501078871
     -22.30304906
      30.62382280
      4.299828206
    -0.3462166071
    0.06615495390
      22.00008213
      3.804594851
      11.60793805
    -0.3740572890
   -0.01499680790
     -10.82310066
     -26.66177364
      14.01603521
    0.05976632620
   0.002128121072
      3.045041064
     -1.235958311
      5.817641075
     0.7410999477
 -0.0001635385058
    -0.3059823647
      28.99602423
     -5.234721045
      1.065762100
 -5.435441592E-06
    -0.1520564588
     -30.66054474
     -9.112271265
     0.8456306153
  3.917159080E-06
    0.09505036574
      18.55029312
     -7.586457851
     0.3868139073
    0.05000000000
     0.1000000000
     0.1500000000
     0.2000000000
     0.2500000000
   Q=    0.0000
