      0.000000000
      0.000000000
      0.000000000
      0.000000000
      0.000000000
      92.19569929
     -45.13595517
      12.68112696
     -1.697331453
    0.05700911525
      363.4253628
     -65.60128707
      3.249543583
      1.635249913
    -0.2496277800
      712.9337420
      12.43423919
     -23.37659652
      4.343817733
    -0.2008117875
     -39.87014230
      288.8550460
     -53.75565090
      2.927680788
     0.2955936173
     -79.85115706
      589.9662129
     -24.25690441
     -10.95368424
      1.641735990
      43.71799285
      618.4319507
      149.1851626
     -41.71841160
      3.629777580
     -5.209495130
     -244.0186857
      462.1958950
     -74.76948585
      5.060198852
     -2.079429656
     -298.0842143
      553.5503333
     -70.01975314
      4.464711546
      1.102718066
      365.9598373
      127.6026138
      1.742404373
      1.926690943
    -0.2615790005
     -189.0130393
     -541.4309421
      125.6024690
     0.8733599214
    0.03766449231
      53.58351500
     -26.38894936
      187.6918790
      7.980741920
  -0.002872892675
     -5.040978626
      556.8209017
      84.20199447
      23.48772620
 -0.0001086671208
     -2.897123513
     -573.3623633
     -237.9964576
      34.35366404
  7.166141082E-05
      1.740745886
      337.1869095
     -363.3687070
      20.73185487
    0.05000000000
     0.1000000000
     0.1500000000
     0.2000000000
     0.2500000000
   Q=    0.0000
