     0.2437284537
    -0.2142249210
    0.08160062457
   -0.01303860978
  0.0004557690029
     0.9759210570
    -0.4009739558
    0.06617958590
   0.003550744257
  -0.001734603772
      3.761200081
    -0.7926578453
    0.08631043723
    0.01028313026
  -0.002995870032
      2.300421693
    -0.3265247047
    -0.1347166227
    0.06980136137
  -0.008316466499
     -4.219559881
    -0.9958045684
    -0.4224953413
     0.1498480424
   -0.01027027802
      1.939331563
     -2.867758780
     -1.478515387
     0.2649344245
  0.0005080295452
    -0.5737127744
     -2.092959286
     -3.262380726
     0.1793863547
    0.05443174185
    0.09215586880
     0.4704801078
     -3.929860356
    -0.3418970109
     0.1864054598
 -0.0008160452410
      1.462587154
     -1.631891555
     -1.143864074
     0.4489695236
  -0.003992676772
     -1.674695413
      1.666945320
     -1.516146216
     0.9027655188
   0.001246865820
     0.9573341709
     0.9929284775
    -0.9049772480
      1.534697228
 -0.0002285617055
    -0.3497923968
     -1.018723832
     0.2218046214
      2.094726703
  2.844869587E-05
    0.08284040057
    -0.3890612419
     0.8535100326
      2.122537292
 -2.228042051E-06
  -0.009380162458
      1.066625282
     0.2923992321
      1.418242879
  3.153943858E-08
  -0.001762677032
    -0.8553004633
    -0.2995512120
     0.4674646165
    0.05000000000
     0.1000000000
     0.1500000000
     0.2000000000
     0.2500000000
   Q=    0.0000
