      0.000000000
      0.000000000
      0.000000000
      0.000000000
      0.000000000
    0.03738690639
   -0.02965104781
    0.01604517056
  -0.005011153045
  0.0006691624382
     0.1705770706
   -0.06931487978
    0.03091576487
  -0.009084621151
   0.001102033038
     0.4118694206
   -0.09246413124
    0.06789753137
   -0.02154749890
   0.002165009937
     0.5879064015
    0.03503963447
     0.1816034992
   -0.04635880554
   0.002402140021
    -0.3566640254
     0.6281990080
     0.5199550824
   -0.07004546426
  -0.002590308687
     0.1002284474
      1.408513166
      1.276078430
   -0.01496326126
   -0.02140907589
   0.004132889080
     0.5332655925
      2.136552804
     0.2739219956
   -0.06155422008
   -0.01061902823
     -1.548960325
      1.756709990
     0.8319626025
    -0.1196205495
   0.003835430980
      1.264788340
    -0.3666002691
      1.238078509
    -0.1847199363
 -0.0008185150178
    -0.5940837809
     -1.316863276
     0.8452008469
    -0.2578907740
  0.0001150443562
     0.1711745648
     0.4061889206
    -0.1779179405
    -0.3405582496
 -9.389399676E-06
   -0.02233833482
     0.9526829385
    -0.6493914052
    -0.3788224165
 -1.019051369E-07
  -0.005392399846
     -1.249041357
    -0.1245977921
    -0.2867704213
  1.760411402E-07
   0.004231860541
     0.8278864171
     0.1737796970
    -0.1036254994
    0.05000000000
     0.1000000000
     0.1500000000
     0.2000000000
     0.2500000000
   Q=    0.0000
