      0.000000000
      0.000000000
      0.000000000
      0.000000000
      0.000000000
     -35.83127594
      20.53372465
     -7.729831652
      1.728912228
    -0.1742508767
     -63.44416039
      23.62520441
     -8.012011211
      1.755741060
    -0.1752579422
      30.76407889
      35.27791448
     -16.33379510
      3.758546495
    -0.3700127701
     -9.238815398
      71.85755444
     -26.86595930
      5.769706812
    -0.5467186635
      6.567587884
      27.79383465
     -34.97423444
      9.255461392
    -0.9045319508
     -2.416844319
     -87.55847351
     -51.99810771
      14.82033481
     -1.384397022
     0.2026194107
      24.22836501
     -59.81844866
      20.11706690
     -2.042404858
    0.09233793322
      9.519095641
   -0.04435544394
      23.40529706
     -3.276016498
   -0.04163420837
     -12.34061346
      31.26957868
      22.72772370
     -5.946216767
   0.009324988459
      6.305186590
     -11.71631416
      3.321975749
     -11.33492477
  -0.001329317774
     -1.845678243
      10.04858478
     -22.35956571
     -19.71598152
  0.0001080561541
     0.2239538191
     -17.55535044
     -8.858942544
     -25.51878309
  1.276016225E-06
    0.06810463298
      16.19656787
      17.28592876
     -20.21797018
 -1.991880369E-06
   -0.04775910367
     -9.273422984
      8.260480409
     -7.239152349
    0.05000000000
     0.1000000000
     0.1500000000
     0.2000000000
     0.2500000000
   Q=    0.0000
