      0.000000000
      0.000000000
      0.000000000
      0.000000000
      0.000000000
  5.571818246E-12
 -2.675141092E-12
  7.303561181E-13
 -9.418744110E-14
  3.254140296E-15
  2.748970334E-11
 -5.019196435E-12
  3.415714203E-13
  6.650996296E-14
 -7.346943170E-15
  8.138988761E-11
 -5.629048402E-13
 -1.438210604E-12
  1.167003869E-13
  2.417853434E-14
  3.274964134E-11
  2.955749546E-11
 -2.798866939E-12
 -7.185465841E-13
  1.450324030E-13
 -2.727817332E-11
  7.597918437E-11
  7.739595240E-12
 -3.805699001E-12
  3.561221506E-13
  8.748000048E-12
  1.088208315E-10
  4.726614331E-11
 -8.755336865E-12
  4.359597481E-13
  7.748602865E-14
  3.069800434E-11
  1.166413943E-10
 -9.627066821E-12
 -8.788912678E-14
 -8.521669510E-13
 -1.263413828E-10
  1.402324737E-10
  5.051269361E-12
 -1.488160927E-12
  3.221948747E-13
  1.073055693E-10
  1.539671075E-11
  3.540862387E-11
 -3.001952144E-12
 -6.911813140E-14
 -5.002621106E-11
 -1.206588018E-10
  5.324993830E-11
 -3.040683696E-12
  9.514237920E-15
  1.372331818E-11
 -4.048142059E-13
  2.926614243E-11
 -9.813929862E-13
 -7.126643887E-16
 -1.374938850E-12
  1.219521038E-10
 -1.755282775E-11
  1.619700337E-12
 -2.531946301E-17
 -6.565588362E-13
 -1.302107374E-10
 -4.199613320E-11
  2.562967432E-12
  1.718019333E-17
  4.101819797E-13
  7.886060761E-11
 -3.172012653E-11
  1.393253620E-12
    0.05000000000
     0.1000000000
     0.1500000000
     0.2000000000
     0.2500000000
   Q=    0.0000
