    0.02430058595
   -0.01950379767
   0.005944738991
 -0.0004155543854
 -6.655323540E-05
     0.1094084424
   -0.03407393352
 -0.0001892652615
   0.002108487926
 -0.0002515487353
     0.5087007079
   -0.04310781924
   -0.01385055970
   0.003877756725
 -0.0001392577036
     0.8773607323
     0.1652337354
   -0.05784842608
   0.003863187181
  0.0005127221884
     0.5126610610
     0.6365670826
   -0.05538137976
   -0.01318503329
   0.002416988133
    -0.4381591435
      1.161730590
     0.1042953349
   -0.05247671792
   0.004736409533
     0.1703501708
      1.051623246
     0.5172257592
    -0.1042282264
   0.005419021224
   -0.02917359644
    -0.4139439625
     0.9902363047
    -0.1221515949
  2.992771388E-05
 -0.0008451136961
    -0.5743496680
     0.8618910260
   -0.04654231620
   -0.01627876701
   0.001798132981
     0.7131332478
   -0.01334869925
     0.1271383268
   -0.04453933472
 -0.0005121283927
    -0.3883022001
    -0.7186493256
     0.3273397805
   -0.07447824010
  8.560025745E-05
     0.1252588253
   -0.03204169985
     0.3589810574
   -0.08052237393
 -9.011866416E-06
   -0.02154612233
     0.8431446687
    0.03647219492
   -0.04657045439
  4.004439478E-07
  -0.001137434147
    -0.8991022868
    -0.4503832635
  0.0004436280633
  5.734666534E-08
   0.002103490496
     0.5429248961
    -0.5066643887
    0.01384383209
    0.05000000000
     0.1000000000
     0.1500000000
     0.2000000000
     0.2500000000
   Q=    0.0000
