      1.193935158
     -1.195970673
     0.5557637375
    -0.1228876622
   0.009554248448
      4.819987959
     -2.583631759
     0.7670407302
   -0.09114237500
  -0.001919603695
      15.51243890
     -6.253261988
      1.673900193
    -0.1523075192
   -0.01298490910
      5.759172803
     -10.72625814
      1.744561561
     0.2920523834
   -0.09440518166
     -30.75755736
     -25.61469195
     0.1911304686
      1.570284920
    -0.2685578104
      15.42622339
     -41.57088697
     -8.340927115
      4.643628208
    -0.6309068818
     -5.182817339
     -20.17574467
     -22.96883361
      9.887815505
     -1.290935305
     0.9857374394
      17.84619972
     -28.76888303
      17.48115851
     -2.445684700
   -0.05127119507
      4.791854740
     -11.89953591
      25.58057333
     -4.283742674
   -0.02932163598
     -12.27197013
      13.93255124
      26.37210860
     -6.979181615
    0.01066388270
      8.082497230
      13.17402970
      9.369538559
     -10.64117602
  -0.002037975093
     -3.080573188
     -10.26187326
     -17.63333936
     -14.61705717
  0.0002571958406
     0.7352965739
     -4.594633460
     -18.74821941
     -16.24108601
 -2.047081207E-05
   -0.08583320165
      9.543781081
      14.50024027
     -12.26296141
  4.134217116E-07
   -0.01240342871
     -6.598045285
      24.44709704
     -4.537214621
    0.05000000000
     0.1000000000
     0.1500000000
     0.2000000000
     0.2500000000
   Q=    0.0000
