      9.908352204
     -7.714017169
      3.311602025
    -0.7810074378
    0.07771996696
      27.28389111
     -18.82662919
      6.919920591
     -1.393024768
     0.1227553591
      234.2539923
     -67.29228610
      18.36528480
     -3.486911013
     0.3226944770
     -6.877838140
     -64.52100015
      27.91528936
     -6.357858549
     0.6186003733
     -133.7802418
     -166.8696219
      64.64965881
     -13.45822756
      1.192890813
      63.22116429
     -149.8415402
      96.15018879
     -22.16169497
      1.942960464
     -16.99235770
      125.1229655
      128.1404068
     -35.52474449
      3.147310875
      2.112803510
     -109.8765507
      79.36171296
     -48.01568022
      5.075632843
     0.3320953485
      128.8010374
     -174.5437748
     -63.61901218
      9.632028975
    -0.2318777912
     -100.3720862
     -126.8294957
     -76.92308643
      20.09411214
    0.05999545118
      48.75942748
      221.3387325
     -19.78737190
      41.76260000
  -0.009856362953
     -15.47972646
     -87.24557937
      51.93400997
      75.54761728
   0.001079419253
      2.976181401
     -39.07917527
     -20.52365288
      96.28862824
 -6.265038709E-05
   -0.09905385359
      69.83376202
     -15.28440879
      70.14695808
 -3.273697766E-06
    -0.1633374996
     -47.15420332
      110.1895026
      20.90869793
    0.05000000000
     0.1000000000
     0.1500000000
     0.2000000000
     0.2500000000
   Q=    0.0000
