      0.000000000
      0.000000000
      0.000000000
      0.000000000
      0.000000000
     0.4480964207
    -0.7928221855
     0.5181326255
    -0.1449507553
    0.01374754395
      8.017719770
     -3.756355795
      1.144687150
    -0.1333483213
  -0.005330433534
      22.62855777
     -6.989366531
     0.9987459349
     0.1903250245
   -0.06483722549
     -12.18148731
     -9.553625304
    -0.9296034793
      1.332039498
    -0.2357885924
      2.332756895
     -16.80465506
     -7.601938175
      4.669005580
    -0.6363102511
    -0.5652564306
     -5.781688629
     -21.64958437
      12.35835881
     -1.321392750
     0.1173921631
      6.863497950
     -30.45497357
      26.66554699
     -2.001054140
   -0.01549916144
     -3.726256694
     -14.15192360
      46.94354669
     -1.549800605
  -0.001802933526
    -0.1773778180
      23.17731749
      60.32643886
      1.887710243
   0.001544924831
      1.466296842
      20.24052239
      40.70741050
      8.727340795
 -0.0003884176823
    -0.8701853676
     -29.72203445
     -17.08162428
      14.91837188
  6.058183375E-05
     0.2988375095
      18.37252880
     -46.76578334
      13.89083487
 -7.004005629E-06
   -0.07767853975
     -9.058321818
      14.38323243
      5.933842950
  6.879385012E-07
    0.01834493681
      4.503660204
      53.23133692
     0.2508259884
    0.05000000000
     0.1000000000
     0.1500000000
     0.2000000000
     0.2500000000
   Q=    0.0000
