      0.000000000
      0.000000000
      0.000000000
      0.000000000
      0.000000000
     -110.7734445
      63.07837243
     -23.34639571
      5.048890744
    -0.4808156381
     -230.5368485
      85.66141262
     -27.80253137
      5.549214880
    -0.4751510887
      75.89127849
      137.8838345
     -56.62410468
      11.12696897
    -0.8511168178
     -53.54201895
      309.8169433
     -97.88052787
      15.11212290
    -0.7263521999
      40.83542773
      179.8162108
     -125.8716027
      15.21705892
     0.2624933867
     -11.53930951
     -367.9283467
     -195.6045338
      1.511620747
      3.760683101
    -0.4950278749
     -1.405639370
     -270.8805828
     -55.87914402
      11.39026510
      1.100076002
      150.0048139
     -71.19638890
     -161.8200911
      22.04413431
    -0.3704837296
     -117.9801734
      91.66401679
     -232.7305230
      31.74925288
    0.07469667051
      51.63505787
     -38.56397849
     -178.3617327
      36.61186307
   -0.01000424058
     -13.83413293
      81.37772453
      23.50559973
      34.59380858
  0.0007573957109
      1.432912075
     -141.6961753
      193.5011703
      30.37407033
  2.190304242E-05
     0.6461071942
      136.6105624
      1.922099569
      26.70340659
 -1.743047447E-05
    -0.4241476067
     -86.38470945
     -192.8060160
      13.98202026
    0.05000000000
     0.1000000000
     0.1500000000
     0.2000000000
     0.2500000000
   Q=    0.0000
