    -0.2625196429
     0.1992182813
   -0.06381726596
   0.007196604566
  3.488807332E-05
    -0.7021650267
     0.2138691776
    0.01473641787
   -0.01518154049
  0.0008581706951
     -4.684723379
     0.3010595197
     0.1056720543
  -0.003613704261
  -0.005454499022
     -5.925633917
     -2.685233936
     0.5073485084
    0.08051455574
   -0.02487021804
     -11.17640870
     -9.606484191
    -0.1499234856
     0.5477476688
   -0.07487445382
      7.343490259
     -20.59594157
     -3.904442048
      1.609226981
    -0.1494515834
     -2.776315037
     -17.90544498
     -12.24487521
      3.351785285
    -0.2222054027
     0.5285003178
      11.93880736
     -18.03621771
      5.527701641
    -0.1993697794
   -0.01714336212
      3.637798087
     -8.784874508
      7.885236560
     0.1150360706
   -0.02005697727
     -8.023299250
      5.883468072
      8.603723250
     0.9486590514
   0.006619229691
      4.970922514
      7.524147633
      2.699229433
      2.064422053
  -0.001195083065
     -1.765645518
     -2.059270999
     -8.067582054
      2.344422779
  0.0001390900583
     0.3654761056
     -7.613899309
     -7.644304571
      1.004794662
 -8.878581957E-06
   -0.01704955745
      9.234376532
      8.402499606
    -0.6278370367
 -2.771131316E-07
   -0.01838736750
     -5.735870377
      13.29695641
    -0.6957571460
    0.05000000000
     0.1000000000
     0.1500000000
     0.2000000000
     0.2500000000
   Q=    0.0000
