    -0.1351682292
     0.1210163308
   -0.04806993177
   0.008452894960
 -0.0004100490920
    -0.4587938701
     0.2035262889
   -0.04144033512
  0.0002628709554
  0.0009051336711
     -1.352688484
     0.4222946086
   -0.08269808247
  -0.001092023937
   0.002264632915
      1.627075074
     0.4972054287
   -0.01620106141
   -0.04835642543
   0.008374740090
      4.706912221
      2.317005731
     0.1946155435
    -0.1531803372
    0.01570873047
     -2.901302148
      5.124954587
      1.427493219
    -0.3388089970
    0.01801796874
     0.9764337316
      5.023589904
      3.914755133
    -0.3558941132
 -9.832543314E-06
    -0.1507705683
    -0.7149418394
      6.074491018
     0.2073810056
   -0.02567199759
  -0.007476847025
     -3.889642241
      4.426368548
      1.588678272
    0.01666763529
    0.01010622120
      4.053678756
    -0.7894427138
      3.105786470
     0.2761176075
  -0.002790926688
     -2.125277203
     -3.035152518
      3.258523838
     0.8440047786
  0.0004650393582
     0.6861518203
    -0.1268335414
      1.070564902
      1.519827714
 -4.985393586E-05
    -0.1238703154
      4.035406267
     -1.847490351
      1.753147794
  2.466109059E-06
  -0.002695899101
     -4.485990435
     -1.555802265
      1.193545340
  2.629991942E-07
    0.01042100261
      2.827012540
     0.3160097724
     0.3663668238
    0.05000000000
     0.1000000000
     0.1500000000
     0.2000000000
     0.2500000000
   Q=    0.0000
