      0.000000000
      0.000000000
      0.000000000
      0.000000000
      0.000000000
     -10.26476499
      4.974066824
     -1.366582666
     0.1732160458
  -0.004414207115
     -40.18009436
      6.984482003
    -0.2193884314
    -0.2086852705
    0.02888371429
     -79.76747308
     -2.202939974
      2.797358533
    -0.4790452047
    0.01667638036
      1.240407892
     -34.09767484
      5.874766431
    -0.1698449167
   -0.05529654187
      10.42032050
     -69.13077092
      1.020059802
      1.730577991
    -0.2271087967
     -5.239028043
     -72.44255985
     -21.89927324
      5.539688237
    -0.4451806288
     0.5470968521
      23.50585190
     -60.67036899
      8.970510286
    -0.5252288164
     0.2782438718
      40.09518844
     -69.71063438
      6.818069755
    -0.2744852090
    -0.1389833616
     -46.10906794
     -11.86347381
     -3.540109783
     0.2545047461
    0.03255799520
      23.55891183
      66.55399052
     -17.55229011
     0.5922769956
  -0.004679006358
     -6.703790380
    -0.1733313945
     -21.27771519
   -0.03428309356
  0.0003606013955
     0.6660964944
     -64.88453483
     -6.649541431
     -1.684469279
  1.220828275E-05
     0.3408163002
      68.46878324
      27.69434655
     -3.035616765
 -8.665133238E-06
    -0.2102599835
     -40.75769453
      38.84855363
     -1.947377343
    0.05000000000
     0.1000000000
     0.1500000000
     0.2000000000
     0.2500000000
   Q=    0.0000
