      0.000000000
      0.000000000
      0.000000000
      0.000000000
      0.000000000
   -0.01886594766
    -0.1281104987
     0.1032234125
   -0.02947123364
   0.002548719796
    -0.1765953200
    -0.5347616341
     0.2387599468
   -0.02971726562
  -0.001589583857
     -2.328267009
     -1.718404593
     0.3585182020
    0.03313293939
   -0.01438739735
     -2.660076436
     -4.776099848
   -0.03322129683
     0.2959349723
   -0.04670282935
      1.440774296
     -7.726645092
     -2.207851528
     0.9406574884
    -0.1069719739
    -0.4886347760
     -5.292839086
     -6.759433959
      2.050691914
    -0.1959916208
    0.02546507200
    0.06657908716
     -10.88001875
      3.529532544
    -0.2974711657
    0.03332649333
      4.761352013
     -8.489928274
      4.958528888
    -0.3584273288
   -0.01451868905
     -4.763872589
      3.215772959
      5.164690735
    -0.3065028254
   0.003366143347
      2.483734522
      8.185180473
      2.421378879
    -0.1684981131
 -0.0004986728190
    -0.7663159184
     -4.513054495
     -3.175650167
    -0.1764756550
  4.325581105E-05
     0.1132059784
     -2.657392088
     -4.869132213
    -0.5363560708
 -8.970723444E-08
    0.01711130207
      4.574319896
      3.412047084
    -0.8557102048
 -6.741632303E-07
   -0.01604811305
     -3.004396946
      7.720694238
    -0.5133073932
    0.05000000000
     0.1000000000
     0.1500000000
     0.2000000000
     0.2500000000
   Q=    0.0000
