      0.000000000
      0.000000000
      0.000000000
      0.000000000
      0.000000000
  -0.006157436100
     0.1924528367
    -0.1301649650
    0.02708216898
 -0.0002533581841
     0.6742659227
     0.7375096750
    -0.2587267114
   -0.01293026466
    0.01221415998
      6.502462325
      2.826178699
    -0.1805781423
    -0.2387184427
    0.04624415291
      10.13746825
      9.684055675
      1.530989813
    -0.9674895656
     0.1145464991
     -5.561939383
      19.88289229
      8.535339042
     -2.468970497
     0.2014784067
      1.698621816
      20.58613646
      23.42538073
     -4.355730080
     0.2452306565
   -0.01406995259
      4.200950112
      38.00770279
     -5.330256558
     0.1507000752
    -0.1452568051
     -20.97282944
      30.05141605
     -4.342918801
    -0.1895668417
    0.05708423112
      18.76966333
     -9.732712264
     -2.051006138
    -0.8906691295
   -0.01270350852
     -9.311317649
     -26.30686643
     0.5934323107
     -1.936520551
   0.001838501114
      2.793755318
      12.83125598
      5.013127610
     -2.787148490
 -0.0001559595093
    -0.3971416951
      11.51020823
      5.656764941
     -2.412153601
 -3.274812541E-07
   -0.07027537519
     -17.79330827
     -7.721460983
    -0.8507231533
  2.591963875E-06
    0.06191777067
      11.82426231
     -14.85634040
     0.1345748748
    0.05000000000
     0.1000000000
     0.1500000000
     0.2000000000
     0.2500000000
   Q=    0.0000
