      2.629437302
     -2.086008059
     0.8124954958
    -0.1414125009
   0.005453060964
      16.23963044
     -8.122468966
      1.975460214
    -0.1257713067
   -0.02230644966
      94.13302283
     -20.06621216
      2.202495102
     0.3987845235
    -0.1282169326
      24.21742216
     -14.98307335
     -1.128144150
      2.284321586
    -0.4578930705
     -148.7444944
     -68.74780341
     -8.185789812
      8.463326019
     -1.386838576
      77.45137634
     -168.1015597
     -48.45562993
      24.61146741
     -3.412503380
     -25.54376060
     -125.9266532
     -123.4338740
      52.54821092
     -7.242520930
      4.482444124
      68.12313200
     -151.9027643
      89.03676239
     -14.21139882
   -0.09858322154
      47.98720968
     -51.05367250
      117.4568177
     -26.39594237
    -0.1781744561
     -72.42904166
      63.87700845
      96.16724298
     -46.67337697
    0.05689736988
      42.76489952
      41.23485542
     -6.520932207
     -76.35772608
   -0.01023319020
     -15.12946066
     -11.11254020
     -100.4216600
     -106.5617314
   0.001207210697
      3.222436933
     -60.01855353
     -37.46473586
     -111.7570467
 -8.197334810E-05
    -0.2100597637
      72.76673072
      76.90736491
     -74.47542173
 -1.233042314E-06
    -0.1340169686
     -46.09336101
      53.47264361
     -23.08886207
    0.05000000000
     0.1000000000
     0.1500000000
     0.2000000000
     0.2500000000
   Q=    0.0000
