     -11.51140653
      12.14943568
     -6.018908272
      1.507236635
    -0.1528762813
     -47.23335943
      25.36673502
     -8.531881787
      1.586007636
    -0.1186507091
     -133.8445441
      58.21870341
     -20.08147927
      3.947443992
    -0.3125381168
     -188.6686251
      97.11072912
     -27.96965864
      3.833479300
    -0.1136027391
      76.43022385
      134.4802534
     -32.46195138
      1.704974697
     0.4093183710
     -1.930702731
      103.3770282
     -24.00447568
     -8.928320910
      2.163531200
     -1.605835253
     -108.9801933
     -14.15568084
     -40.89396035
      6.202589938
     -1.315541325
     -100.5302785
     -41.17084833
     -117.1420413
      13.07425354
     0.8536460524
      148.1766348
     -85.34277555
     -245.1922201
      20.42021777
    -0.2509734927
     -94.07270255
     -100.4076836
     -349.3328422
      22.91076074
    0.04521595221
      34.11031943
      21.53368402
     -262.8000033
      19.20345828
  -0.004911995795
     -6.177040238
      132.3135759
      64.43196001
      19.41551819
  0.0001139432004
    -0.8477016550
     -196.4552416
      259.5527052
      33.13604907
  7.818592960E-05
      1.104499896
      161.7123917
     -29.91490900
      42.09789861
 -1.965980356E-05
    -0.4699104773
     -92.02793763
     -223.4658162
      22.34520356
    0.05000000000
     0.1000000000
     0.1500000000
     0.2000000000
     0.2500000000
   Q=    0.0000
