      0.000000000
      0.000000000
      0.000000000
      0.000000000
      0.000000000
   -0.01218265531
  -0.001374459929
   0.003670777562
  -0.001099807197
  6.585033728E-05
   -0.05356961203
   -0.02188804504
    0.01074659734
 -0.0005690073363
 -0.0002655014072
    -0.2593637375
   -0.09995824831
    0.01240891900
   0.005789145811
  -0.001243414051
    -0.3449286550
    -0.3451682111
   -0.03725640447
    0.02754314658
  -0.003091457140
     0.1945174266
    -0.7077293857
    -0.2648145287
    0.07241913338
  -0.004786714767
   -0.06013660482
    -0.7245572272
    -0.7746897658
     0.1233942087
  -0.002763973942
  0.0006405759456
    -0.1385397784
     -1.304199756
     0.1303302709
   0.009553339660
   0.005114246528
     0.7384307692
     -1.080005415
    0.06253458409
    0.04214037034
  -0.002019965568
    -0.6649951505
     0.2989706671
   -0.02337271152
     0.1077069673
  0.0004500591814
     0.3300164076
     0.9514541326
   -0.05161491522
     0.2088371215
 -6.513682375E-05
   -0.09889011513
    -0.4499292860
    -0.1154523369
     0.3059061837
  5.517593424E-06
    0.01397262285
    -0.4175520358
    -0.1524230665
     0.3104065442
  1.518230278E-08
   0.002550066322
     0.6397643946
     0.2443222721
     0.1864753506
 -9.274227132E-08
  -0.002220511658
    -0.4253238314
     0.5139965412
    0.04661227849
    0.05000000000
     0.1000000000
     0.1500000000
     0.2000000000
     0.2500000000
   Q=    0.0000
