    0.02755877487
  -0.006594589385
  -0.006168152159
   0.003619324253
 -0.0005241918243
    -0.1971478412
     0.1249394439
   -0.05249629756
    0.01073361023
 -0.0006736699430
    -0.8476306412
     0.3543833574
    -0.1020514040
    0.01301439683
  7.945797774E-05
     -5.007471891
      1.054991923
    -0.1880608003
  0.0008149849869
   0.004799024418
   -0.05580133697
      1.088791972
   -0.09912888368
   -0.09428553153
    0.02270203541
     0.9473095706
      1.419387541
  -0.005085561191
    -0.4024364261
    0.06967856292
    -0.3135762575
     -2.137071874
   -0.03956098129
     -1.344720156
     0.1628115818
  -0.002834376538
     -4.124256050
     -1.914444253
     -3.590996478
     0.2535126489
    0.02797893362
      5.839203309
     -4.595738525
     -7.560959987
     0.1243130766
   -0.01018817570
     -3.966865311
     -2.909807084
     -10.99174267
    -0.6152733235
   0.002097996205
      1.612940976
      2.286887971
     -8.384814728
     -2.071838384
 -0.0002761639653
    -0.3867530820
      2.970399350
      1.645072568
     -3.432437094
  1.864966101E-05
    0.01881935634
     -6.103333703
      7.748566583
     -3.345132328
  1.251636035E-06
    0.02905226880
      5.493843871
    -0.7136769096
     -1.726987165
 -5.906981041E-07
   -0.01536790464
     -3.254976354
     -6.914566802
    -0.3092997373
    0.05000000000
     0.1000000000
     0.1500000000
     0.2000000000
     0.2500000000
   Q=    0.0000
