      0.000000000
      0.000000000
      0.000000000
      0.000000000
      0.000000000
      11.01153798
     -5.529666196
      1.585633871
    -0.1974142840
 -0.0003276457658
      39.05786058
     -8.858985582
     0.9274469123
     0.2289108248
   -0.06483955354
      59.26506491
     -8.403576710
     -1.153913284
      1.109390050
    -0.1913226869
     -32.34806390
     -8.140770225
     -7.386376798
      3.651847566
    -0.5138540284
      6.389449404
     -20.71108478
     -23.90870660
      9.662798631
     -1.148825964
    -0.7705078467
     -3.868482659
     -53.48924189
      21.46921263
     -2.125563235
   -0.06578431946
     -6.697598030
     -67.58889635
      41.30145576
     -2.956532593
    0.05185800927
      5.322328286
     -30.71269987
      68.91906975
     -1.872454235
   -0.01794835460
     -5.175207790
      50.07200885
      88.40428750
      4.236746655
   0.004910207253
      4.289880349
      39.17287316
      64.15566518
      16.58555025
 -0.0009744610989
     -2.112728915
     -64.74371262
     -18.96404120
      29.08996360
  0.0001423667579
     0.7071508030
      43.32658798
     -70.29548615
      29.66750905
 -1.610967211E-05
    -0.1822026387
     -21.35251643
      16.67353905
      15.87993261
  1.496457923E-06
    0.04001674325
      9.353138518
      78.40474270
      2.898251769
    0.05000000000
     0.1000000000
     0.1500000000
     0.2000000000
     0.2500000000
   Q=    0.0000
