      1.348743861
     -1.289121683
     0.5844670039
    -0.1316399762
    0.01156556464
      4.919106550
     -2.527131643
     0.7383039492
    -0.1068108657
   0.004676249709
      18.46439897
     -6.054901794
      1.662338928
    -0.2621003878
    0.01521698078
      12.68270806
     -7.243632377
      1.728271392
    -0.1407477922
  -0.007135952996
     -13.88401387
     -12.47129194
      1.801116309
    0.05945199106
   -0.03081749465
      4.817061526
     -13.08161866
    -0.5779306379
     0.6687050754
   -0.07115139991
     -1.274095939
      4.919213707
     -4.001490919
      1.546012279
   -0.06056153073
     0.2635810686
      2.473968738
     -4.381463177
      3.125692349
     0.1838028613
   -0.03431182643
     -1.484247407
     -2.571523313
      5.885366760
      1.203678791
 -5.429849038E-05
    -0.6598089589
      5.420317756
      8.710159871
      3.854285880
   0.001341390914
      1.131769516
      5.445777397
      8.443810507
      8.488936995
 -0.0003897115456
    -0.6792559993
     -10.73984993
     0.5578346025
      13.36728587
  7.054866650E-05
     0.2636478479
      8.657381885
     -8.227386888
      14.37072654
 -9.421224737E-06
   -0.07526726458
     -4.662170580
     0.5000466336
      9.367102473
  9.611750549E-07
    0.01635469715
      1.871946028
      10.27399190
      2.764291053
    0.05000000000
     0.1000000000
     0.1500000000
     0.2000000000
     0.2500000000
   Q=    0.0000
