      0.000000000
      0.000000000
      0.000000000
      0.000000000
      0.000000000
      2.069247289
    -0.9598545483
     0.2483348188
   -0.03012960380
  0.0009579075117
      7.457673889
     -1.260452287
    0.06384569342
    0.02175084414
  -0.003186733971
      14.34490296
   -0.06492436144
    -0.2227005507
    0.03618068468
  -0.004263438893
   -0.05088839368
      3.970713841
    -0.3298334694
    0.05116790762
   -0.01924871650
     -2.018288499
      7.913807876
     0.7661785498
     0.2133044151
   -0.07664119835
     0.8360371916
      11.18055530
      4.002004161
      1.152604277
    -0.2232441089
   -0.02277287048
     0.9790133158
      9.551239671
      4.016260977
    -0.4511333720
   -0.07281382495
     -10.88819218
      11.42660513
      9.413845332
    -0.5708081754
    0.02922272596
      9.735434054
      3.496302011
      14.29633953
    -0.1943033268
  -0.006353047548
     -4.532245100
     -8.018219035
      11.75406814
     0.8555121233
  0.0008731290764
      1.213081493
     -4.299084454
    -0.4647829702
      1.969966540
 -6.339409603E-05
   -0.09934063371
      14.36906009
     -9.307639027
      2.036381084
 -3.081197903E-06
   -0.07291426549
     -14.00667050
     -1.522499303
     0.9757540264
  1.748047665E-06
    0.04253963626
      8.429689511
      5.177682367
     0.1229600649
    0.05000000000
     0.1000000000
     0.1500000000
     0.2000000000
     0.2500000000
   Q=    0.0000
