      0.000000000
      0.000000000
      0.000000000
      0.000000000
      0.000000000
      59.78697719
     -38.02500125
      16.57794060
     -4.302871983
     0.4908000294
     -3.141453399
     -28.54828366
      16.96550463
     -4.418978228
     0.4365232435
     -20.70778739
     -103.9850663
      39.51031503
     -7.003467417
     0.4492912213
     -234.3770803
     -172.7544293
      24.36540593
      2.343508230
    -0.8258685938
      113.6742468
     -332.9316416
     -66.81685302
      32.29308761
     -4.014442014
     -33.74454133
     -437.4867248
     -367.7908463
      106.9839771
     -11.09592675
     0.7766141477
     -33.80067378
     -769.6393006
      222.4992714
     -22.99924604
      2.591847861
      366.1745783
     -646.4450124
      349.7924771
     -41.36946823
     -1.047943645
     -343.1458580
      267.3514529
      407.5251849
     -66.13968459
     0.2365059821
      174.7053045
      564.7720125
      222.1639209
     -97.46865951
   -0.03455222086
     -53.40242714
     -330.4597089
     -244.0699224
     -137.1759733
   0.002974110543
      7.946991149
     -161.8563745
     -385.1362668
     -171.3260176
 -7.549171973E-06
      1.098553599
      298.2074314
      253.8139328
     -151.1728290
 -4.544616774E-05
     -1.067702930
     -197.0009474
      535.9967483
     -64.31581926
    0.05000000000
     0.1000000000
     0.1500000000
     0.2000000000
     0.2500000000
   Q=    0.0000
