      14.28043998
     -14.65430504
      7.149943353
     -1.757139383
     0.1738477181
      45.17566905
     -22.25521411
      6.142593374
    -0.8028182894
    0.02659548948
      52.40333246
     -22.37873965
      8.045587045
     -1.631711481
     0.1219171588
     -331.0809417
      19.08581995
     -3.008691797
      2.057601248
    -0.4152332223
     -178.8044455
     -20.95531827
     -24.20050466
      10.80350190
     -1.408657976
      159.2295853
     -127.0626309
     -96.06158206
      30.62091643
     -3.163854278
     -56.22691618
     -443.6454723
     -225.5801992
      54.80385291
     -4.936722142
      7.268246831
     -18.47644136
     -356.4370188
      54.37138785
     -5.643103781
      1.203791378
      344.5899182
     -206.2487451
     -21.99457324
     -5.733213365
    -0.7880384645
     -305.5492473
     -26.24563518
     -180.0734701
     -10.10662481
     0.1929645821
      143.7606134
      66.44799537
     -326.4946125
     -25.41408912
   -0.02907835471
     -40.24793798
      278.3607211
     -181.1946956
     -47.98676129
   0.002596784807
      4.581837045
     -514.7215715
      218.5354998
     -49.59481825
 -2.321296668E-05
      1.616794455
      448.1947706
      175.9558735
     -18.96373455
 -3.706616130E-05
     -1.099441935
     -253.8176572
     -86.77248334
      2.114439889
    0.05000000000
     0.1000000000
     0.1500000000
     0.2000000000
     0.2500000000
   Q=    0.0000
