   0.002966933214
   0.004136265173
  -0.006945939864
   0.003022375867
 -0.0003940301172
    0.04645232151
    0.01984302626
   -0.02400944353
   0.006284190599
 -0.0002974135409
     0.4518113739
     0.1244250535
   -0.07752815541
    0.01002940609
  0.0005103326496
      2.085111163
     0.6767298335
    -0.1534246122
  -0.009711722039
   0.004552400971
      2.924614723
      2.445494432
   -0.05051801282
   -0.09459305771
    0.01208942164
     -1.982811235
      4.711092253
     0.8147940492
    -0.2701705959
    0.01799095141
     0.7193041487
      3.995489804
      2.715677573
    -0.4405462386
   0.006735554247
    -0.1230085298
     -1.605179047
      4.401631589
    -0.3996995971
   -0.04762753366
  -0.001717003864
     -2.149394416
      3.172203608
  -0.006330381434
    -0.1818050520
   0.006782753865
      2.719215243
    -0.6534337742
     0.5974349865
    -0.4260729805
  -0.001988152485
     -1.510257426
     -2.562821615
      1.145112806
    -0.7448742419
  0.0003405820923
     0.5035008907
     0.2856548001
      1.153682819
    -0.9609804890
 -3.748271659E-05
   -0.09483894955
      2.694327905
    0.03397364460
    -0.8559330572
  2.015541439E-06
 -5.783946382E-05
     -3.101891568
     -1.577544472
    -0.4588329649
  1.611682892E-07
   0.006970562231
      1.940673877
     -1.692290752
    -0.1021514716
    0.05000000000
     0.1000000000
     0.1500000000
     0.2000000000
     0.2500000000
   Q=    0.0000
