      13.72897928
     -11.80719251
      4.576423799
    -0.8285465030
    0.05306975973
      54.21874097
     -22.38795701
      4.512117073
    -0.2821730927
   -0.01549980149
      207.6878530
     -45.84531377
      7.924614761
    -0.8505434320
    0.04427804628
      199.9499063
     -21.63282202
      1.437399148
     0.1468583744
   -0.02835271678
     -53.64155907
      1.036116514
     0.3039042670
    -0.1829284803
    0.02585036035
     -9.224149577
      53.33015144
     -2.584551509
    -0.3909034602
    0.01174992689
      8.902541149
      140.6948008
      13.53641625
     -1.937004112
    -0.1041021008
     -1.448982687
     -43.84071490
      59.46452026
     0.6040622077
    -0.8014523422
    -0.2549103580
     -57.91465591
      73.72090305
      15.30655891
     -2.166497800
     0.1762709191
      65.82921909
      45.96570789
      41.43028685
     -3.511330287
   -0.04339488816
     -32.20741236
     -55.48649892
      62.97888307
     -3.151804993
   0.006301177903
      8.538688657
     -64.52232568
      40.20731295
     0.2456249441
 -0.0004809785850
    -0.5452046621
      140.7117526
     -20.79136823
      4.380499903
 -1.817969321E-05
    -0.5931386018
     -121.8275077
     -48.78585650
      5.338703691
  1.191740971E-05
     0.3180276665
      66.74109096
     -36.10838890
      2.734646898
    0.05000000000
     0.1000000000
     0.1500000000
     0.2000000000
     0.2500000000
   Q=    0.0000
