      0.000000000
      0.000000000
      0.000000000
      0.000000000
      0.000000000
     -3.871907853
      1.309668930
   -0.05293585717
   -0.08275304026
    0.01546814083
     -14.56827745
     0.7051577128
     0.8742117483
    -0.2902524265
    0.02882022013
     -33.41283574
     -4.456768482
      2.645500685
    -0.5333559277
    0.04026238126
      11.33227128
     -17.29937531
      5.087400631
    -0.8221076436
    0.05001777740
     -1.438074921
     -17.07238536
      7.125422052
     -1.140252833
    0.04026006030
    -0.4199796805
     -1.150262131
      10.88921575
     -1.581910581
   -0.03653803978
     0.1830081873
      9.240845488
      12.42336751
     -1.991776986
    -0.3121570108
   -0.01516910503
     -1.495367586
     0.7914000666
     -3.539699494
     -1.063246811
  -0.005163622715
     -1.972432178
     -15.21765455
     -8.094968101
     -2.830623523
   0.001734465016
      1.100824700
     0.4254399495
     -11.63584442
     -5.971084519
 -0.0002245636404
    -0.1349781002
      15.46467044
     -4.227667327
     -9.294390557
  1.133132988E-06
    -0.1208036685
     -18.90638509
      7.560580223
     -9.815319243
  5.596583350E-06
    0.08760156942
      13.50263972
      3.518390030
     -6.252595676
 -1.335434209E-06
   -0.03358843319
     -6.793700389
     -3.844351727
     -1.833692416
    0.05000000000
     0.1000000000
     0.1500000000
     0.2000000000
     0.2500000000
   Q=    0.0000
