     0.3150686636
    -0.2750976217
     0.1015647057
   -0.01509564311
  0.0004071505789
      1.379795070
    -0.5219230385
    0.06729187509
   0.008744468018
  -0.002036393115
      5.693065515
    -0.9011269497
    0.03321396881
    0.01471395619
  -0.001408393685
      8.245831585
     0.5166672017
    -0.3213769139
    0.04500235652
  -0.001931901154
      2.065302595
      3.426222900
    -0.3944241034
  -0.006874957838
  0.0007799130595
     -2.646206221
      6.788287760
     0.3446462586
    -0.1016297096
  -0.009833318187
      1.088692278
      7.630323968
      2.779733363
    -0.1009359096
   -0.06460143980
    -0.1759194027
     -1.973029764
      6.416408136
     0.4561395773
    -0.2275687098
   -0.01271191675
     -4.904162971
      6.712836564
      1.973952269
    -0.5738028680
    0.01380760707
      5.424855220
      1.153253378
      3.771210981
     -1.150910489
  -0.003713407447
     -2.817552528
     -5.333111544
      4.042691392
     -1.894355273
  0.0005974220669
     0.8660243702
     -1.200298362
      1.567103441
     -2.492503508
 -5.913390868E-05
    -0.1309636187
      7.229059065
     -1.641827005
     -2.445175730
  1.834553171E-06
   -0.01782439123
     -7.313557073
     -2.705775257
     -1.551559460
  5.566053794E-07
    0.01800311113
      4.353499352
     -2.158607225
    -0.4544503873
    0.05000000000
     0.1000000000
     0.1500000000
     0.2000000000
     0.2500000000
   Q=    0.0000
