     0.1416934569
    -0.1370134974
    0.06068574284
   -0.01276596590
  0.0009382731449
     0.5314302724
    -0.2656199864
    0.07260150964
  -0.007350519133
 -0.0004212920589
      1.443928601
    -0.5987821885
     0.1595630931
   -0.01227222472
  -0.001774045404
    -0.9684396914
     -1.047379156
     0.1521677445
    0.04189851627
   -0.01048743875
     -5.014093795
     -3.302977234
   -0.08330765076
     0.1914884552
   -0.02563796257
      2.922450812
     -6.361267470
     -1.479965517
     0.5088205383
   -0.04731854181
     -1.000427476
     -4.991835039
     -4.210522880
     0.8609034718
   -0.06835970995
     0.1705629946
      2.075339706
     -6.150053294
      1.004731576
   -0.09724847007
  0.0003503529629
      2.672248632
     -3.728773591
     0.7332450402
    -0.1693189726
  -0.008492276413
     -3.434857983
      1.597493396
   0.009748513829
    -0.3577721916
   0.002552417461
      1.938224551
      2.888883144
     -1.162750525
    -0.7365733024
 -0.0004455742351
    -0.6622174550
    -0.6608251078
     -1.910145008
     -1.258606462
  5.064029027E-05
     0.1326820375
     -2.930789470
    -0.3904851377
     -1.574120443
 -3.067569751E-06
  -0.004464662234
      3.575929292
      2.103164986
     -1.238639813
 -1.390856674E-07
  -0.007592807111
     -2.289874884
      1.917449822
    -0.4577600551
    0.05000000000
     0.1000000000
     0.1500000000
     0.2000000000
     0.2500000000
   Q=    0.0000
