      0.000000000
      0.000000000
      0.000000000
      0.000000000
      0.000000000
     0.1428987130
    0.02641553208
   -0.05733717132
    0.02068011278
  -0.002277864152
     0.5653749207
     0.2734716230
    -0.1694445982
    0.03132763062
  -0.001018141466
      2.375500790
      1.068131002
    -0.3146376964
    0.01576268924
   0.004139609718
     0.8755160153
      3.090102188
    -0.2582591589
   -0.09088333032
    0.01841878826
    -0.6392900520
      4.475549102
     0.6698193218
    -0.3789787716
    0.04573782747
     0.2501582244
      2.467294443
      2.700427064
    -0.8860891798
    0.08434365740
   -0.01924724974
    -0.3661343033
      4.684373691
     -1.576420526
     0.1193217699
   -0.01541559706
     -2.229154812
      4.166179089
     -2.214940977
     0.1078796742
   0.007182780413
      2.370325332
    -0.8885184530
     -2.186285186
  -0.004742641954
  -0.001688670864
     -1.241639954
     -4.125860303
    -0.8277223347
    -0.2066116069
  0.0002493112173
     0.3761674616
      1.704290731
      1.574137456
    -0.3426062052
 -2.098519255E-05
   -0.05057820939
      1.942098443
      2.132143647
    -0.2143292618
 -1.566405319E-07
   -0.01142242813
     -2.695954110
     -1.748333414
    0.07469048719
  3.743841583E-07
   0.008979297575
      1.697555412
     -3.799756308
     0.1347424614
    0.05000000000
     0.1000000000
     0.1500000000
     0.2000000000
     0.2500000000
   Q=    0.0000
