     0.2790292171
    -0.2464115395
    0.09444831987
   -0.01529516903
  0.0005754202856
      1.121478420
    -0.4592005397
    0.07575627089
   0.003748535328
  -0.001873257947
      4.324311365
    -0.8906999794
    0.09653401099
   0.009463387585
  -0.002894566989
      3.241519334
    -0.2617461672
    -0.1551050681
    0.06957292031
  -0.008355981790
     -3.256916314
    -0.4302306709
    -0.4171438729
     0.1381491635
   -0.01151414674
      1.215272269
     -1.369952515
     -1.221944842
     0.2447413111
  -0.009903864186
    -0.3081628428
    -0.4435798605
     -2.313148467
     0.2222270654
    0.01096518409
    0.04903050077
    0.02523619052
     -2.231131641
   -0.03774863074
    0.05468759160
  -0.002643748616
     0.4660960532
    -0.2399917622
    -0.3887715502
     0.1239165956
  -0.001153359400
    -0.5424174822
      1.600702285
    -0.4629151800
     0.2212165038
  0.0004525806798
     0.3520729680
   -0.06751218415
    -0.1301096654
     0.3393414411
 -9.589717483E-05
    -0.1539443248
    -0.9972925057
     0.2424530351
     0.4300379588
  1.431905213E-05
    0.04805817179
     0.7947357440
     0.3910795789
     0.4204254190
 -1.563025484E-06
   -0.01059612905
    -0.2633684960
    -0.1220807349
     0.2969906745
  1.146277011E-07
   0.001389918468
   -0.02127131550
    -0.6625955223
     0.1162932077
    0.05000000000
     0.1000000000
     0.1500000000
     0.2000000000
     0.2500000000
   Q=    0.0000
