      0.000000000
      0.000000000
      0.000000000
      0.000000000
      0.000000000
     -1.999545191
     0.7092753703
   -0.07606836300
   -0.01618647152
   0.002946937739
     -9.112135205
     0.7100883295
     0.2890661556
   -0.07992411319
   0.003456416927
     -24.86615670
     -2.290343966
      1.035257337
   -0.08843163892
  -0.006060341299
      2.738585701
     -12.08814043
      1.461895601
    0.06318651761
   -0.02555318172
      1.776660217
     -16.21385710
    -0.4094547653
     0.3423171260
   -0.05032065415
     -1.014881958
     -10.70638928
     -3.903752797
     0.1913495841
   -0.09709147512
    0.07961480656
      1.240997214
     -8.368111601
     -1.339070031
    -0.3057136405
    0.07223321819
      11.08631002
     -11.82883395
     -5.625561759
     -1.080643425
   -0.03254976373
     -10.90608045
     -6.491255439
     -11.99777376
     -3.118686413
   0.007315250196
      5.197249894
      9.449343581
     -13.76754040
     -6.693613439
  -0.001010872712
     -1.370123303
      7.504266191
     -3.455750343
     -10.25539978
  7.063084862E-05
    0.08562394260
     -19.76765071
      9.008212889
     -10.59118036
  4.533246661E-06
    0.09860406028
      18.26502822
      4.093882971
     -6.594137734
 -2.202627508E-06
   -0.05375781604
     -10.62798820
     -4.003950871
     -1.881473315
    0.05000000000
     0.1000000000
     0.1500000000
     0.2000000000
     0.2500000000
   Q=    0.0000
