     0.8798852228
    -0.8565937805
     0.3897479078
   -0.08654026469
   0.007264540670
      3.764493786
     -1.882097344
     0.5287161833
   -0.06883931239
   0.001695742705
      14.54523218
     -4.433013821
      1.099409391
    -0.1456789957
   0.004269377458
      18.35947527
     -5.530857359
      1.053955107
  -0.008102523580
   -0.02298736558
     -6.078587236
     -7.427942288
     0.8243466656
     0.3245684993
   -0.08210663294
    -0.3592285994
     -6.499398203
    -0.4719041642
      1.343051998
    -0.2322660107
     0.3786814559
      9.953694635
    -0.9961960106
      3.821804335
    -0.5143213630
    0.06006768083
      7.341362997
      4.165864070
      9.379231214
    -0.8520502084
   -0.07113760163
     -12.94158259
      10.07027281
      18.75186475
    -0.7578602819
    0.02365038121
      8.909144713
      8.310251771
      26.34285855
     0.6812181967
  -0.004588708957
     -3.465837216
     -3.794528326
      20.21796298
      3.856693619
  0.0005459907717
     0.7137049729
     -10.81483574
     -3.059617158
      7.188965297
 -2.323667875E-05
    0.03975505417
      17.89036232
     -18.41924557
      7.556342301
 -6.024090815E-06
   -0.09516513549
     -14.97950244
     0.7234616782
      4.234267225
  1.743259316E-06
    0.04260451964
      8.471183438
      15.78162022
     0.8944931810
    0.05000000000
     0.1000000000
     0.1500000000
     0.2000000000
     0.2500000000
   Q=    0.0000
