      0.000000000
      0.000000000
      0.000000000
      0.000000000
      0.000000000
     -20.55986157
      11.17558461
     -3.906782780
     0.7999367260
   -0.07382693397
     -21.36363713
      5.405197683
     -1.171982410
     0.2062128552
   -0.02481025702
     -31.13795268
      4.690699533
     -1.896308526
     0.6773328758
    -0.1038506500
      4.998588033
     -19.86574920
      1.833143680
     0.6921682073
    -0.1657982754
      1.406795348
     -41.96420398
    -0.1744127033
      2.205509091
    -0.3772759115
     -1.343257565
     -7.899280794
     -4.856402503
      3.503685419
    -0.5055223492
     0.2058932604
      7.285354215
     -6.156492440
      3.417291510
    -0.1731064961
    0.06194870215
      9.627719988
     -17.85130717
     -1.751263078
      1.991569533
   -0.03723505742
     -12.64728425
     -14.33387053
     -14.31999274
      8.184316534
   0.009146153924
      6.662702445
      23.65988612
     -19.17771023
      20.18254867
  -0.001343670157
     -1.906946822
     0.3661803868
    -0.7584439129
      35.84817112
  0.0001042249844
     0.1754200580
     -20.81621184
      13.76895915
      44.92400687
  4.029600900E-06
     0.1112423709
      22.15212012
      4.975501970
      35.22759528
 -2.694079136E-06
   -0.06715223162
     -13.46709766
      2.367084451
      12.84225793
    0.05000000000
     0.1000000000
     0.1500000000
     0.2000000000
     0.2500000000
   Q=    0.0000
