      0.000000000
      0.000000000
      0.000000000
      0.000000000
      0.000000000
    -0.8122352882
     0.4558357818
    -0.1733065026
    0.04243391217
  -0.005113058536
     -2.366955715
     0.6310664236
    -0.2204737314
    0.06829810203
  -0.009512144014
     -2.566669701
     0.4290320831
    -0.5535267636
     0.2097735105
   -0.02472586724
     -6.438278890
    -0.7390719658
     -1.794934847
     0.5419228069
   -0.04392053007
      3.656423742
     -7.117358713
     -5.497002686
      1.092328516
   -0.04687117102
     -1.049472977
     -15.23166984
     -13.93901808
      1.424033934
    0.01225740357
   -0.02198007872
     -3.942822728
     -23.32737339
     0.3555636600
     0.1509470746
     0.1010168367
      14.58910887
     -17.97819890
     -2.627017209
     0.2601828453
   -0.03747213670
     -12.30987801
      5.704117322
     -5.158458057
     0.1289781121
   0.008106126320
      5.897884020
      13.83485562
     -4.280671482
    -0.3405625584
  -0.001150423509
     -1.725362793
     -5.438359770
     -1.304823460
    -0.9881926366
  9.520489895E-05
     0.2332774608
     -8.607442573
      1.279985834
     -1.434141734
  6.870173680E-07
    0.04946567704
      11.85193726
      3.317465669
     -1.246568184
 -1.694291155E-06
   -0.04050919594
     -7.824398462
      3.138235340
    -0.5141320223
    0.05000000000
     0.1000000000
     0.1500000000
     0.2000000000
     0.2500000000
   Q=    0.0000
