    0.04544143162
   -0.06151415042
    0.03797235971
   -0.01104489213
   0.001139863803
     0.1765029962
    -0.1630962434
    0.07823728500
   -0.01505027766
  0.0004050355898
   -0.09592055781
    -0.4948467266
     0.2078700448
   -0.02353629245
  -0.001568568136
     -2.761889250
     -1.717899742
     0.3429751172
    0.03323067710
   -0.01262963641
     -6.477466803
     -5.404210984
    0.05495343656
     0.2499225754
   -0.03472704461
      4.048115370
     -10.18581339
     -1.895797647
     0.7231628715
   -0.06405173453
     -1.455981252
     -7.871693059
     -5.957362271
      1.343649095
   -0.08003596164
     0.2606116174
      4.229600650
     -8.984432427
      1.837133213
   -0.04389212985
  -0.002884681244
      3.212395627
     -5.472538618
      1.969574441
     0.1131441678
   -0.01190202531
     -4.801671666
      2.293769483
      1.435298195
     0.4590889689
   0.003693700417
      2.799557809
      4.615185223
    -0.5414680353
     0.9152966017
 -0.0006524923132
    -0.9693661615
     -1.228585375
     -3.042104506
      1.114477870
  7.470364358E-05
     0.1960288369
     -4.206853217
     -1.841919289
     0.7371655651
 -4.584233678E-06
  -0.007193884964
      5.191543579
      3.519834915
     0.1113825495
 -1.922491384E-07
   -0.01088829116
     -3.295623689
      4.783751834
    -0.1142768114
    0.05000000000
     0.1000000000
     0.1500000000
     0.2000000000
     0.2500000000
   Q=    0.0000
