     0.4017076009
    -0.3495879104
     0.1277535775
   -0.01846912739
  0.0004083737744
      1.799787213
    -0.6756393894
    0.08450979734
    0.01223964238
  -0.002734028451
      7.468677181
     -1.165585571
    0.03216945678
    0.02264691483
  -0.002191857563
      11.09842244
     0.6435839025
    -0.4348808387
    0.06460951899
  -0.002870440246
      2.182958604
      4.328844409
    -0.5704416341
   0.006409030034
   0.001324879123
     -3.210271539
      8.214111451
     0.2511020803
    -0.1048791616
  -0.007048420916
      1.336169820
      9.430914328
      3.090050702
    -0.1043733264
   -0.05680412086
    -0.2113195453
     -2.032856898
      7.714140577
     0.5997194141
    -0.2017770917
   -0.01853331503
     -6.536330709
      8.641462069
      2.638815971
    -0.4768253194
    0.01784295322
      6.996784771
      1.902303433
      5.211506058
    -0.8540543936
  -0.004723441076
     -3.584197806
     -6.814283389
      5.697618080
     -1.239065063
  0.0007512837484
      1.085456741
     -1.901380480
      2.111999670
     -1.474695674
 -7.291798173E-05
    -0.1571141865
      9.620216327
     -2.503965010
     -1.377463303
  1.947931377E-06
   -0.02609737138
     -9.579409932
     -3.409173203
    -0.8647625295
  7.561545778E-07
    0.02381281611
      5.667859294
     -2.161069384
    -0.2456637405
    0.05000000000
     0.1000000000
     0.1500000000
     0.2000000000
     0.2500000000
   Q=    0.0000
