    -0.4724810165
     0.4781566730
    -0.2374698811
    0.05801762856
  -0.005362574323
     -3.274842885
      1.726034656
    -0.5198444261
    0.07805007693
  -0.004001249656
     -19.53982529
      4.714766920
    -0.9669893518
     0.1353914435
  -0.007473400254
     -51.82795093
      4.795882514
    -0.9720394668
     0.1608539671
   0.006918412501
     -24.92101541
     -7.167720918
     -1.980745557
     0.1961476994
    0.09230271550
      23.81654629
     -29.65799267
     -9.508548207
    -0.6267457128
     0.4221774694
     -8.613005644
     -60.06754076
     -29.25706393
     -5.913345181
      1.207797775
      1.116648627
     -7.285236102
     -58.73097424
     -22.01048500
      2.188781847
     0.1939762474
      55.70880239
     -57.04465676
     -51.62700544
      1.777517800
    -0.1270410733
     -49.83017090
     -8.801249280
     -77.16173005
     -3.031507926
    0.03147879284
      23.92070967
      32.66506072
     -64.25433202
     -13.76720210
  -0.004836283359
     -6.966533688
      20.86190099
     -1.785713705
     -25.91201641
  0.0004517122320
     0.9390166123
     -66.60619845
      49.49049469
     -29.06382473
 -8.697998176E-06
     0.2026424599
      65.02519842
      11.00879332
     -18.50169438
 -5.471546761E-06
    -0.1662634420
     -39.19664136
     -31.96758867
     -5.077498529
    0.05000000000
     0.1000000000
     0.1500000000
     0.2000000000
     0.2500000000
   Q=    0.0000
