      0.000000000
      0.000000000
      0.000000000
      0.000000000
      0.000000000
     0.4123758762
    -0.1470051975
    0.01411327854
   0.004693775181
 -0.0008867145388
      1.551732989
   -0.08609162302
   -0.06948938422
    0.01833035831
 -0.0009404058805
      3.664580540
     0.5020805740
    -0.1921618821
    0.01373648815
   0.001488577980
     0.2304408704
      2.176448225
    -0.1979495986
   -0.03481549166
   0.006513015597
    -0.5707633933
      3.402430223
     0.3801069823
    -0.1483181247
    0.01261909192
     0.2435684247
      2.833886846
      1.735293972
    -0.2525481464
    0.01499112717
   -0.01447194667
    -0.1434087123
      3.392961279
    -0.1658548394
    0.01548773519
   -0.01764905236
     -2.615916357
      3.508706489
     0.3371628992
    0.03815262120
   0.007672023368
      2.548015901
     0.2932762208
      1.153258802
     0.1393201385
  -0.001731729629
     -1.249130173
     -2.992112660
      1.540532701
     0.3607303559
  0.0002452868575
     0.3512334750
    -0.1406137013
     0.7965516680
     0.6264992765
 -1.884765226E-05
   -0.03553143310
      3.309263539
    -0.5031670613
     0.7263283225
 -6.172890124E-07
   -0.01732668865
     -3.500118534
     -1.104747043
     0.5259195289
  4.484992383E-07
    0.01086401720
      2.116788537
    -0.8589260953
     0.1875719059
    0.05000000000
     0.1000000000
     0.1500000000
     0.2000000000
     0.2500000000
   Q=    0.0000
