    -0.5257836511
     0.4050790053
    -0.1143878067
   0.004458092004
   0.001957172155
     -2.126405680
     0.6204982037
    0.04017594304
   -0.05184831338
   0.005973888099
     -10.02006898
     0.7283232986
     0.3433078084
   -0.09533534198
   0.004514975467
     -13.22364875
     -3.723837838
      1.299491899
    -0.1096752045
  -0.009763709021
     -6.167314794
     -11.61882677
      1.348199219
     0.2332279866
   -0.06113847630
      5.655701175
     -19.13560107
    -0.9101628707
      1.139876915
    -0.1636461017
     -2.340224803
     -14.91763303
     -6.818484121
      2.916274183
    -0.3433748719
     0.4406871275
      9.293290444
     -13.17678203
      5.396254109
    -0.5964279370
  -0.003063414016
      5.128861280
     -10.58565497
      7.502873340
    -0.9027419501
   -0.02155418226
     -8.533511535
      1.296465411
      6.745430214
     -1.277030513
   0.006583652489
      4.966013536
      9.926431999
     0.2501220210
     -1.885807290
  -0.001134751262
     -1.660153443
    -0.5836573168
     -8.281780769
     -2.930041327
  0.0001232076908
     0.3009661785
     -10.28103599
     -6.411295967
     -3.923239743
 -6.173876437E-06
   0.006970667268
      11.12720310
      8.273747743
     -3.539804792
 -6.192739202E-07
   -0.02483588144
     -6.604771069
      12.73809480
     -1.532174566
    0.05000000000
     0.1000000000
     0.1500000000
     0.2000000000
     0.2500000000
   Q=    0.0000
