     -5.122274391
      5.280066569
     -2.757371164
     0.7618279441
   -0.08832851285
     -21.65922805
      12.92681990
     -4.866146835
      1.059161282
    -0.1010451960
     -79.92020756
      31.17098046
     -10.97774935
      2.427744398
    -0.2371027449
     -13.25143574
      43.55592833
     -16.33364943
      3.063106836
    -0.2271371100
      106.7358976
      90.78697935
     -22.16810775
      2.487060214
   -0.05709453627
     -53.57393912
      116.8147738
     -6.232261774
     -2.876271478
     0.5681955889
      17.10374538
      45.31308620
      38.60335644
     -14.66695195
      1.945536831
     -2.972461571
     -26.86026431
      87.02608470
     -33.47275706
      4.687214027
    0.05239186194
     -39.06607497
      68.82274979
     -52.34031398
      9.657747826
     0.1258934522
      52.34278534
     -35.64760533
     -52.84821029
      18.18903964
   -0.04009351644
     -30.69606975
     -55.02042975
     -11.57130026
      31.24086562
   0.007264110960
      10.96826237
      29.43252374
      50.76309589
      46.30684182
 -0.0008715922724
     -2.417923818
      28.54122033
      38.15539984
      52.86076992
  6.233547158E-05
     0.2031194928
     -44.05481170
     -45.94975749
      38.98841608
  1.704606063E-07
    0.07856436357
      29.44305202
     -51.97454390
      13.45892223
    0.05000000000
     0.1000000000
     0.1500000000
     0.2000000000
     0.2500000000
   Q=    0.0000
