      0.000000000
      0.000000000
      0.000000000
      0.000000000
      0.000000000
   -0.01276611320
    0.02826506245
   -0.01776305434
   0.004176138937
 -0.0002178335930
  -0.008302384547
     0.1004661904
   -0.03593265670
   0.001280770662
  0.0009359316549
     0.5042225578
     0.3219472790
   -0.03632371284
   -0.01897117121
   0.004106585946
      1.024464188
      1.012641299
     0.1166566586
   -0.08804441662
    0.01061544610
    -0.5361072396
      2.018824182
     0.7900572211
    -0.2358012543
    0.01863678449
     0.1628175664
      1.918959209
      2.259916162
    -0.4308221130
    0.01994552202
  -0.002001796722
     0.3646523204
      3.710563975
    -0.5574516096
  -0.002461441153
   -0.01359622739
     -1.955325816
      2.975600258
    -0.5295300030
   -0.07783659135
   0.005396695620
      1.773935017
    -0.9873900927
    -0.3948835319
    -0.2457312188
  -0.001208896211
    -0.8892167036
     -2.682006863
    -0.1626050279
    -0.5135786093
  0.0001761371361
     0.2697848219
      1.440200543
     0.4433931796
    -0.7648451404
 -1.514441293E-05
   -0.03960793742
     0.9489374233
     0.7553402778
    -0.7572628078
  1.868771708E-08
  -0.006094562991
     -1.617319897
    -0.7503270909
    -0.4226864175
  2.401563983E-07
   0.005731976418
      1.089970264
     -1.734335210
   -0.08776651298
    0.05000000000
     0.1000000000
     0.1500000000
     0.2000000000
     0.2500000000
   Q=    0.0000
