      7.965920742
     -10.97220720
      5.726571572
     -1.351958135
     0.1140373335
      106.9659212
     -46.78980088
      11.52087850
     -1.136969757
   -0.01730554926
      377.7737766
     -80.94499353
      9.780521865
     0.2096122048
    -0.1303058175
      1371.921155
     -71.05727773
     -14.49340158
      4.732817329
    -0.4035559187
      189.6952247
      361.3117861
     -83.71426528
      9.564658641
    -0.3797455295
     -341.3791170
      868.5152802
     -85.84626932
     0.6227682097
     0.4248112519
      144.0103592
      1060.132208
      84.29217195
     -23.47358579
      1.296985236
     -22.81247252
     -266.4713160
      541.6856139
     -48.97755172
      1.063978673
     -2.086028701
     -709.3364538
      860.7341319
     -8.597815755
     -1.731536452
      1.947601767
      762.4424537
      416.5325236
      147.9005085
     -3.139182785
    -0.5090771538
     -385.1825342
     -794.2082523
      362.7705006
      6.997760184
    0.07948557527
      113.1213499
     -330.5945609
      386.2621101
      37.82356453
  -0.007415898560
     -14.65950468
      1182.730217
      76.68599125
      76.54746133
  0.0001357657747
     -3.559766176
     -1104.535116
     -472.8044898
      88.31641221
  8.950425660E-05
      2.713945871
      625.2193161
     -659.7615858
      47.87146516
    0.05000000000
     0.1000000000
     0.1500000000
     0.2000000000
     0.2500000000
   Q=    0.0000
