      1.178946247
    -0.9119208801
     0.2499228967
  -0.006347662416
  -0.004847336680
      5.329727438
     -1.527150624
   -0.08700448767
     0.1203868466
   -0.01400230181
      23.64728262
     -1.675498098
    -0.8287071695
     0.2348484136
   -0.01373664272
      37.85534952
      7.973608352
     -2.980595159
     0.3030705582
   0.007813239912
      15.40316251
      26.89806783
     -3.319624601
    -0.2765079484
    0.08160896926
     -14.98523660
      43.87263544
      1.777086525
     -1.705778792
     0.1897001463
      6.033165092
      36.78408176
      15.68036703
     -3.903754615
     0.2857593910
     -1.044713245
     -15.15719744
      33.52109147
     -5.441380394
     0.2223337037
   -0.03299408263
     -20.94627156
      32.78345420
     -3.684119773
    -0.1741501321
    0.06607168261
      26.16576801
      1.888491636
      2.669589687
    -0.9250991837
   -0.01875874777
     -14.23294886
     -28.47942707
      11.28715438
     -1.657796289
   0.003121430269
      4.561296556
     -1.221737424
      14.20446643
     -1.571588640
 -0.0003251467633
    -0.7665667534
      31.99039516
      3.140626744
    -0.2994444192
  1.366715200E-05
   -0.05134074576
     -33.79072120
     -17.32254204
      1.059367533
  2.240008678E-06
    0.07974927565
      20.23012548
     -21.33872187
     0.9218994783
    0.05000000000
     0.1000000000
     0.1500000000
     0.2000000000
     0.2500000000
   Q=    0.0000
