      0.000000000
      0.000000000
      0.000000000
      0.000000000
      0.000000000
      32.08200756
     -17.86866576
      6.463115812
     -1.372300084
     0.1299420789
      48.95898053
     -14.45878573
      3.718748138
    -0.6321971092
    0.05140509499
      45.26686533
     -14.75493218
      4.787532075
     -1.015456594
     0.1022842871
     -33.17716100
      7.594822905
     -1.780595043
     0.1397293977
    0.02391013520
      9.171545252
      34.49318219
     -11.87351986
      1.437689670
    0.02250255216
    -0.5161429222
     -5.551920691
     -30.64425070
      3.996392529
    0.06567325309
    -0.6065612243
     -42.70454032
     -55.60405484
      5.753994834
     0.4373930906
     0.2562663485
      37.47259159
     -30.88906596
      4.853408069
      1.128692722
   -0.06260164852
     -20.22830432
      39.10742200
      5.757927207
      1.763938354
    0.01116769280
      8.214365101
      9.608370838
      6.061367437
      1.527916708
  -0.001483789841
     -2.449871919
     -22.42429388
     -2.914986920
    -0.8432890211
  0.0001347148472
     0.4794623842
      9.594748670
     -1.499337852
     -4.533771153
 -4.645205158E-06
   -0.02907510227
     0.7848808365
      3.907531886
     -5.013951876
 -9.972560216E-07
   -0.01961780062
     -3.178819455
     -7.390405620
     -1.824471216
    0.05000000000
     0.1000000000
     0.1500000000
     0.2000000000
     0.2500000000
   Q=    0.0000
