      0.000000000
      0.000000000
      0.000000000
      0.000000000
      0.000000000
    -0.7703145649
     0.2667405195
   -0.01993272630
   -0.01083753474
   0.001897377726
     -2.927777505
     0.1373928169
     0.1446151822
   -0.03775032463
   0.002044236907
     -6.962721131
     -1.013842344
     0.3924702783
   -0.03194391391
  -0.002435010666
    -0.1683113405
     -4.215631722
     0.4324561325
    0.05583117690
   -0.01232534894
     0.9443379685
     -6.315748880
    -0.5814288235
     0.2673398430
   -0.02641599347
    -0.4270764404
     -4.869602134
     -2.908611272
     0.4812754237
   -0.04022535746
    0.02977083413
     0.5019929273
     -5.712439980
     0.4002312980
   -0.06581962252
    0.02949278914
      4.383421018
     -5.997182946
    -0.3962951993
    -0.1612702751
   -0.01316187446
     -4.374040380
    -0.6710822294
     -1.853669427
    -0.4493246352
   0.002992271986
      2.156125524
      5.150740044
     -2.744861798
     -1.015061860
 -0.0004245010549
    -0.6050830385
     0.4551367721
     -1.598161395
     -1.668390374
  3.244319390E-05
    0.05935119480
     -5.967259144
     0.8371026509
     -1.890670557
  1.135589460E-06
    0.03103400985
      6.215657457
      2.045669221
     -1.346352849
 -7.894629919E-07
   -0.01915019672
     -3.734942899
      1.504822139
    -0.4663686772
    0.05000000000
     0.1000000000
     0.1500000000
     0.2000000000
     0.2500000000
   Q=    0.0000
