     -8.125868728
      6.477825368
     -2.459235280
     0.3872085239
  -0.005446801077
     -44.78141798
      21.45253223
     -4.512862468
   0.005827383165
     0.1025125218
     -269.8163251
      50.80078015
     -2.882811082
     -1.734985079
     0.3655680162
     -197.9216047
      9.265980092
      13.82117057
     -6.472138509
     0.9793002598
      58.84032218
      17.82761534
      36.66451016
     -16.39861362
      2.323308526
      8.411711132
      22.36025194
      93.43759062
     -36.51537001
      4.933608856
     -6.846368179
     -97.18884716
      132.4673132
     -64.59045505
      9.769543892
     0.3581578319
     -32.28831292
      34.76607445
     -100.4583656
      19.14842756
     0.5989676711
      117.3045180
     -150.9699389
     -136.1495179
      36.40420045
    -0.2497611732
     -95.53729883
     -135.1666873
     -132.5968364
      64.81404666
    0.05351803710
      40.89200984
      117.8257735
     -55.76467660
      102.4091269
  -0.006959816487
     -9.418666601
      82.83122240
      24.01561073
      131.6585120
  0.0004098487783
    0.05190242630
     -188.0951923
      18.22757453
      121.9501914
  4.745173991E-05
     0.9165282397
      158.7805779
      25.33030176
      68.24331837
 -1.708363215E-05
    -0.4294808035
     -85.24722346
      78.75272265
      15.80069686
    0.05000000000
     0.1000000000
     0.1500000000
     0.2000000000
     0.2500000000
   Q=    0.0000
