      0.000000000
      0.000000000
      0.000000000
      0.000000000
      0.000000000
     -2.877381998
      1.306071680
    -0.2992209293
    0.01414875964
   0.004422704479
     -10.12390257
      1.750790478
    0.05423201776
    -0.1255604388
    0.02169656839
     -17.46929751
     0.6949618878
     0.9364512451
    -0.3957638693
    0.05336074210
      11.75089681
     -1.459410155
      3.177434972
     -1.077236766
     0.1229433757
     -3.235381615
      3.620059686
      8.480472286
     -2.497267597
     0.2363532414
     0.5301218736
      6.995301721
      18.90050373
     -4.882244697
     0.3690973376
    0.06696429004
      5.502409313
      26.46703639
     -8.051657770
     0.4020559813
   -0.06081496878
     -8.240763576
      14.75567690
     -12.04511090
    0.01600329412
    0.01977291837
      6.306674024
     -15.54568765
     -15.59338818
     -1.369794014
  -0.004331053049
     -3.330691898
     -14.12480123
     -12.67271996
     -4.029216007
  0.0006733112166
      1.183049229
      18.70705633
      2.876471011
     -6.705410170
 -7.171485332E-05
    -0.2737002902
     -8.764635288
      14.27253526
     -6.723047664
  4.089791541E-06
    0.03237934279
      1.715305532
     -3.643638340
     -3.549742972
  1.942256757E-07
   0.003470494713
     0.2970114402
     -16.94869033
    -0.6310219982
    0.05000000000
     0.1000000000
     0.1500000000
     0.2000000000
     0.2500000000
   Q=    0.0000
