     -1.579477386
      1.538205539
    -0.6983111676
     0.1568046785
   -0.01390644059
     -6.486478089
      3.163781608
    -0.8793698890
     0.1241824965
  -0.006356893764
     -23.79116684
      7.118724641
     -1.855939181
     0.3089672225
   -0.02296202542
     -29.94571552
      7.953233683
     -1.812146371
     0.2197163467
  -0.007496198398
      8.185701132
      8.397716037
     -1.838641999
     0.1313352915
   0.003967498470
      1.415119725
      3.816764604
    -0.8760984052
    -0.3825171177
    0.04104335295
     -1.005550348
     -18.71552305
     -1.122800892
     -1.942940620
    0.03178484828
    0.01518335824
     -6.659389683
     -7.774927886
     -6.670363337
    -0.3709186437
    0.09692225193
      18.49254002
     -13.80344371
     -16.99334293
     -2.276531182
   -0.03714831728
     -13.96635127
     -11.49485883
     -28.90280057
     -7.513984397
   0.007678551727
      5.748840492
      6.031280870
     -27.98633293
     -16.68963677
 -0.0009705762718
     -1.274386846
      17.01372940
     -2.503536201
     -25.83790669
  5.202849280E-05
   -0.02239513885
     -28.85255554
      22.15152693
     -26.85065724
  8.054796629E-06
     0.1432483856
      24.04646296
      2.960461425
     -16.75673934
 -2.660306795E-06
   -0.06638194439
     -13.38589187
     -18.50785632
     -4.713664291
    0.05000000000
     0.1000000000
     0.1500000000
     0.2000000000
     0.2500000000
   Q=    0.0000
