      6.304772188
     -6.045287683
      2.758888847
    -0.6397471232
    0.06001332073
      15.90047219
     -8.811343574
      2.934753337
    -0.5185990623
    0.03253467954
      26.94755671
     -20.50518666
      8.078081446
     -1.496498559
     0.1030492766
     -139.7012947
     -36.51283653
      10.57623075
    -0.8696391226
    0.03248021013
     -197.1569931
     -129.0943663
      8.043047908
     0.4751933962
     0.2304524519
      132.9110693
     -229.1017744
     -38.44084345
      1.220562382
      1.301577103
     -45.38933100
     -220.0925935
     -145.1838931
     -13.39646477
      4.589478078
      6.710731529
     -2.217750574
     -274.4391000
     -65.43399652
      10.63217646
     0.5386363022
      217.7833299
     -260.2112367
     -162.4106208
      17.66427882
    -0.5313106183
     -212.8984653
     -1.343752744
     -243.1549555
      20.98264588
     0.1420649216
      108.7441749
      183.6086767
     -195.5471944
      17.56921120
   -0.02321052794
     -34.28282091
      7.306558864
     -7.885698045
      10.72733935
   0.002418382940
      5.873620475
     -217.9391549
      132.3244130
      7.009440910
 -0.0001053497088
     0.3071657611
      240.2929436
      55.30773273
      6.702170205
 -1.603994320E-05
    -0.5809275226
     -151.1094101
     -35.58417309
      3.613596095
    0.05000000000
     0.1000000000
     0.1500000000
     0.2000000000
     0.2500000000
   Q=    0.0000
