      0.000000000
      0.000000000
      0.000000000
      0.000000000
      0.000000000
     -1.034124754
     0.3288562775
  -0.005964073921
   -0.01942839254
   0.002750864942
     -3.960822741
    0.05648288757
     0.2408041708
   -0.05177649029
   0.001386350999
     -10.18495133
     -1.801249741
     0.5746185159
   -0.01570243335
  -0.008980677120
     -1.733902138
     -7.135246208
     0.4183233484
     0.1973680784
   -0.03074574977
      2.071301926
     -11.50961131
     -1.904237413
     0.6825754262
   -0.05828336462
    -0.8183629126
     -9.420131845
     -7.176057589
      1.218298545
   -0.06950781160
    0.04285279934
     0.1204736415
     -13.10743889
      1.217408370
   -0.04602743071
    0.06019068463
      8.849995290
     -12.53696369
  0.0009867825939
  -0.003094344019
   -0.02583611813
     -8.559442139
     0.4200207323
     -2.197833811
   -0.01746223316
   0.005843905374
      4.238083807
      10.99084340
     -3.570627664
    -0.1767812002
 -0.0008355988606
     -1.218582168
     -1.502246832
     -2.630457591
    -0.4561682416
  6.631489319E-05
     0.1387496700
     -9.504796773
     0.1671897821
    -0.6864301341
  1.520486875E-06
    0.05118590630
      10.82991468
      3.782853850
    -0.6587339776
 -1.426759572E-06
   -0.03447774278
     -6.685197982
      4.574009090
    -0.3201388237
    0.05000000000
     0.1000000000
     0.1500000000
     0.2000000000
     0.2500000000
   Q=    0.0000
