      0.000000000
      0.000000000
      0.000000000
      0.000000000
      0.000000000
      11.82561104
     -4.401408149
     0.4545093043
     0.1882320086
   -0.04671945759
      49.89516602
     -5.142920820
     -1.974008720
     0.9577460199
    -0.1292195089
      123.5136324
      6.166244695
     -8.406865470
      2.523267255
    -0.2954385031
     -58.35960436
      39.41875812
     -21.57854159
      5.949641073
    -0.6579199574
      12.73683917
      19.30516028
     -44.66088090
      13.22092225
     -1.368779674
     -1.123442140
     -30.72334175
     -88.98459150
      27.25303219
     -2.585660027
    -0.4070577518
     -23.15630984
     -116.6992537
      49.28951982
     -4.301688017
     0.1727593920
      20.94141364
     -42.91811021
      80.12123127
     -6.074395897
   -0.04226124590
     -12.37344861
      89.90935120
      106.9983161
     -6.630402419
   0.008804906178
      7.236549444
      38.93636013
      82.06880659
     -5.470836933
  -0.001524969081
     -3.222907101
     -88.49634773
     -23.47248805
     -5.798203642
  0.0002126150450
      1.069356713
      65.09890038
     -86.05115821
     -10.95434666
 -2.421184655E-05
    -0.2827505916
     -33.70353982
      18.29116297
     -14.38071711
  2.326814976E-06
    0.06346030391
      14.48685433
      81.41354970
     -7.639152772
    0.05000000000
     0.1000000000
     0.1500000000
     0.2000000000
     0.2500000000
   Q=    0.0000
