      0.000000000
      0.000000000
      0.000000000
      0.000000000
      0.000000000
     -74.71405598
      52.56296657
     -24.81495084
      6.758335333
    -0.7929069617
     -155.4226798
      94.15099091
     -41.79561494
      10.45270528
     -1.101680898
      95.38409758
      179.4356514
     -87.83778638
      21.09320568
     -2.077958757
     -168.9569673
      337.0142655
     -161.7121776
      36.18936418
     -3.164318697
      95.50604122
      74.24146200
     -257.7065889
      56.49582271
     -4.244993493
     -25.56143652
     -567.3362338
     -435.7343771
      74.15364305
     -4.338867543
     -1.189353090
     -79.78840529
     -566.9740302
      57.04727160
     -2.674049775
      2.576278655
      365.0778880
     -259.0683314
     -10.28971240
    -0.8411957845
    -0.8910891534
     -289.1180044
      163.2440120
     -86.60114828
     -1.749494310
     0.1844450852
      131.3652309
      146.9129742
     -130.2140240
     -7.180282249
   -0.02518360798
     -36.43133046
      25.14232793
     -77.81117944
     -16.14294854
   0.001951385201
      4.215441966
     -274.7409829
      72.76129507
     -20.06035153
  4.273362168E-05
      1.394691043
      298.9760008
      95.10730224
     -12.16199548
 -4.074912693E-05
    -0.9653783895
     -185.7621648
      18.34065469
     -2.933806945
    0.05000000000
     0.1000000000
     0.1500000000
     0.2000000000
     0.2500000000
   Q=    0.0000
