   0.007499882064
  -0.005859588762
   0.001556890257
 -4.475372414E-07
 -3.711772944E-05
    0.04108619520
   -0.01152305532
 -0.0007942289870
  0.0008963059247
 -8.386417269E-05
     0.2056404344
   -0.01078267252
  -0.007894723549
   0.001593863952
  1.053918925E-05
     0.5094458477
    0.08345327161
   -0.02548300583
  0.0001800164765
  0.0004552075729
     0.3931930352
     0.3650921339
   -0.01771561208
   -0.01033322216
   0.001358274538
    -0.3082036787
     0.7083998847
    0.09808061039
   -0.03166957518
   0.001779326075
     0.1148033677
     0.6811226574
     0.3771648010
   -0.04687807069
 -0.0005544885768
   -0.01877378489
    -0.1945539101
     0.6847831935
   -0.01492950587
  -0.008793060733
 -0.0008255887755
    -0.4375782376
     0.5854994195
    0.09972481432
   -0.02505104128
   0.001251103804
     0.4973073172
   -0.01064320863
     0.2526276309
   -0.04757791766
 -0.0003484450193
    -0.2647101298
    -0.4586824908
     0.3181303849
   -0.06911221285
  5.774743999E-05
    0.08461534259
   -0.03553055963
     0.1764307252
   -0.07662629461
 -6.047721385E-06
   -0.01446744186
     0.5700721495
    -0.1038833905
   -0.06114993320
  2.644079466E-07
 -0.0008066040204
    -0.6094252448
    -0.2543732212
   -0.03033921190
  3.962479586E-08
   0.001440719579
     0.3721378999
    -0.1904105765
  -0.005721455116
    0.05000000000
     0.1000000000
     0.1500000000
     0.2000000000
     0.2500000000
   Q=    0.0000
