      0.000000000
      0.000000000
      0.000000000
      0.000000000
      0.000000000
     -1.399731728
     0.3321529551
     0.1050668578
   -0.07392886791
    0.01138831522
     -4.614990409
    -0.3838851055
     0.6316676972
    -0.1836184754
    0.01819304102
     -11.41933414
     -2.978087238
      1.553301748
    -0.3245862350
    0.02602359356
      4.408575126
     -8.747766796
      2.896802811
    -0.4878135375
    0.03028636724
    -0.9204254139
     -8.232632211
      4.103900490
    -0.5617421246
    0.02054893473
   -0.06465350694
      2.084885184
      5.871855139
    -0.3558178189
   0.001436984093
    0.08962839942
      4.902508775
      6.566633319
     0.5815900062
    0.03961371688
   -0.02256480047
     -3.096611547
     0.7190325163
      1.971639704
     0.3487143133
   0.003106238404
     0.9170015101
     -5.879019576
      2.020007103
      1.203280584
 -0.0002930149176
    -0.2300053176
      1.335595941
   0.001307720267
      2.604056331
  3.258720358E-05
    0.09881297789
      3.636813903
     -1.758940788
      3.950390320
 -6.920418689E-06
   -0.05185525207
     -4.529307535
     -1.471602619
      4.158280151
  1.495032754E-06
    0.02116805690
      2.941458409
      1.788325023
      2.690429790
 -2.419728724E-07
  -0.006321750419
     -1.251832183
      4.156908901
     0.7741828953
    0.05000000000
     0.1000000000
     0.1500000000
     0.2000000000
     0.2500000000
   Q=    0.0000
