 -4.699844809E-05
  3.647201556E-05
 -2.157406195E-05
  8.054277328E-06
 -1.261589077E-06
  4.386136509E-05
  7.762455163E-05
 -6.830939614E-05
  2.298347340E-05
 -2.760498774E-06
 -0.0007681308532
  0.0005899055477
 -0.0002723165234
  6.256031247E-05
 -5.352842173E-06
   0.002555768428
   0.001548303409
 -0.0005888518862
  8.878805200E-05
 -3.426554193E-06
   0.005264968904
   0.005399323194
 -0.0009739116622
  3.443732246E-05
  7.955070672E-06
  -0.003278418263
    0.01008562427
 -1.798237721E-05
 -0.0002693752635
  3.228331683E-05
   0.001213266669
   0.005631833032
   0.003479818828
 -0.0007493075683
  5.355742507E-05
 -0.0002346262963
  -0.004518930276
   0.007355559014
  -0.001020005289
  4.987211459E-05
  9.439457368E-06
  -0.001555908302
   0.006487927002
 -0.0006762452775
  2.644145140E-06
  8.491623102E-06
   0.003536024803
  -0.001819514728
  0.0002112606902
 -9.512881324E-05
 -2.931477474E-06
  -0.002274883635
  -0.006638396454
  0.0008831041216
 -0.0002360835872
  5.490154833E-07
  0.0008515749474
   0.004757104626
   0.001191742407
 -0.0003776748071
 -6.752952981E-08
 -0.0001967572297
  0.0005795997712
   0.001050018067
 -0.0003740736391
  4.989639352E-09
  1.926876217E-05
  -0.002728881122
  -0.001958702589
 -0.0001541584902
 -9.005460658E-12
  5.381126731E-06
   0.002115761088
  -0.003143896635
  2.301840644E-06
    0.05000000000
     0.1000000000
     0.1500000000
     0.2000000000
     0.2500000000
   Q=    0.0000
