     -15.47458802
      18.50477787
     -10.07774174
      2.787432587
    -0.3180765556
     -79.40959589
      42.11031585
     -14.99060702
      3.186329919
    -0.3090378753
     -166.7235952
      75.88138792
     -29.81731374
      7.488255695
    -0.8638694315
     -464.5928908
      95.06769874
     -34.99167912
      9.897896971
     -1.261472292
     -127.8377916
     -104.8737503
     -24.06947876
      16.97836631
     -2.571344801
      156.3823651
     -485.3070458
     -42.00712280
      37.54555531
     -5.288694042
     -66.00203396
     -514.5389767
     -122.2502957
      78.89448043
     -9.968709393
      11.64594878
      246.0091831
     -223.9461897
      144.8366084
     -16.38946113
     0.3341846539
      208.1857689
     -263.2021844
      209.2261688
     -21.87216848
    -0.7142363127
     -280.2006746
     -139.8768403
      183.2497366
     -23.00508238
     0.2003848454
      150.8125630
      320.3758364
     -8.968232139
     -21.77183641
   -0.03255752326
     -46.47080742
      96.24224214
     -233.1159321
     -27.08966916
   0.003223830817
      6.861683232
     -431.3618588
     -200.5241182
     -42.26316198
 -0.0001017733754
      1.003826825
      406.9302142
      238.1160734
     -51.31915458
 -2.908977226E-05
    -0.9505326445
     -227.3900807
      461.2493610
     -29.67375867
    0.05000000000
     0.1000000000
     0.1500000000
     0.2000000000
     0.2500000000
   Q=    0.0000
