      0.000000000
      0.000000000
      0.000000000
      0.000000000
      0.000000000
      1.238671954
   -0.07005531262
    -0.2363941445
    0.08897787927
  -0.008369389194
      5.411652822
      1.156338479
    -0.8227095146
     0.1172022709
   0.004360815499
      19.52026748
      6.261674697
     -1.458416361
   -0.09832286318
    0.04865098760
      9.598132125
      20.70605416
    -0.1077854492
     -1.024127932
     0.1485979392
     -6.717584401
      34.29422585
      8.679560881
     -3.136641024
     0.2999701302
      2.380770335
      26.79967255
      27.57817318
     -6.101829322
     0.4434872933
    -0.1034797543
      1.009065706
      46.40548315
     -8.547204941
     0.4693704796
    -0.1766616626
     -25.64456562
      39.56170218
     -8.645737048
     0.2150332793
    0.07475967416
      24.65604104
     -8.540326875
     -5.277467572
    -0.4687118251
   -0.01700099939
     -12.43381012
     -36.06670123
      1.223800660
     -1.469399910
   0.002468777390
      3.701241824
      13.54797216
      9.501459565
     -2.091071542
 -0.0002054405724
    -0.4901458552
      20.07023465
      8.931131613
     -1.355907688
 -1.857069040E-06
    -0.1155256538
     -26.98418651
     -12.52848792
     0.2776002479
  3.750143644E-06
    0.09008175505
      17.25375398
     -22.92489645
     0.7130793751
    0.05000000000
     0.1000000000
     0.1500000000
     0.2000000000
     0.2500000000
   Q=    0.0000
