      0.000000000
      0.000000000
      0.000000000
      0.000000000
      0.000000000
     -1.937696420
     0.7459694410
    -0.1043689758
   -0.01412838382
   0.004153747987
     -6.169615819
     0.4641029649
     0.2510021237
   -0.08440250938
   0.007543960061
     -11.51618196
     -1.520475818
     0.7116160102
    -0.1053320663
   0.005719691835
    -0.4736115881
     -6.390101763
     0.9430838918
   -0.05713906557
   0.005121691251
      1.732458513
     -10.31967355
    -0.3405710640
     0.1008243628
    0.01866538799
    -0.7652393064
     -9.274392750
     -4.201847718
     0.1211626807
    0.09232107534
    0.05227108642
      1.087621366
     -9.869602686
    -0.5800801354
     0.2982972656
    0.05282381316
      7.785209251
     -11.22593134
     -2.506009554
     0.7168674555
   -0.02348650060
     -7.805690656
     -1.608262355
     -4.728391912
      1.384312295
   0.005332187867
      3.848346361
      9.641873981
     -4.673351831
      2.215654650
 -0.0007565617495
     -1.081690186
     0.4938672782
     -1.409128590
      2.877231624
  5.803427352E-05
     0.1077985190
     -10.40829043
      1.782760533
      2.793247043
  1.966188521E-06
    0.05456989437
      10.97515539
      3.070525429
      1.718037056
 -1.399114678E-06
   -0.03397056794
     -6.630071234
      3.274650847
     0.4628132814
    0.05000000000
     0.1000000000
     0.1500000000
     0.2000000000
     0.2500000000
   Q=    0.0000
