      3.702457588
     -2.667539241
      1.028155718
    -0.2047277416
    0.01511222967
      11.14520809
     -7.084534798
      2.240012562
    -0.3478570792
    0.01965997909
      103.9618009
     -25.32111853
      5.297089259
    -0.7259341672
    0.04785368177
      16.73432274
     -16.73036435
      6.058459244
     -1.243114847
     0.1111730307
     -45.41128745
     -47.69917893
      16.46562953
     -3.138648967
     0.2648727489
      17.87604005
     -42.14143480
      24.13777218
     -5.686315777
     0.5384118925
     -4.036311045
      57.83479136
      35.87571941
     -11.31412452
      1.151111917
     0.4195457571
     -43.78165595
      31.49902229
     -19.12575262
      2.268132311
    0.08993218206
      36.19967553
     -46.10432361
     -29.57229581
      4.463753687
   -0.05452364595
     -24.82658466
     -38.65781495
     -37.30889364
      8.466709946
    0.01399841660
      11.81047899
      65.93519288
     -11.30575698
      15.62830798
  -0.002369697576
     -3.911560726
     -36.96605208
      28.71054759
      26.67336045
  0.0002810581395
     0.8720271694
      5.045987617
      4.640331481
      33.96690426
 -2.105583128E-05
   -0.09456211249
      8.074126590
     -16.57426755
      25.47174946
  1.918772531E-07
   -0.01796363718
     -7.817050814
      17.59826648
      8.061291058
    0.05000000000
     0.1000000000
     0.1500000000
     0.2000000000
     0.2500000000
   Q=    0.0000
