      0.000000000
      0.000000000
      0.000000000
      0.000000000
      0.000000000
      3.915053292
     -1.037361027
    -0.2100077479
     0.1830470979
   -0.02985004468
      10.78014279
     0.9656945589
     -1.570244013
     0.4751784358
   -0.05026799327
      20.81547608
      6.865115374
     -3.739489279
     0.8577098647
   -0.07786007171
     -10.00947697
      17.80537542
     -7.169660519
      1.403323442
    -0.1069752597
      2.682772883
      15.63091028
     -11.23075270
      1.795317883
    -0.1135314197
   -0.07691361064
     -6.902672386
     -16.69470552
      1.308480250
    -0.1442439387
    -0.2104403919
     -12.69381442
     -18.50635194
     -1.514689985
    -0.4949992352
    0.07657826833
      10.94015380
     -4.124298110
     -6.493229649
     -1.999154923
   -0.01638844747
     -5.192836178
      12.96408665
     -9.172391309
     -5.782695693
   0.002637640100
      1.919400416
     -1.603322385
     -5.210200558
     -11.94132229
 -0.0003419783299
    -0.5946812445
     -6.580689030
      3.097320044
     -17.82193299
  3.515255813E-05
     0.1487264672
      5.918271335
      7.485801158
     -18.47176478
 -2.482752159E-06
   -0.02634739905
     -2.473544514
     -3.608714787
     -11.76705882
  2.087681033E-08
   0.001514044151
     0.2737479250
     -13.85563965
     -3.379704521
    0.05000000000
     0.1000000000
     0.1500000000
     0.2000000000
     0.2500000000
   Q=    0.0000
