      0.000000000
      0.000000000
      0.000000000
      0.000000000
      0.000000000
     -3.490173504
      1.160117982
   -0.02458163569
   -0.08516304168
    0.01572825222
     -12.16980716
     0.4006784609
     0.8577387811
    -0.2817489305
    0.02887425515
     -26.73689694
     -4.152298810
      2.434944760
    -0.5128074660
    0.04196130638
      8.438324167
     -14.93590256
      4.656968434
    -0.8030029197
    0.05678237600
    -0.8738865441
     -15.38273803
      6.491424807
     -1.084703979
    0.06425304600
    -0.4316603808
     -1.739820132
      9.013679618
     -1.353997464
    0.06429475366
     0.1562596904
      7.796949394
      8.797540654
     -1.410318489
    0.07115486775
  -0.007443003519
    -0.5696520988
     -1.715344673
     -2.099881917
     0.1315404230
  -0.006600842519
     -2.403865156
     -12.37040544
     -4.972944636
     0.1855546077
   0.001993760980
      1.343846505
      3.075901537
     -7.478051557
    0.02253803119
 -0.0002715581252
    -0.2542716692
      10.90888235
     -3.143493518
    -0.3452262118
  8.962635646E-06
   -0.07463757237
     -15.43082942
      3.968695867
    -0.4779456506
  4.455896650E-06
    0.07312178005
      11.60049585
      3.409061675
    -0.2547491042
 -1.191740484E-06
   -0.02977858764
     -5.945936338
     0.9698588209
   -0.06975514685
    0.05000000000
     0.1000000000
     0.1500000000
     0.2000000000
     0.2500000000
   Q=    0.0000
