      17.07485506
     -19.66753750
      9.803201219
     -2.335427006
     0.2126825353
      131.4584405
     -60.86362684
      16.40781238
     -2.142894913
    0.07946665800
      422.5707267
     -113.2386036
      24.84848250
     -3.422369435
     0.2066177161
      945.6908364
     -147.5722736
      23.31156206
     -1.551188659
    -0.1013245584
     -1338.082218
     -57.46676992
      4.798125869
      3.521494209
    -0.5544774653
      609.1678916
     -437.7349079
     -19.30063070
      12.84803120
    -0.8998369854
     -166.5226318
     -464.7839057
     -204.6874595
      27.06574814
     0.1715871286
      21.10273272
     -326.7801515
     -459.5116254
      4.363591987
      5.789226259
      2.257117820
      870.7391678
     -625.4727153
     -90.78179538
      16.74737399
     -1.760427471
     -720.0369136
     -105.3305277
     -255.7365487
      30.34420720
     0.4504008033
      346.0648271
      488.3641716
     -312.8775026
      38.23863047
   -0.07243678737
     -106.6581852
      118.0281458
     -142.1524542
      37.30995022
   0.007633925632
      18.74797165
     -678.5879243
      109.5279583
      27.35822602
 -0.0003833009696
     0.3690789985
      690.0135984
      200.6204706
      10.67002498
 -3.654537378E-05
     -1.512234377
     -417.5217869
      213.6047258
     -2.856926133
    0.05000000000
     0.1000000000
     0.1500000000
     0.2000000000
     0.2500000000
   Q=    0.0000
