      0.000000000
      0.000000000
      0.000000000
      0.000000000
      0.000000000
 -2.353805003E-11
  1.218967305E-11
 -4.040218842E-12
  7.987292818E-13
 -7.694384699E-14
 -2.130421802E-10
  4.910163037E-11
 -8.885126359E-12
  1.252400627E-12
 -1.469334784E-13
 -9.615968171E-10
  5.805756460E-11
 -2.536496307E-12
  2.256391229E-12
 -5.580103477E-13
 -6.632071488E-10
 -2.329666037E-10
  2.434269750E-12
  1.351112006E-11
 -2.074710009E-12
  4.609590956E-10
 -8.320289862E-10
 -1.327488955E-10
  5.263055367E-11
 -4.626458444E-12
 -1.295228997E-10
 -1.555252591E-09
 -6.455461577E-10
  1.157156363E-10
 -5.160103654E-12
 -7.333143285E-12
 -8.835027644E-10
 -1.637131317E-09
  1.236072162E-10
  3.076110415E-12
  1.510745685E-11
  2.257542826E-09
 -2.109314353E-09
 -9.463081975E-11
  2.453893169E-11
 -5.346065325E-12
 -1.783516626E-09
 -3.273517326E-10
 -5.552539928E-10
  4.827484067E-11
  1.112359858E-12
  8.023405611E-10
  1.734448002E-09
 -8.311692839E-10
  5.046355461E-11
 -1.495466937E-13
 -2.134614037E-10
  2.564615837E-10
 -4.684649261E-10
  2.126035684E-11
  1.075671966E-14
  1.926755598E-11
 -2.093121889E-09
  2.901361616E-10
 -1.783690629E-11
  4.844287379E-16
  1.114942339E-11
  2.128261060E-09
  6.463769705E-10
 -3.341715717E-11
 -2.803644572E-16
 -6.640378168E-12
 -1.266768188E-09
  5.031118687E-10
 -2.060023985E-11
    0.05000000000
     0.1000000000
     0.1500000000
     0.2000000000
     0.2500000000
   Q=    0.0000
