     0.2821264515
    -0.2281759028
    0.07172157506
  -0.006083054184
 -0.0006060014461
      1.202348444
    -0.3878194611
   0.006591206311
    0.02165270488
  -0.002858455936
      5.358647870
    -0.5371358432
    -0.1175202097
    0.04078893434
  -0.002369507117
      7.628965229
      1.476245864
    -0.5764398344
    0.05854850901
   0.002116626447
      2.996218549
      5.276873530
    -0.6466273116
   -0.07082616179
    0.02009949452
     -2.986212629
      9.058460000
     0.3651294396
    -0.4047953953
    0.05060935099
      1.221725694
      7.883744566
      3.252185202
    -0.9875283521
    0.09146165855
    -0.2164962150
     -3.688886808
      6.846245506
     -1.576433765
     0.1207400788
  -0.004731322461
     -3.826375000
      6.320447413
     -1.627549633
     0.1122516309
    0.01290500157
      5.097792434
     0.1522414720
    -0.5849116906
    0.06681733741
  -0.003716820179
     -2.812772217
     -5.551614159
      1.666426343
    0.06466501034
  0.0006219053518
     0.9069708703
    -0.2881515918
      3.356744173
     0.2503339037
 -6.506904876E-05
    -0.1533585824
      6.385802902
      1.376058481
     0.5908775419
  2.784796524E-06
  -0.009755568838
     -6.701283754
     -3.801871923
     0.7161899317
  4.359167764E-07
    0.01566570615
      3.984040027
     -5.000292428
     0.3733534055
    0.05000000000
     0.1000000000
     0.1500000000
     0.2000000000
     0.2500000000
   Q=    0.0000
