    -0.7449585998
     0.7093500054
    -0.3138477058
    0.06662822488
  -0.004993056615
     -2.452737839
      1.282069838
    -0.3694385286
    0.04119007139
   0.001744263373
     -6.311997543
      3.027343407
    -0.8784908904
    0.07814804282
   0.008317950682
      10.96389865
      5.482204214
    -0.9372933664
    -0.1930316272
    0.05373647855
      27.25474649
      18.69113148
    0.08050615614
    -0.9485001300
     0.1326466813
     -16.83776739
      34.96574466
      7.401117446
     -2.540177485
     0.2492848366
      5.788966628
      28.78487028
      22.02800788
     -4.050638525
     0.3893866405
    -0.9423586724
     -8.015748848
      34.37493990
     -3.712206281
     0.7106305070
   -0.02620065476
     -19.84152218
      24.91373872
     0.3439364922
      1.706587268
    0.05602950747
      22.52969028
     -5.386874944
      7.414556352
      4.248372906
   -0.01600129335
     -12.17258718
     -18.94550024
      13.15090328
      8.805901128
   0.002711691234
      4.007873963
      1.189954282
      10.35438111
      13.90944471
 -0.0002962199084
    -0.7472936910
      21.87726246
     -3.168190508
      15.58113856
  1.570614363E-05
  -0.002779128706
     -24.82558080
     -11.61869528
      10.96155723
  1.314718892E-06
    0.05601698508
      15.57755179
     -6.086467340
      3.647051858
    0.05000000000
     0.1000000000
     0.1500000000
     0.2000000000
     0.2500000000
   Q=    0.0000
