      0.000000000
      0.000000000
      0.000000000
      0.000000000
      0.000000000
     -15.17753494
      10.29405801
     -4.758145922
      1.293738502
    -0.1537358236
     -205.2620820
      62.24743451
     -16.91775507
      3.086367121
    -0.2683358462
     -725.9785283
      109.0936867
     -21.23770306
      3.474526319
    -0.3016798936
     -32.64463809
      11.85229354
     -14.64894538
      4.220703560
    -0.3775194615
      128.7867285
     -173.5265347
     -14.78202147
      4.914958047
   -0.03918695843
     -47.32626815
     -749.4449351
     -46.56138832
      1.230405505
      1.638824775
     0.1654101704
     -83.33113055
     -278.8181562
     -22.17188009
      6.332084415
      4.473729062
      670.2168957
     -457.8922173
     -116.9205845
      14.55259674
     -1.688754243
     -563.8561925
     -355.8015338
     -270.0008192
      19.82974907
     0.3523543637
      248.8035989
      361.5747275
     -370.0277128
      11.63664902
   -0.04588182961
     -60.79865983
      495.4995345
     -186.2935323
     -15.11252690
   0.002847694996
      2.155257720
     -1016.841896
      153.0509073
     -40.47337399
  0.0002719562959
      5.051452472
      875.8291923
      231.4011727
     -42.16331987
 -0.0001066340859
     -2.537947510
     -485.9174213
      198.0815968
     -21.71316844
    0.05000000000
     0.1000000000
     0.1500000000
     0.2000000000
     0.2500000000
   Q=    0.0000
