    -0.6623056239
     0.6077283242
    -0.2616949139
    0.05480888109
  -0.004238480236
     -1.815306131
     0.9283607882
    -0.2556498951
    0.02907901991
  0.0004397283649
     -5.065841969
      2.143579885
    -0.6387022060
    0.08113028748
 -0.0001766174723
      10.93532980
      2.726752413
    -0.6064839640
   -0.05065822376
    0.01906935598
      16.50620917
      10.49865054
    -0.2931272942
    -0.3149332098
    0.03489848248
     -10.89952786
      18.39291052
      3.659360588
    -0.7565275589
    0.02701786385
      3.668496433
      16.96694387
      11.77956160
    -0.2707286627
   -0.05665424644
    -0.5297452466
      1.405297044
      21.09423381
      2.929813598
    -0.1201638257
   -0.04804507677
     -18.46891698
      20.20451891
      10.28268274
     0.2597039689
    0.04379346070
      17.53947679
     0.6936333870
      18.25819442
      1.877497535
   -0.01156749483
     -8.847322577
     -14.36019995
      17.22485989
      5.055517122
   0.001874140922
      2.758131940
     -1.671476199
      2.642955714
      8.349451207
 -0.0001929810678
    -0.4612099153
      18.62135736
     -11.21832148
      8.858300473
  7.987213748E-06
   -0.03025446976
     -19.99721268
     -5.028500462
      5.542500064
  1.367809987E-06
    0.04841154070
      12.45318935
      4.557953595
      1.555838499
    0.05000000000
     0.1000000000
     0.1500000000
     0.2000000000
     0.2500000000
   Q=    0.0000
