     0.1012026189
   -0.08966571199
    0.03727361125
  -0.007486371595
  0.0005456590835
     0.2298080291
    -0.1162123674
    0.03001586454
  -0.002804690904
 -0.0001686288018
     0.5729115113
    -0.2607459468
    0.08030475574
  -0.009850770677
 -9.531359436E-05
     -2.838920137
    -0.2609886828
    0.06701733319
   0.009919874764
  -0.002665040585
     -3.078009046
     -1.649057778
    0.02750964306
    0.04473257923
  -0.003327826069
      2.193232781
     -3.200890552
    -0.6653066005
    0.08583213408
   0.003613660566
    -0.7404425537
     -3.689279280
     -2.198487958
    -0.1206887164
    0.02804673656
    0.09959867700
    -0.8166223343
     -4.263428265
     -1.011226550
    0.04018431571
    0.01341869163
      4.367830051
     -4.473128601
     -2.936612710
   -0.08328190757
  -0.009845233792
     -3.918861427
    -0.5867718054
     -4.956363297
    -0.5673256260
   0.002505236132
      1.915213830
      3.003647504
     -4.502640358
     -1.498670331
 -0.0003951162683
    -0.5771892793
     0.8811261071
    -0.3901705444
     -2.450282995
  3.897447368E-05
    0.08837275822
     -4.552158688
      3.223238173
     -2.574763481
 -1.258821178E-06
    0.01072904776
      4.672481355
     0.9219377361
     -1.588083166
 -3.559239289E-07
   -0.01163281402
     -2.868673683
     -1.871675709
    -0.4339420522
    0.05000000000
     0.1000000000
     0.1500000000
     0.2000000000
     0.2500000000
   Q=    0.0000
