      0.000000000
      0.000000000
      0.000000000
      0.000000000
      0.000000000
     -46.44428033
      29.42009411
     -12.62635165
      3.244363041
    -0.3732397192
     -69.13255746
      40.17777961
     -18.14799879
      4.760290200
    -0.5409135932
      148.5093941
      76.89026357
     -42.04103105
      10.80843513
     -1.180243318
     -77.77376895
      180.9014896
     -81.60518783
      20.28481765
     -2.161847507
      31.02025931
      79.26014252
     -129.9112206
      37.43161423
     -3.984914331
     -7.323849278
     -223.8273569
     -212.3982262
      65.50571323
     -6.802370277
    -0.2778881139
     0.7018023525
     -250.3793580
      96.93035965
     -10.81699678
     0.6089359392
      79.12596133
     -44.37810885
      120.1386091
     -17.00033855
    -0.2039914275
     -63.12283213
      144.5738584
      115.6760397
     -27.34694441
    0.04241456209
      30.02781613
      2.799660962
      32.78810809
     -44.83374911
  -0.006008958223
     -9.141535390
     -27.59768672
     -82.38819439
     -69.16888319
  0.0005274344545
      1.494042801
     -21.49525010
     -50.59162876
     -83.47682491
 -7.516144766E-06
    0.09652866251
      39.68533867
      61.44414758
     -63.46480976
 -6.480219332E-06
    -0.1480950739
     -27.24592665
      42.49305621
     -21.97424793
    0.05000000000
     0.1000000000
     0.1500000000
     0.2000000000
     0.2500000000
   Q=    0.0000
