      0.000000000
      0.000000000
      0.000000000
      0.000000000
      0.000000000
     0.2196750840
    0.01013281064
   -0.06666560416
    0.02704925585
  -0.003403704409
     0.7320347501
     0.3066952255
    -0.2191888767
    0.05056586437
  -0.003636925612
      2.491651810
      1.182937878
    -0.4625166143
    0.06715376241
  -0.001577424287
    -0.7885707496
      3.109688756
    -0.7041991061
    0.03405453711
   0.009269353101
     0.1774979825
      3.211642744
    -0.6128738419
    -0.1462189460
    0.04060243713
    0.04055905449
    -0.4521164559
    -0.4416215894
    -0.6319665994
     0.1078479284
   -0.03056466838
     -1.641501866
    -0.4546164742
     -1.672183778
     0.2173766159
   0.007221141524
      1.044072629
     0.1996794279
     -3.101250578
     0.3380953932
 -0.0008600319801
    -0.2725968416
     0.5061924854
     -3.616654500
     0.4232507142
  2.950449763E-05
    0.01427744230
     -1.018177506
     -1.707656769
     0.4919678421
  5.277237812E-06
   0.004770883055
    0.09566921673
      1.719710794
     0.6263335632
 -3.589921631E-07
   0.003123926626
     0.5672549159
      2.562939429
     0.7951743466
 -1.446801383E-07
  -0.002836730399
    -0.4567686961
     -1.305138707
     0.7421171057
  3.848013554E-08
  0.0009741279617
     0.1533518125
     -3.219774264
     0.3378637860
    0.05000000000
     0.1000000000
     0.1500000000
     0.2000000000
     0.2500000000
   Q=    0.0000
