      0.000000000
      0.000000000
      0.000000000
      0.000000000
      0.000000000
     -3.892848071
      1.546566501
    -0.2338929601
   -0.02898045327
    0.01005835158
     -10.18096343
     0.8500097272
     0.4701276887
    -0.1908794794
    0.02204903854
     -10.53905626
     -1.881890379
      1.314212677
    -0.3261954480
    0.03033254433
      5.180171759
     -5.084263142
      2.604748189
    -0.5365702512
    0.03639201247
     -1.018071913
     -5.104959758
      4.591329318
    -0.5858304193
   0.003537333701
    -0.1119229297
     -2.065426950
      6.946968296
     0.1004193955
    -0.1009391332
     0.1177314063
      7.760285323
      6.931257101
      2.266470344
    -0.2795867475
   -0.03130815417
     -4.596366466
      2.557181890
      5.449500476
    -0.4695579660
   0.005230854454
      1.688715477
     -5.170199119
      6.640085289
    -0.6582795356
 -0.0007095297343
    -0.5755444802
     -1.374468703
      2.047860143
     -1.086422962
  9.753237177E-05
     0.2219524245
      6.359566740
     -4.871845579
     -2.069520132
 -1.454528068E-05
   -0.08405604517
     -6.056733128
     -4.235833134
     -3.103296478
  2.043551422E-06
    0.02602059295
      3.324843185
      3.752927845
     -2.851851386
 -2.324767962E-07
  -0.005994711713
     -1.143621546
      5.869935477
     -1.196777941
    0.05000000000
     0.1000000000
     0.1500000000
     0.2000000000
     0.2500000000
   Q=    0.0000
