      1.179544345
     -1.545633156
     0.8674453923
    -0.2467529419
    0.02929695525
      1.724923326
     -1.077976471
     0.6392817092
    -0.2081000265
    0.02646115223
     -22.90275583
    0.01141632929
      2.181593997
    -0.7570580086
    0.08921883977
     -17.86783170
     -5.693433899
      3.882921859
     -1.037776807
     0.1055536601
      23.89646513
      4.202933101
      4.826781126
     -1.751400770
     0.1725372763
     -10.33322736
      34.11805531
      10.64407177
     -3.258962235
     0.2089466332
      3.445849353
      16.67307648
      22.01688189
     -5.268395817
     0.1094643696
    -0.7555747161
     -22.44989182
      19.36680334
     -8.698939685
    -0.3562827198
    0.08949376482
      7.169340157
    -0.4000074485
     -16.87781259
     -1.779972847
   0.003297915308
      1.990620851
     -12.97128941
     -26.21339399
     -4.972875730
  -0.004098042957
     -3.108477054
     -7.138891612
     -21.05835749
     -9.385945656
   0.001014733087
      1.614537838
      14.74057428
      6.128385119
     -11.73524313
 -0.0001595991003
    -0.5318071826
     -9.520863981
      24.17442395
     -8.571081089
  1.806975721E-05
     0.1241651654
      3.892122469
     -6.366389039
     -2.127741601
 -1.458234267E-06
   -0.02037405408
     -1.246848578
     -29.38523089
     0.8176659364
    0.05000000000
     0.1000000000
     0.1500000000
     0.2000000000
     0.2500000000
   Q=    0.0000
