     0.1151284855
    -0.1107748524
    0.04882931571
   -0.01022504790
  0.0007594538129
     0.4866865792
    -0.2364383860
    0.06226555644
  -0.006391793923
 -0.0002029426467
      1.681785609
    -0.5385409861
     0.1265775313
   -0.01105262254
 -0.0008083701042
      1.137226208
    -0.7627448048
     0.1060071429
    0.02257141984
  -0.006243924584
     -2.642631369
     -1.777057189
   -0.02912648683
     0.1100836875
   -0.01629419898
      1.230469244
     -3.132920224
    -0.7370135391
     0.3128649056
   -0.03387098173
    -0.4000266045
     -1.489961485
     -1.991667364
     0.6223988124
   -0.05621486551
    0.07763885229
      1.489282195
     -2.424297739
      1.044611014
   -0.07568881160
  -0.005392571235
     0.1260128609
    -0.7828302962
      1.583805940
   -0.06124321328
  -0.001776160462
    -0.7674473618
      1.399264945
      1.876850953
    0.03786431713
  0.0007296331228
     0.5547816591
     0.8576976392
      1.025246608
     0.2194238571
 -0.0001473332071
    -0.2265628126
     -1.102545339
    -0.9581852803
     0.3412790149
  1.980148778E-05
    0.05982766576
     0.1544027768
     -1.483181054
     0.2389551347
 -1.783812424E-06
  -0.009393001965
     0.3509058354
     0.9103448768
    0.01588001482
  7.723286754E-08
  9.235808211E-05
    -0.3176062581
      1.928484484
   -0.05505861651
    0.05000000000
     0.1000000000
     0.1500000000
     0.2000000000
     0.2500000000
   Q=    0.0000
