   -0.05866545502
    0.04644230851
   -0.01374620590
  0.0007926752404
  0.0001854072697
    -0.2586518493
    0.07827061161
   0.002226086170
  -0.005450524557
  0.0006286637480
     -1.214261977
    0.09388737758
    0.03713470742
  -0.009936842308
  0.0003512380279
     -2.037586369
    -0.4262644660
     0.1455948262
  -0.009529257176
  -0.001355527821
     -1.218439462
     -1.566023949
     0.1372692717
    0.03386946766
  -0.006407043782
      1.030844261
     -2.813357923
    -0.2514645144
     0.1354393219
   -0.01330864828
    -0.4022271955
     -2.475967685
     -1.242665988
     0.2795070503
   -0.01817872892
    0.06983557242
      1.056771525
     -2.347018488
     0.3661505952
   -0.01159909547
   0.001571132861
      1.279514150
     -1.992141334
     0.2527659781
    0.01726411201
  -0.004139339158
     -1.642484548
    0.08773196269
    -0.1176548492
    0.07091183023
   0.001191979026
     0.9033360500
      1.680100006
    -0.6611325500
     0.1247780508
 -0.0002004250039
    -0.2935445910
    0.02917358567
    -0.9076326936
     0.1198310791
  2.126211783E-05
    0.05123417032
     -1.921098971
    -0.2085254454
    0.02934611872
 -9.767149893E-07
   0.002271665182
      2.064852851
      1.097135708
   -0.06442987081
 -1.280519686E-07
  -0.004792852122
     -1.247932920
      1.298425545
   -0.05675235052
    0.05000000000
     0.1000000000
     0.1500000000
     0.2000000000
     0.2500000000
   Q=    0.0000
