     0.1636809092
    -0.1515194034
    0.06465746729
   -0.01309457468
  0.0009301138887
     0.5520536082
    -0.2671044339
    0.06755643320
  -0.005991414176
 -0.0004027998937
      1.750965853
    -0.5938257204
     0.1467721823
   -0.01331322276
 -0.0009132213818
    -0.9759851545
    -0.7169083781
     0.1073361427
    0.02802533890
  -0.006974429005
     -3.832026122
     -2.327560143
   -0.03310183948
     0.1182131861
   -0.01519272987
      2.255780884
     -4.204362322
     -1.017020570
     0.2962474606
   -0.02466735638
    -0.7478657075
     -3.331892216
     -2.881422123
     0.3856285786
   -0.02901534515
     0.1168111128
     0.4690625244
     -4.442166763
     0.1108195051
   -0.04899958739
   0.004802265231
      2.871256765
     -3.338476629
    -0.7581055547
    -0.1564759813
  -0.007468733904
     -3.015587645
     0.6576993449
     -1.877851983
    -0.4805575924
   0.002091953815
      1.596861611
      2.434167996
     -2.214259487
     -1.081648905
 -0.0003523687322
    -0.5225984214
    -0.1933502394
    -0.9419312198
     -1.733406801
  3.844588488E-05
    0.09764081418
     -2.763633000
      1.078525421
     -1.901737296
 -2.044048939E-06
  0.0001718173862
      3.190747503
      1.201394456
     -1.280961161
 -1.702493314E-07
  -0.007270197805
     -2.033234316
   0.002472205905
    -0.4004971037
    0.05000000000
     0.1000000000
     0.1500000000
     0.2000000000
     0.2500000000
   Q=    0.0000
