      0.000000000
      0.000000000
      0.000000000
      0.000000000
      0.000000000
      6.000702342
     -2.893659753
     0.7642932238
   -0.07465627396
  -0.004112705644
      20.90395089
     -4.289027043
     0.2461190718
     0.1821359727
   -0.03989935809
      33.43576954
     -3.294198411
     -1.143883916
     0.6948633385
    -0.1093418688
     -18.59609545
     -1.286161975
     -4.977352169
      2.102705118
    -0.2810844534
      3.990439658
     -8.265792324
     -14.37356632
      5.296967745
    -0.6168963561
    -0.4988091461
     -4.762511616
     -31.17602904
      11.38249838
     -1.163177698
   -0.06611090851
     -5.526061765
     -39.83312927
      21.24206158
     -1.793782842
    0.04618152325
      5.522505728
     -17.83756615
      34.70523783
     -1.918486936
   -0.01467663037
     -4.410081657
      28.71031045
      44.28226811
    -0.4000602193
   0.003563230861
      2.954712824
      20.47453603
      31.97980242
      3.245407281
 -0.0006425048958
     -1.308073123
     -34.38945750
     -10.23911165
      6.842163900
  8.572955506E-05
     0.4027006434
      22.32331010
     -35.33950494
      6.378889572
 -8.564941852E-06
   -0.09338803027
     -10.37507375
      8.642666780
      2.052882976
  6.374332280E-07
    0.01761120424
      4.238087301
      37.93888663
    -0.4744153147
    0.05000000000
     0.1000000000
     0.1500000000
     0.2000000000
     0.2500000000
   Q=    0.0000
