      0.000000000
      0.000000000
      0.000000000
      0.000000000
      0.000000000
      103.7571037
     -53.57870563
      16.84791642
     -2.871374893
     0.1967654868
      503.4314956
     -111.5454856
      16.58591936
    -0.8281696060
   -0.04931961750
      1203.852340
     -71.13115726
     -6.581431527
      1.963948581
   -0.04995106498
      17.86544826
      264.8547678
     -45.41769059
      1.554662501
     0.3337813328
     -184.9865320
      710.7360309
     -28.28196750
     -10.26376620
      1.253822609
      79.06220497
      1146.937217
      158.1784785
     -37.16869068
      2.022043026
     -4.425188777
     -113.8227284
      647.7982648
     -56.69940699
     0.4652811236
     -5.799246588
     -857.8582081
      929.5911631
      6.844235581
     -5.053728160
      2.456695038
      819.0460016
      415.2826614
      183.7818769
     -9.769961236
    -0.5402130799
     -386.2188778
     -841.5492075
      383.1492930
     -2.439272790
    0.07363312445
      101.4040952
     -404.1915412
      334.0637003
      26.74409736
  -0.005079112208
     -6.712041851
      1346.322659
     -2.641318073
      63.11081128
 -0.0003243940592
     -6.844836527
     -1253.114281
     -418.4521898
      74.81915473
  0.0001550551606
      3.716376210
      713.2623275
     -554.3296076
      41.50996563
    0.05000000000
     0.1000000000
     0.1500000000
     0.2000000000
     0.2500000000
   Q=    0.0000
