      0.000000000
      0.000000000
      0.000000000
      0.000000000
      0.000000000
     -1.094440483
     0.4539967275
   -0.08599402556
  0.0007406792852
   0.001341158197
     -3.984812209
     0.4723250520
    0.07711977015
   -0.03785028579
   0.003911862187
     -8.563699784
    -0.5002138777
     0.3549254633
   -0.06333070319
   0.005000681522
     0.6554596372
     -3.451995045
     0.6057840665
   -0.08460581170
    0.01127096301
     0.8181087853
     -5.271848616
     0.2112242237
    -0.1510591412
    0.03534937551
    -0.4056016110
     -4.802296588
     -1.109109211
    -0.5384816492
     0.1031072601
    0.02447140652
     0.2372625234
     -3.569921087
     -1.724971131
     0.2309710181
    0.03106967348
      4.693433155
     -5.363505614
     -4.049258359
     0.3867791235
   -0.01339820135
     -4.483306444
     -2.560185326
     -6.374900190
     0.4670818405
   0.002976351559
      2.122897480
      4.177071244
     -5.500985971
     0.4063728357
 -0.0004111818910
    -0.5649823565
      2.415014288
   0.007440772211
     0.3341582575
  2.934041601E-05
    0.04081371868
     -7.402273270
      4.128709678
     0.4257215647
  1.653330180E-06
    0.03743855895
      7.050969967
     0.9836325387
     0.4876049401
 -8.634334948E-07
   -0.02108113449
     -4.175919932
     -1.620435264
     0.2391041966
    0.05000000000
     0.1000000000
     0.1500000000
     0.2000000000
     0.2500000000
   Q=    0.0000
