     -36.57325663
      30.13485670
     -13.19013698
      3.058597092
    -0.2896890470
     -107.1438199
      66.38013979
     -21.93731977
      3.821737535
    -0.2772330713
     -710.4164536
      195.8157059
     -50.41951429
      8.967207478
    -0.7740862020
      313.1083404
      137.7077363
     -63.32482195
      13.31954758
     -1.159745611
      457.5321601
      469.7149295
     -146.1682284
      25.56892526
     -2.053277327
     -274.9738521
      535.4689473
     -171.3478209
      34.98786798
     -3.269652546
      85.68246619
      22.53026324
     -156.6160799
      56.69209443
     -6.198584253
     -11.54416039
      233.8947062
      60.52879811
      90.46550278
     -11.23843907
     -1.491927590
     -539.8256086
      592.2928976
      165.4476462
     -19.44832570
      1.126901362
      463.8082981
      339.1283713
      265.2350692
     -28.65420890
    -0.2897944653
     -226.1439271
     -634.0537983
      205.9511337
     -39.53664585
    0.04626895187
      68.87142389
      48.88671118
      1.667271287
     -58.86922500
  -0.004709505620
     -11.25985640
      448.8695371
     -7.667131130
     -71.79720922
  0.0001932121744
    -0.7532131559
     -484.9091130
     -91.24690024
     -45.07982423
  3.261344881E-05
      1.156298859
      293.0770552
     -319.3466778
     -5.827147468
    0.05000000000
     0.1000000000
     0.1500000000
     0.2000000000
     0.2500000000
   Q=    0.0000
