      0.000000000
      0.000000000
      0.000000000
      0.000000000
      0.000000000
     -1.401764803
     0.5473822014
   -0.08374870200
  -0.006558297097
   0.002376151736
     -5.156010046
     0.4719063267
     0.1607487211
   -0.05710972487
   0.004762944149
     -11.42661752
     -1.081032995
     0.5610241247
   -0.07809384286
   0.003038899963
     0.7519105030
     -5.542203395
     0.8357488738
   -0.04777650792
   0.001768267062
      1.106556876
     -8.178215206
  -0.004594371069
    0.02452348360
    0.01008168483
    -0.5640468195
     -6.496873237
     -2.259360460
    -0.1356050472
    0.04762538535
    0.04257346384
     0.8601092870
     -5.663586401
     -1.046070577
     0.1141905528
    0.03925581684
      5.907103943
     -7.427306234
     -3.232351470
     0.1420890112
   -0.01765489595
     -5.895875375
     -2.699227527
     -5.905546890
   -0.03375216854
   0.003988401106
      2.853659711
      6.124373743
     -5.934011692
    -0.5216188927
 -0.0005578024266
    -0.7742940745
      2.470142533
     -1.101759633
     -1.075398629
  4.069181007E-05
    0.06150338887
     -9.485101713
      3.659877334
     -1.161333650
  2.035399306E-06
    0.04821898638
      9.220506574
      2.059564389
    -0.6736693959
 -1.135813799E-06
   -0.02769492264
     -5.456076625
    -0.3210540036
    -0.1739362785
    0.05000000000
     0.1000000000
     0.1500000000
     0.2000000000
     0.2500000000
   Q=    0.0000
