     -8.531669025
      9.366365343
     -4.592711858
      1.107552332
    -0.1054640245
     -37.99677809
      18.76867969
     -5.751328410
     0.9157767454
   -0.04657916242
     -72.37532344
      36.96975707
     -12.69744483
      2.163178469
    -0.1107778477
     -135.3491189
      72.32072319
     -15.78007410
     0.4279066803
     0.2721785652
      94.42363120
      110.0009729
     -6.674694608
     -5.644441947
      1.167814246
     -25.23830156
      135.3515614
      27.40676492
     -22.44058628
      3.433697367
      8.150348494
      15.80931492
      78.13916378
     -60.85139128
      8.164897241
     -2.886151604
     -141.0221022
      64.06212569
     -136.5579458
      16.21129659
     0.7689837033
      116.2723377
     -71.51059304
     -250.8775897
      26.36253899
    -0.1445459448
     -54.41115932
     -131.7892117
     -328.7576846
      35.08476397
    0.01676399704
      13.54049811
      38.73080150
     -208.2782671
      42.11374066
 -0.0004174689969
   -0.04328083254
      83.83298498
      106.7489853
      54.41588217
 -0.0003098036141
     -1.636729729
     -119.6082648
      220.6946517
      70.11418326
  8.592614586E-05
     0.8898842758
      94.84124706
     -66.37658843
      63.95176839
 -1.439347815E-05
    -0.3083566289
     -53.68508691
     -193.0708830
      27.20160892
    0.05000000000
     0.1000000000
     0.1500000000
     0.2000000000
     0.2500000000
   Q=    0.0000
