      0.000000000
      0.000000000
      0.000000000
      0.000000000
      0.000000000
      14.76588841
     -7.497432778
      2.325397391
    -0.3910922532
    0.02622818530
      5.153638497
      1.679765245
     -1.619716533
     0.4886167840
   -0.05339815229
      46.65866224
      6.671207830
     -3.981866470
     0.8359438015
   -0.06805877755
     -10.12132891
      48.89622072
     -13.76424117
      2.331029491
    -0.1927669851
      1.267661073
      57.49147880
     -16.79704403
      3.584843481
    -0.4029932572
     0.4849318241
     -27.02803405
     -19.79453842
      8.049957126
     -1.199046837
    -0.1418910362
      1.819754516
     -18.62759716
      16.91877623
     -3.307477061
   -0.03311241745
     -7.001992083
      24.96647591
      31.77100940
     -8.584599172
    0.02527322942
      9.390130996
      31.31892112
      46.23401599
     -19.45933539
  -0.006604681629
     -5.067305042
     -34.33494410
      29.32892357
     -37.33190151
   0.001005204346
      1.482029013
      7.033226350
     -19.71639445
     -58.29331850
 -8.114600780E-05
    -0.1468676264
      13.46873364
     -28.53374320
     -67.67337101
 -2.855025849E-06
   -0.08595129775
     -17.21484792
      7.987894100
     -50.23288865
  2.126903036E-06
    0.05477114481
      11.42804533
      10.97327079
     -17.54199224
    0.05000000000
     0.1000000000
     0.1500000000
     0.2000000000
     0.2500000000
   Q=    0.0000
