     0.1007774281
   -0.08440967987
    0.02851698645
  -0.003258848039
 -7.630104484E-05
     0.4692507695
    -0.1656660899
    0.01407199526
   0.005246694468
 -0.0008522071850
      2.084481857
    -0.2744326219
   -0.01529560956
    0.01062560888
 -0.0007555616059
      3.320031094
     0.3003353936
    -0.1578915400
    0.01938805398
 -2.942809495E-05
     0.6911535497
      1.472786283
    -0.1945510281
  -0.008280485686
   0.003607321332
    -0.9662322128
      2.520314774
    0.07914701498
   -0.07138461419
   0.008560786755
     0.3997278506
      2.733837183
     0.9198558536
    -0.1374428930
    0.01502117640
   -0.06319830244
    -0.5834670913
      2.276314244
   -0.04537543832
    0.02912691761
  -0.005516669237
     -1.954178610
      2.544032481
     0.4558012131
    0.08518089504
   0.005321513807
      2.085846809
     0.5223419510
      1.276665520
     0.2539996832
  -0.001408235465
     -1.067582618
     -1.989344356
      1.707841740
     0.5769785355
  0.0002237235342
     0.3227000733
    -0.6043089794
     0.8970912811
     0.9390106252
 -2.165356808E-05
   -0.04637772061
      2.898182225
    -0.6369939372
      1.046022712
  5.680010982E-07
  -0.007892757635
     -2.863837788
     -1.109428451
     0.7247555735
  2.261747283E-07
   0.007101905943
      1.686864485
    -0.5609214524
     0.2411298942
    0.05000000000
     0.1000000000
     0.1500000000
     0.2000000000
     0.2500000000
   Q=    0.0000
