      0.000000000
      0.000000000
      0.000000000
      0.000000000
      0.000000000
   -0.08412857463
    0.02778570176
  -0.004929556554
   0.001821080000
 -0.0005474925434
    -0.4732447279
    0.02012805012
  0.0006484849160
   0.008306827271
  -0.002208543556
     -1.574224588
    -0.2290292898
   -0.02538049789
    0.04251386606
  -0.006965425045
     -1.366384466
     -1.187975845
    -0.2935590635
     0.1430758599
   -0.01520286036
     0.8654174917
     -2.717302899
     -1.315453394
     0.3258823215
   -0.02294384456
    -0.2690308600
     -3.445559516
     -3.458800268
     0.4824768966
   -0.02214500356
 -0.0002710291031
    -0.8099312837
     -5.642479930
     0.3420161749
   -0.01360548156
    0.02436209951
      3.547359030
     -4.513645388
    -0.2784899971
   -0.02800916596
  -0.009377764196
     -3.089132734
      1.160931068
     -1.009844989
    -0.1228077453
   0.002057050570
      1.496899303
      3.668668711
     -1.129985314
    -0.3235596872
 -0.0002933176999
    -0.4377654427
     -1.266889111
    -0.5834672244
    -0.5539814618
  2.413977925E-05
    0.05752186126
     -2.412720916
     0.2134067994
    -0.6497271401
  2.404020550E-07
    0.01367101914
      3.181546654
      1.001979969
    -0.4900516370
 -4.457999927E-07
   -0.01069397549
     -2.067665896
      1.010836768
    -0.1826438239
    0.05000000000
     0.1000000000
     0.1500000000
     0.2000000000
     0.2500000000
   Q=    0.0000
