      0.000000000
      0.000000000
      0.000000000
      0.000000000
      0.000000000
     -1.322936970
     0.4174225076
  -0.001532067786
   -0.02869748467
   0.004326998576
     -4.967547586
    0.06426720415
     0.3259521953
   -0.07839695637
   0.004044112867
     -12.56479893
     -2.200910299
     0.8017798978
   -0.06277638838
  -0.005191749136
     -1.075439776
     -8.531511678
     0.8433963115
     0.1258709143
   -0.02559490728
      2.033040361
     -12.97776286
     -1.342411095
     0.5885147960
   -0.05113932973
    -0.8652513414
     -9.622005268
     -6.459351123
      1.093209543
   -0.05548336850
    0.05565848877
     0.7024503639
     -12.50176959
      1.050446924
  -0.008289825036
    0.06074825690
      8.980128647
     -12.90968580
    -0.3012801570
     0.1006542857
   -0.02683596287
     -8.911025273
    -0.6830866793
     -2.808090300
     0.2180811108
   0.006107926947
      4.421711155
      11.47472163
     -4.311923049
     0.2472802150
 -0.0008719767350
     -1.259985756
    -0.6353723155
     -2.804458751
     0.1487291138
  6.814127944E-05
     0.1348174562
     -10.93863116
     0.6133145383
   -0.03259615530
  1.919150395E-06
    0.05814111154
      11.97589470
      4.067720045
    -0.1944109987
 -1.550174002E-06
   -0.03754481451
     -7.295419216
      4.711297425
    -0.1654606498
    0.05000000000
     0.1000000000
     0.1500000000
     0.2000000000
     0.2500000000
   Q=    0.0000
