      2.326103810
     -2.009955088
     0.7167313148
   -0.09603778000
  0.0005183241501
      10.27223273
     -3.811634105
     0.4428291254
    0.09061800947
   -0.02014145608
      39.61721149
     -6.533582235
     0.1435994187
     0.2075408764
   -0.03034011910
      46.51512898
      1.361270069
     -2.523749137
     0.6796520599
   -0.06545828984
     -15.10930012
      9.500419623
     -4.817147810
      1.073737827
   -0.08695727632
     0.2514112192
      9.203126786
     -8.284256849
      1.723842236
    -0.1234023053
      1.018955510
      13.98654487
     -9.757127482
      2.288365921
    -0.1773771641
    -0.1253803288
     0.3814327028
      1.478775777
      3.711118733
    -0.3730602047
   -0.07251904991
     -14.77988499
      20.66512125
      8.603456310
    -0.8082804810
    0.03620821359
      13.76390104
      16.94083795
      15.95564322
     -1.445678833
  -0.008341990266
     -6.342748248
     -18.38779090
      16.23885857
     -2.277877257
   0.001155139184
      1.589997559
     -9.734128997
      3.149800732
     -3.407358384
 -7.877629451E-05
   -0.06300045538
      27.15360984
     -7.819939692
     -4.245638816
 -5.647445307E-06
    -0.1302406665
     -24.15733006
     -6.395214155
     -3.319597729
  2.550833626E-06
    0.06570288860
      13.36967462
     -5.137001617
     -1.090855133
    0.05000000000
     0.1000000000
     0.1500000000
     0.2000000000
     0.2500000000
   Q=    0.0000
