      0.000000000
      0.000000000
      0.000000000
      0.000000000
      0.000000000
     -8.352604639
      3.165823963
    -0.4028873598
   -0.08091926078
    0.02128564013
     -30.42622182
      2.590480310
      1.184229422
    -0.4459311248
    0.04567818853
     -66.01618721
     -6.337840209
      4.035426516
    -0.7995587531
    0.06369582063
      13.51483333
     -30.14897241
      7.490613944
     -1.207406141
     0.1025392173
      1.875100564
     -37.01237913
      8.187107355
     -1.833770450
     0.1920816871
     -2.020839054
     -20.45703793
      6.846174421
     -3.780457256
     0.3859894061
     0.2752172249
      10.04295085
     -1.743162521
     -8.677657659
     0.6239317953
     0.1085235557
      17.14932413
     -20.60403840
     -18.96108179
     0.5211455211
   -0.05814975345
     -19.69656983
     -25.06272479
     -32.12595469
    -0.8491696361
    0.01347881633
      9.480800346
      17.02916563
     -32.26616219
     -4.124547810
  -0.001844843883
     -2.363597059
      24.80482649
     -4.418071818
     -7.729637092
  0.0001165951364
    0.04056556543
     -47.94458711
      22.72469555
     -8.089075543
  1.210845615E-05
     0.2346229311
      41.16462045
      7.630511736
     -4.498727170
 -4.729301974E-06
    -0.1163336891
     -23.14998275
     -9.042173837
     -1.024407857
    0.05000000000
     0.1000000000
     0.1500000000
     0.2000000000
     0.2500000000
   Q=    0.0000
