      0.000000000
      0.000000000
      0.000000000
      0.000000000
      0.000000000
      154.8596412
     -78.71741185
      23.93776125
     -3.790908786
     0.2148929297
      607.5914283
     -123.1300155
      12.49192831
      1.268456855
    -0.3339789550
      1194.695799
     -18.48665138
     -28.72373979
      6.788252897
    -0.4868333807
      61.62480486
      411.3893424
     -91.08357930
      9.218971505
    -0.1611025126
     -199.8188535
      981.6446641
     -84.97335889
     -6.109408832
      1.611657067
      85.68316325
      1136.414046
      172.3621431
     -56.07650747
      5.260264750
     -5.555348723
     -150.5913991
      762.6898880
     -127.9022243
      9.639184887
     -5.986818657
     -882.7962073
      1149.753975
     -152.2817043
      12.99097716
      2.611747313
      871.6294633
      384.5436858
     -36.64873139
      16.03346050
    -0.5833586042
     -420.4699203
     -1093.768501
      215.1645628
      26.16092393
    0.08074723411
      113.4848217
     -218.5417741
      404.4249121
      53.49038321
  -0.005785091751
     -9.003445621
      1315.542735
      229.1499745
      93.10052056
 -0.0003026341399
     -6.832593145
     -1282.592355
     -495.6605663
      108.4643588
  0.0001612990031
      3.862140367
      737.1974839
     -850.3341531
      60.24009700
    0.05000000000
     0.1000000000
     0.1500000000
     0.2000000000
     0.2500000000
   Q=    0.0000
