      0.000000000
      0.000000000
      0.000000000
      0.000000000
      0.000000000
      12.56775291
     -5.657334137
     0.8529112633
     0.1978900833
   -0.06510580735
      279.1139191
     -63.67919368
      10.16276798
    -0.4183325464
   -0.09403994748
      141.7323646
     -28.80556602
     -1.991678532
      2.826324978
    -0.4768537394
     -151.7091190
     -129.5197863
     0.1090909248
      6.890255924
     -1.071505887
      41.93066367
     -126.6345811
     -72.21312344
      24.25305613
     -2.626259159
     -6.141615483
      20.16248368
     -178.2814971
      47.38159784
     -4.732569367
     -1.319665807
     -131.2496027
     -280.7381537
      86.33081973
     -8.270929602
     0.9928526975
      145.3182543
     -236.0303278
      133.0079569
     -11.46033926
    -0.3171504849
     -104.9087354
      134.8157526
      171.8693721
     -11.14632370
    0.06793119828
      52.46387125
      251.0778808
      146.2407298
     -2.274367270
   -0.01018420889
     -17.50447703
     -254.1663820
     -24.33074884
      11.73077654
   0.001009601605
      3.627738247
      90.29871438
     -184.5466206
      14.32128756
 -4.245844227E-05
    -0.2537021557
      3.070815683
      36.34636602
    -0.3559500063
 -6.112393762E-06
    -0.1274372356
     -18.71176114
      234.2849403
     -6.878292406
    0.05000000000
     0.1000000000
     0.1500000000
     0.2000000000
     0.2500000000
   Q=    0.0000
