   -0.01129386308
   0.007767171301
 -0.0009518879132
 -0.0005757760739
  0.0001266041334
   -0.07519288970
    0.01460945854
   0.005683588762
  -0.002479957217
  0.0001560331725
    -0.4144793947
  -0.008697963750
    0.02735674987
  -0.003974135214
 -0.0002187949217
     -1.338933651
    -0.2671809262
    0.06788059657
   0.003408532471
  -0.001831338042
     -1.327396273
     -1.124335466
    0.02852583489
    0.03914925422
  -0.004688540716
     0.9725298063
     -2.217127518
    -0.3643687413
     0.1093593399
  -0.005521953083
    -0.3566270845
     -2.057074289
     -1.263222028
     0.1557779997
   0.004184509081
    0.05895883990
     0.6414090830
     -2.162905171
    0.05418027626
    0.03736967866
   0.002016320289
      1.268577799
     -1.725137354
    -0.2823245675
     0.1085596672
  -0.003702234637
     -1.476730161
     0.1427453244
    -0.7042265371
     0.2250852053
   0.001046856878
     0.7955871178
      1.356556966
    -0.8742576111
     0.3684728299
 -0.0001754494547
    -0.2580449059
    0.01518139061
    -0.4992760294
     0.4683054330
  1.871782287E-05
    0.04580876580
     -1.599922022
     0.2648769181
     0.4333154340
 -8.902936962E-07
   0.001546541938
      1.756487352
     0.7525715534
     0.2561882504
 -1.066889020E-07
  -0.004091082840
     -1.084403549
     0.6242028302
    0.06888568697
    0.05000000000
     0.1000000000
     0.1500000000
     0.2000000000
     0.2500000000
   Q=    0.0000
