      0.000000000
      0.000000000
      0.000000000
      0.000000000
      0.000000000
    -0.3456353973
    0.01442762409
    0.06833020461
   -0.02442200338
   0.002041050480
     -1.469887792
    -0.3677905230
     0.2341281872
   -0.02683543718
  -0.002729398225
     -5.638284954
     -1.906474216
     0.3726589487
    0.05932699252
   -0.01841568744
     -4.086761013
     -6.416424157
    -0.2184583337
     0.3916158237
   -0.05191287926
      2.577860984
     -11.46126707
     -3.450233093
      1.125535112
   -0.09788693569
    -0.8617883111
     -10.01240352
     -10.49298595
      2.104163254
    -0.1261610003
    0.02603500048
     -1.010314343
     -17.59786523
      2.757937539
   -0.08226832784
    0.06765602893
      9.796595075
     -14.73021916
      2.498128523
     0.1126183538
   -0.02779019911
     -9.156673116
      3.648789958
      1.309266156
     0.5428523257
   0.006265156429
      4.586514420
      13.22974883
    -0.4422056941
      1.186675770
 -0.0009083361085
     -1.368768886
     -5.499039956
     -2.900423317
      1.707140261
  7.611100749E-05
     0.1861701059
     -6.752229963
     -2.985878850
      1.511150655
  4.939341762E-07
    0.03966178467
      9.510987687
      4.211937313
     0.6024253141
 -1.343894553E-06
   -0.03222363695
     -6.167269428
      8.020182783
   -0.02676784287
    0.05000000000
     0.1000000000
     0.1500000000
     0.2000000000
     0.2500000000
   Q=    0.0000
