      0.000000000
      0.000000000
      0.000000000
      0.000000000
      0.000000000
     -38.32368648
      15.29728861
     -2.341585868
    -0.3568206743
     0.1252898076
      93.29536825
     -55.75554115
      24.92066074
     -6.154928927
     0.6245238673
     -297.1588964
     -115.4707983
      54.22549888
     -11.04663350
     0.8944324674
     -19.97150375
     -474.2075674
      129.4037097
     -19.75170613
      1.295595658
      24.31972362
     -534.1149083
      124.7347670
     -16.74065030
     0.8557707163
     -13.24636616
      81.17241521
      56.40366331
     -7.424256152
   -0.03029706712
      1.880992001
      19.73139364
     -115.8785217
      26.57492352
     -2.198503536
     0.6647567187
      105.0750609
     -398.7705310
      76.33352929
     -2.747014060
    -0.3996700402
     -138.2406275
     -96.01625038
      108.3825779
      2.972781751
     0.1016838870
      78.28081798
      480.0343939
      105.3008093
      20.39245844
   -0.01566338039
     -24.81539593
     -244.1174633
     -25.02282559
      45.03556457
   0.001380606021
      3.670595932
     -63.68212225
     -215.8008546
      49.53136313
 -1.748097612E-06
     0.5795529021
      148.1442701
      72.52924813
      17.98713123
 -2.204968649E-05
    -0.5311497200
     -98.63709803
      375.6079936
     -5.414222571
    0.05000000000
     0.1000000000
     0.1500000000
     0.2000000000
     0.2500000000
   Q=    0.0000
