      0.000000000
      0.000000000
      0.000000000
      0.000000000
      0.000000000
      114.1338759
     -60.14735797
      19.60681905
     -3.521434344
     0.2569918704
      396.0611442
     -89.49364129
      13.18897841
    -0.2897028606
    -0.1448912118
      639.8572821
     -39.24853608
     -7.751854888
      3.516626533
    -0.4508310626
     -137.8045245
      147.2016390
     -51.21908497
      11.58796752
     -1.272687370
     -26.11910670
      360.5333041
     -109.0287500
      24.56850433
     -2.768394580
      24.64250308
      346.5425288
     -130.7453436
      42.79273946
     -5.618356750
     -3.643347982
     -183.5778263
     -31.11546934
      72.85821691
     -10.98239442
     -1.091162356
     -165.6737246
      225.6886216
      125.1597266
     -19.01317707
     0.6253840609
      211.7943407
      322.0933057
      197.3284404
     -26.56598330
    -0.1460524977
     -103.2210052
     -240.6904461
      208.9704237
     -26.00946070
    0.01985399561
      25.42015881
     -260.6390107
      68.09576774
     -13.46063885
  -0.001208283094
    -0.1955822988
      532.1446267
     -76.46368186
      4.329608342
 -0.0001402763969
     -2.619145757
     -450.4291994
     -111.6218106
      16.12621594
  5.179648699E-05
      1.261815679
      246.2000458
     -133.9806326
      11.96992769
    0.05000000000
     0.1000000000
     0.1500000000
     0.2000000000
     0.2500000000
   Q=    0.0000
