     -7.556731586
      11.05122003
     -5.792169643
      1.411868650
    -0.1286699547
     -22.51650777
      10.61954153
     -4.368705082
     0.7805096680
  -0.008158145913
      198.2516720
      12.59541039
     -15.68473116
      2.628536910
   -0.01816052665
     -240.9583486
      144.6734711
     -23.36030414
     -1.908927536
     0.7336096762
      120.6151562
      137.0298147
      18.84824882
     -13.19060354
      1.733225761
     -29.47669678
      122.9296961
      87.11117862
     -29.60506981
      3.335515467
      8.869877181
      29.58787356
      177.9385657
     -53.95768613
      5.982228209
     -3.005531480
     -138.5546201
      172.4561038
     -84.70592888
      10.28186717
     0.8180538744
      122.7695210
     -44.86765663
     -129.0565699
      16.95948115
    -0.1551937542
     -58.64477718
     -213.6283644
     -173.0253179
      25.34445835
    0.01695792507
      13.40355785
      63.81591560
     -132.1738562
      35.00440286
  9.693047981E-05
      1.317625127
      129.0051772
      42.83786840
      48.32868042
 -0.0004693451438
     -2.472031916
     -174.3445140
      116.0644324
      61.58598210
  0.0001135302944
      1.175724813
      123.6806536
     -24.25260733
      53.01221504
 -1.754692793E-05
    -0.3696596405
     -60.89588736
     -53.87972338
      20.42869716
    0.05000000000
     0.1000000000
     0.1500000000
     0.2000000000
     0.2500000000
   Q=    0.0000
