      3.968308960
     -4.568101123
      2.319151059
    -0.5785461968
    0.05710571988
      18.54823591
     -9.283318666
      2.966826183
    -0.5013429723
    0.02802604312
      29.15975222
     -17.83342698
      6.619156280
     -1.181834547
    0.06169296770
      77.73266922
     -38.39327679
      8.773515414
    -0.2972720853
    -0.1603131891
     -40.36998528
     -52.93651092
      4.280110772
      3.114282208
    -0.7329388798
      7.094076101
     -59.89608241
     -10.38749886
      12.85422432
     -2.272456010
     -2.168051917
      1.451542562
     -31.10236758
      36.27771419
     -5.768786668
      1.184852007
      73.36838890
     -18.72959219
      82.50843848
     -12.51426917
    -0.4185902387
     -69.69358469
      48.99925602
      149.6838385
     -23.51120761
    0.09789857728
      37.54574150
      68.28874031
      190.5080184
     -38.99057941
   -0.01501430491
     -11.89484137
     -28.73723866
      114.9147659
     -58.92748974
   0.001283213600
      1.622810355
     -41.95090486
     -64.81141096
     -80.65336691
  4.299880770E-05
     0.5435286401
      69.60024398
     -123.5470942
     -90.60364576
 -3.820605621E-05
    -0.4608222266
     -58.83491562
      35.21832880
     -69.25401397
  8.000245665E-06
     0.1829448911
      34.32835198
      98.59166815
     -25.56436729
    0.05000000000
     0.1000000000
     0.1500000000
     0.2000000000
     0.2500000000
   Q=    0.0000
