      0.000000000
      0.000000000
      0.000000000
      0.000000000
      0.000000000
      4.319849368
     -2.175531845
     0.6511608360
    -0.1010780448
   0.005700722114
      20.06397281
     -4.126260807
     0.4785934809
    0.01133027775
  -0.005751654058
      48.27871638
     -1.670297751
    -0.6470645550
     0.1272271864
  -0.002357608519
      3.336371073
      13.67754548
     -2.224037187
    0.01894946556
    0.02697070739
     -8.565644682
      33.63428083
    -0.3671521168
    -0.8023167460
    0.09636547016
      3.494448095
      48.79724595
      10.59515627
     -2.523694752
     0.1729010550
    -0.1785398030
     -3.381812082
      34.38509638
     -3.960099805
     0.1493814228
    -0.2607748057
     -38.45171043
      45.20794462
     -1.554263389
   -0.07265173208
     0.1097387703
      36.54650590
      13.77461413
      6.246775155
    -0.3401221157
   -0.02422086819
     -17.40377050
     -40.95450282
      15.25639534
    -0.2200102426
   0.003336315045
      4.677813350
     -10.83317090
      14.58277656
     0.7261590348
 -0.0002389693097
    -0.3735398990
      54.26658133
      1.163490572
      2.106961813
 -1.238091696E-05
    -0.2803412225
     -52.79691961
     -18.54239630
      2.727156388
  6.648494707E-06
     0.1593700174
      30.58900317
     -24.56409418
      1.573507730
    0.05000000000
     0.1000000000
     0.1500000000
     0.2000000000
     0.2500000000
   Q=    0.0000
