      0.000000000
      0.000000000
      0.000000000
      0.000000000
      0.000000000
      16.85645240
     -8.489526701
      2.539379209
    -0.3700421419
    0.01217556767
      35.84046592
     -4.412212547
     -1.607359594
     0.9573596858
    -0.1533491195
      125.9170059
      7.018893798
     -10.19047527
      3.379636856
    -0.4395858167
     -89.74057991
      68.39174208
     -35.98616650
      10.07784566
     -1.185402760
      30.44638159
      49.42634093
     -78.98222943
      23.25534660
     -2.619958105
     -5.367156041
     -116.6214490
     -159.0328541
      46.87607861
     -5.212590278
    -0.8446683174
     -57.24431008
     -225.5730830
      75.03967208
     -9.417934933
     0.7027000346
      97.98471847
     -91.71836394
      95.00701210
     -16.53376588
    -0.2156040680
     -68.60959093
      134.3406754
      92.32931556
     -28.35490749
    0.04375296652
      31.84593469
      44.98508049
      33.11077042
     -45.63789084
  -0.006198636901
     -9.831727906
     -67.55774104
     -60.73256474
     -65.01831793
  0.0005604269605
      1.748036015
      4.012851320
     -45.83383588
     -72.42683253
 -1.286482904E-05
    0.01814433782
      27.64449977
      47.51627679
     -51.70727051
 -5.795467681E-06
    -0.1294626949
     -23.21236160
      34.07039453
     -16.83813069
    0.05000000000
     0.1000000000
     0.1500000000
     0.2000000000
     0.2500000000
   Q=    0.0000
