      0.000000000
      0.000000000
      0.000000000
      0.000000000
      0.000000000
    -0.5504597369
     0.1551337538
    0.02124861495
   -0.02266603049
   0.003753584712
     -1.827060757
   -0.05542938487
     0.2008240293
   -0.06252498723
   0.006545883313
     -4.183057757
    -0.9175618321
     0.5235210531
    -0.1166637397
    0.01016813583
      1.809313353
     -2.812478123
      1.025415044
    -0.1924605470
    0.01411492385
    -0.4109916204
     -2.496475728
      1.591478956
    -0.2665526901
    0.01552656489
 -0.0008306780697
     0.9055340176
      2.502730196
    -0.2859973625
    0.01575904259
    0.03131654862
      1.794426082
      2.987680706
    -0.1003305309
    0.03391377799
  -0.009649282816
     -1.328951661
     0.7535523718
     0.2127116040
     0.1311933205
   0.001783107966
     0.5476463918
     -2.376163410
     0.1360259853
     0.3817040871
 -0.0002635725777
    -0.2025446190
   -0.05894252701
    -0.3769707019
     0.7783248295
  3.602547701E-05
    0.07514467077
      1.742731850
    -0.4298972577
      1.156840103
 -4.780116766E-06
   -0.02575922783
     -1.664031367
   -0.01959656467
      1.228483996
  5.919906269E-07
   0.007467078610
     0.9343256045
     0.4269707277
     0.8226681002
 -6.312621843E-08
  -0.001722995820
    -0.3554901934
     0.7900202706
     0.2512114155
    0.05000000000
     0.1000000000
     0.1500000000
     0.2000000000
     0.2500000000
   Q=    0.0000
