      0.000000000
      0.000000000
      0.000000000
      0.000000000
      0.000000000
     0.5822943516
     -1.648024037
      1.369469617
    -0.5267679691
    0.08008951565
      6.061478129
     -9.423100038
      5.682719476
     -1.734710843
     0.2201727508
     -67.17621571
     -26.70619426
      15.95431425
     -4.366733955
     0.5077986882
      36.99667980
     -87.18850472
      38.42046145
     -9.626676952
      1.057305169
     -14.25694575
     -75.21948372
      65.65269276
     -17.80531371
      1.929139036
      2.273442797
      86.31832326
      101.6893214
     -28.59222250
      3.137273458
     0.5983136351
      31.29759743
      112.6529697
     -33.05854964
      4.544222434
    -0.3727333644
     -51.80455926
      3.396144677
     -19.61149858
      6.655519267
     0.1012192358
      31.41130145
     -71.95670594
      9.962316715
      10.70163826
   -0.01866563198
     -12.75341121
      34.66854059
      42.01629402
      17.29906359
   0.002453922062
      3.556860709
     -10.98273161
      25.25150673
      23.70787918
 -0.0002026272106
    -0.5335902630
      16.17461487
     -49.43809705
      21.40593780
  8.901865328E-07
   -0.06319197552
     -19.78772916
     -14.83975080
      7.812212925
  3.024909063E-06
    0.07087935711
      14.48327587
      71.79745018
     -1.435190245
    0.05000000000
     0.1000000000
     0.1500000000
     0.2000000000
     0.2500000000
   Q=    0.0000
