    -0.1031710681
    0.08343748075
   -0.02637882298
   0.002309148095
  0.0002079537580
    -0.4378051488
     0.1422950583
  -0.002974046730
  -0.007722251395
   0.001014494588
     -1.983125352
     0.2004827990
    0.04172107331
   -0.01432901928
  0.0007560475528
     -2.829387015
    -0.5503413219
     0.2092632670
   -0.01948900379
  -0.001071974118
     -1.196989192
     -1.988782234
     0.2248319361
    0.03199300238
  -0.007951906366
      1.157156995
     -3.469089981
    -0.1837049113
     0.1615606903
   -0.01920513820
    -0.4707694894
     -3.046667844
     -1.316112678
     0.3820883132
   -0.03316486488
    0.08358000417
      1.441237918
     -2.676438623
     0.5992450178
   -0.03991550795
   0.001627136006
      1.438540334
     -2.383910773
     0.6167152353
   -0.02618643577
  -0.004899037930
     -1.935998291
   0.001617443794
     0.2361623548
    0.01255807843
   0.001416851786
      1.071867798
      2.081431406
    -0.6084363277
    0.04605654680
 -0.0002377464255
    -0.3469081813
    0.09478598941
     -1.270851477
   0.004424853219
  2.499185499E-05
    0.05922274810
     -2.402699841
    -0.5332545803
    -0.1251939898
 -1.093913706E-06
   0.003431931129
      2.532034377
      1.448646985
    -0.2090586120
 -1.620860407E-07
  -0.005895244024
     -1.508569574
      1.911710221
    -0.1225686629
    0.05000000000
     0.1000000000
     0.1500000000
     0.2000000000
     0.2500000000
   Q=    0.0000
