      0.000000000
      0.000000000
      0.000000000
      0.000000000
      0.000000000
   -0.05692980887
    0.01058561091
   0.004924438235
  -0.002220860364
  0.0001752916038
    -0.2428905743
   -0.02691264542
    0.02398983299
  -0.002462594616
 -0.0003955711202
    -0.8438275130
    -0.2131549033
    0.03903946442
   0.008688170503
  -0.002301382772
    -0.5780274966
    -0.8013732744
   -0.04156267708
    0.04997857779
  -0.005968950761
     0.3769759863
     -1.518497807
    -0.4750375716
     0.1359712413
  -0.009603769470
    -0.1238308854
     -1.473172258
     -1.441447859
     0.2299365553
  -0.007114420551
   0.002456826611
    -0.2226715707
     -2.463900783
     0.2302106107
    0.01131694225
    0.01027933937
      1.493880073
     -2.118768524
    0.05930122048
    0.05791053373
  -0.004125772320
     -1.361127802
     0.4351151784
    -0.1830816184
     0.1450931793
  0.0009203285440
     0.6722422905
      1.854412388
    -0.2797309757
     0.2720653923
 -0.0001324173121
    -0.1984273087
    -0.6859637422
    -0.2791041736
     0.3887342473
  1.097186400E-05
    0.02629238355
     -1.061502732
    -0.1664325644
     0.3858260591
  1.003995956E-07
   0.006130607188
      1.433181518
     0.5155872503
     0.2225633757
 -2.007102534E-07
  -0.004819057566
    -0.9272803942
     0.8971396861
    0.04932965279
    0.05000000000
     0.1000000000
     0.1500000000
     0.2000000000
     0.2500000000
   Q=    0.0000
