   -0.01172317016
   0.008051224131
  -0.001126371986
 -0.0005290849437
  0.0001270382908
   -0.06733396584
    0.01327342719
   0.005349950649
  -0.002462802811
  0.0001953815805
    -0.3642455865
  -0.005402038878
    0.02471878057
  -0.004378487991
 -1.829105830E-05
     -1.018522724
    -0.2273427265
    0.06381660424
 -0.0001068615242
  -0.001209901737
    -0.9793853069
    -0.8838074378
    0.04240854611
    0.02645922662
  -0.003647511299
     0.7214794155
     -1.685074280
    -0.2369575419
    0.08223038133
  -0.005521856225
    -0.2656964070
     -1.520107615
    -0.8944009812
     0.1325023384
  -0.002019725088
    0.04417634972
     0.4970499374
     -1.574892658
    0.09205045153
    0.01383470728
   0.001442773076
     0.9340083973
     -1.292149949
    -0.1141285600
    0.04802291085
  -0.002752645984
     -1.097788472
    0.09191545311
    -0.4167198340
    0.09940295262
  0.0007800284820
     0.5927269530
      1.033031617
    -0.6054259411
     0.1522970576
 -0.0001307584975
    -0.1922270649
   0.008215591966
    -0.4304506672
     0.1718388022
  1.393779709E-05
    0.03404361242
     -1.199508495
     0.1206335912
     0.1315388298
 -6.607032254E-07
   0.001184180459
      1.311833342
     0.5924377061
    0.05559940724
 -7.969696987E-08
  -0.003049271070
    -0.8064203819
     0.5328550700
   0.004944369801
    0.05000000000
     0.1000000000
     0.1500000000
     0.2000000000
     0.2500000000
   Q=    0.0000
