      0.000000000
      0.000000000
      0.000000000
      0.000000000
      0.000000000
    -0.5190045757
     0.1409053204
    0.02379174127
   -0.02218972052
   0.003555063507
     -1.642765427
   -0.09211859417
     0.1973671294
   -0.05778192475
   0.005691156725
     -3.792437172
    -0.9569511946
     0.4822110258
   -0.09755036653
   0.007788569295
     0.8911179348
     -2.912979107
     0.8533577396
    -0.1363040479
   0.009383656174
   -0.01373259989
     -3.274023791
      1.013586017
    -0.1378927231
    0.01038485071
    -0.1013032742
    -0.4455309547
     0.9521295646
   -0.07563139426
    0.02214310499
    0.02769053101
      1.313000592
     0.3831886890
     0.1060598578
    0.08577285791
  0.0002645883787
    0.08353842514
     -1.270097143
     0.3121225253
     0.3018734226
  -0.001832820185
    -0.6371737847
     -1.537158318
     0.2146637417
     0.8016155560
  0.0005239825781
     0.3789560107
      1.696561445
    -0.1744723970
      1.598138511
 -7.804826723E-05
    -0.1026169868
     0.5795964460
    -0.4601001452
      2.376156803
  5.232229023E-06
   0.002295448868
     -2.012884898
    -0.4704235166
      2.498288175
  5.034439210E-07
    0.01024089748
      1.806488860
     0.7655335463
      1.629069118
 -2.037576628E-07
  -0.005047000560
    -0.9823369495
      1.894333751
     0.4803803095
    0.05000000000
     0.1000000000
     0.1500000000
     0.2000000000
     0.2500000000
   Q=    0.0000
