     -8.484620406
      4.880181619
     -1.627066184
     0.3301773897
   -0.03184318887
      1.210894227
      6.338882638
     -3.475811434
     0.9161987601
    -0.1050519259
     -166.8731065
      48.77902500
     -14.76976928
      3.177285613
    -0.3296242036
      389.7089318
      35.84995110
     -29.14620094
      7.571794350
    -0.8135380175
      246.3515009
      263.6378807
     -89.37858470
      18.34147389
     -1.853401097
     -192.5994052
      414.3304650
     -127.8442527
      31.52965787
     -3.873472764
      66.96347463
      192.5425039
     -111.4981819
      56.92723651
     -8.777289779
     -9.468328026
      82.25049824
      91.73709123
      100.2313402
     -19.11987737
     -1.199384277
     -407.3437766
      495.9540082
      177.0407186
     -38.69038115
     0.9268100180
      374.9069334
      289.2992113
      253.0715749
     -68.53967711
    -0.2380355022
     -184.4951753
     -514.7566750
      183.1731901
     -105.4667229
    0.03753094644
      55.27857240
     -3.829515981
      3.027382248
     -137.8949973
  -0.003680871642
     -8.318897587
      425.4111489
     -12.79011248
     -134.2196915
  0.0001171504222
     -1.036104731
     -439.8351656
     -96.62372249
     -74.31970229
  3.319701155E-05
      1.080378927
      260.7556824
     -279.8511278
     -12.64170307
    0.05000000000
     0.1000000000
     0.1500000000
     0.2000000000
     0.2500000000
   Q=    0.0000
