   -0.09046523326
    0.07610220105
   -0.02595368152
   0.003040792847
  5.849053178E-05
    -0.4104987405
     0.1447800264
   -0.01185964600
  -0.004821836529
  0.0007787006681
     -1.805891867
     0.2342512282
    0.01490897014
  -0.009491164671
  0.0006666220986
     -2.826359049
    -0.2970147283
     0.1445689182
   -0.01722269073
  2.075353915E-05
    -0.8157047603
     -1.395055356
     0.1737289731
   0.009854653985
  -0.003183137265
     0.9525083383
     -2.491404201
    -0.1039311889
    0.07252397314
  -0.006602292751
    -0.3869635372
     -2.583772248
    -0.9502457086
     0.1424326796
  -0.007247780209
    0.06284472213
     0.6954923914
     -2.202717991
    0.07959241134
  -0.001334248039
   0.004257006701
      1.704087041
     -2.316948533
    -0.3123379922
   0.001347683762
  -0.004817894699
     -1.894513325
    -0.3584448626
    -0.9572284340
   -0.03238335638
   0.001301184796
     0.9866726476
      1.854227621
     -1.338170132
    -0.1356301271
 -0.0002097641684
    -0.3039013111
     0.4176031624
    -0.8094783176
    -0.2857829879
  2.082375792E-05
    0.04621409535
     -2.526112823
     0.3842631543
    -0.3708465272
 -6.635720613E-07
   0.006055835731
      2.544947400
      1.049558893
    -0.2911653938
 -1.912282460E-07
  -0.006221474083
     -1.508356668
     0.7937647665
    -0.1114382323
    0.05000000000
     0.1000000000
     0.1500000000
     0.2000000000
     0.2500000000
   Q=    0.0000
