      0.000000000
      0.000000000
      0.000000000
      0.000000000
      0.000000000
      19.67324392
     -9.856644221
      2.840145046
    -0.4193341806
    0.02534308174
      179.3213903
     -41.80734692
      8.073125449
     -1.221151911
     0.1343654133
      185.3927810
     -15.93959048
      6.126972325
     -2.937609649
     0.5134180290
      122.7511942
      1.966351330
      32.01266093
     -13.35721765
      1.843457713
     -95.28082823
      207.5554955
      95.78628357
     -38.03702981
      4.691112195
      32.52457605
      529.9386763
      291.6832030
     -90.99446339
      10.28060748
     -1.016184369
     -11.88371893
      550.1395632
     -156.8077946
      19.10375477
     -2.482332914
     -355.3177626
      429.1142771
     -196.2658952
      33.30673975
     0.9999336188
      328.0411128
     -95.71888798
     -155.4042870
      55.87258569
    -0.2200709904
     -158.6154590
     -344.2179707
      20.82562295
      89.38218431
    0.03084644144
      44.71657015
      17.97819716
      218.3280552
      128.9017626
  -0.002379278336
     -4.848821539
      368.9823578
      123.7271397
      147.8499868
 -6.603126647E-05
     -1.941279133
     -399.4914441
     -217.1387449
      112.8759318
  5.286577376E-05
      1.257686576
      238.9864773
     -275.2438804
      42.01970399
    0.05000000000
     0.1000000000
     0.1500000000
     0.2000000000
     0.2500000000
   Q=    0.0000
