      19.76122133
     -18.74924392
      8.578895918
     -1.938260404
     0.1664745397
      70.35725356
     -33.78701018
      7.960370986
    -0.5335657670
   -0.06064159006
      246.7867444
     -49.60494970
      5.878539147
     0.1113038923
   -0.07867565095
      11.92422289
      65.34611053
     -27.97439791
      5.959348043
    -0.5270165425
      620.2708804
      257.4142384
     -73.56628303
      10.62691626
    -0.5885107931
     -363.3101778
      720.6844925
     -109.2775010
      7.234747913
     0.2173259345
      121.9231903
      551.9404133
      28.18599656
     -22.84840642
      2.907875278
     -19.63782375
     -168.3835493
      338.3461548
     -82.12844722
      7.625148007
    -0.6865434373
     -438.5949572
      610.0612718
     -152.6495120
      13.57733040
      1.215996736
      492.0004661
      144.1038767
     -155.5214528
      18.79980545
    -0.3409162162
     -261.3475768
     -612.1498524
     -22.98777884
      25.64541072
    0.05676463513
      83.85449375
      48.40192565
      243.2271030
      42.14136744
  -0.006047497715
     -14.87473211
      504.3501998
      293.8052239
      73.65483841
  0.0002988424471
    -0.3418961463
     -542.7561216
     -295.6878561
      89.72160348
  3.021325824E-05
      1.208497340
      322.0280586
     -632.1092226
      49.66013857
    0.05000000000
     0.1000000000
     0.1500000000
     0.2000000000
     0.2500000000
   Q=    0.0000
