    -0.4043864997
     0.3139560940
   -0.08830852886
   0.003263747429
   0.001512143099
     -1.772996351
     0.5153896118
    0.02807329872
   -0.03997182061
   0.004460700799
     -8.230396484
     0.5790637132
     0.2790915739
   -0.07335205219
   0.002909475557
     -13.17045291
     -2.978352703
      1.023638907
   -0.07420294775
  -0.008637443916
     -6.879312157
     -10.24978519
      1.003091965
     0.2073302219
   -0.04420410682
      6.074970719
     -17.55588297
     -1.317231537
     0.8827473701
    -0.1003359232
     -2.410813728
     -14.84887501
     -7.209785900
      1.938995049
    -0.1660828813
     0.4241980583
      6.784033744
     -13.86421758
      2.852277128
    -0.2004566230
   0.008214413639
      7.443797333
     -11.99266062
      2.647455233
    -0.1587333019
   -0.02475320054
     -9.813860212
     0.3940057351
     0.5204321007
   -0.05044148737
   0.007167856216
      5.429235679
      10.36674522
     -3.468035340
   -0.02574049962
  -0.001206997447
     -1.766376051
     0.1314150781
     -6.089981765
    -0.3461663094
  0.0001279767342
     0.3074845458
     -11.66254774
     -2.095641930
    -0.9532865655
 -5.849312311E-06
    0.01415470620
      12.49107758
      6.996858655
     -1.191862666
 -7.758984052E-07
   -0.02894568799
     -7.511570675
      8.740011743
    -0.6253199750
    0.05000000000
     0.1000000000
     0.1500000000
     0.2000000000
     0.2500000000
   Q=    0.0000
