      4.437028431
     -3.661337604
      1.633188064
    -0.3931990214
    0.03946829505
      14.85568633
     -9.353064036
      3.244737479
    -0.6117258371
    0.04952672882
      106.2074947
     -29.60497054
      7.670462728
     -1.375299133
     0.1204612208
      19.37973290
     -27.10143440
      10.19411943
     -2.093518972
     0.1858098766
     -68.33840597
     -66.54198497
      20.95054397
     -3.714659129
     0.2994584032
      30.02940081
     -71.52427981
      23.48701158
     -4.649652771
     0.4144496566
     -8.302135761
      33.89166474
      20.01296480
     -6.247914056
     0.6622684992
      1.265824580
     -23.25390829
      1.746075377
     -6.994492513
      1.125539989
    0.03535207845
      36.88090870
     -57.34919773
     -7.676712251
      2.388986540
   -0.07590727543
     -33.54036181
     -20.91165170
     -8.977016788
      5.358668198
    0.02231570495
      18.00396077
      72.05557189
      2.897827586
      11.20268616
  -0.003984345976
     -6.321154708
     -42.79886105
      10.53201173
      19.71669483
  0.0004857359573
      1.448972030
     0.1470368880
     -15.86421266
      24.17691073
 -3.734015983E-05
    -0.1610944427
      16.11867745
    -0.5900153002
      16.68728563
  5.208702240E-07
   -0.02793022523
     -13.06320333
      40.94475619
      4.542184244
    0.05000000000
     0.1000000000
     0.1500000000
     0.2000000000
     0.2500000000
   Q=    0.0000
