      0.000000000
      0.000000000
      0.000000000
      0.000000000
      0.000000000
     -112.5955145
      61.88633360
     -21.70453851
      4.385233934
    -0.3871817124
     -400.9954268
      105.8717752
     -22.99421571
      3.036770881
    -0.1601830096
     -451.7103686
      86.87829642
     -17.69378638
      1.994682099
   -0.02207026026
      245.4049691
      56.14134453
     -2.190238957
     -4.245824802
     0.8971798600
     -44.39931480
     -33.89672673
      70.94419706
     -25.64475180
      3.481243292
     -1.395865412
     -128.5250524
      200.9760350
     -71.90140805
      9.346174255
      3.050964063
      225.7757990
      323.7278986
     -162.2888027
      21.25209883
    -0.8506528097
     -121.3643522
      210.7453936
     -295.1767741
      40.38514527
     0.1621365591
      51.69860690
     -285.3741820
     -411.1191011
      64.25631293
   -0.02848532257
     -25.20590623
     -201.9354854
     -335.0410843
      85.29680630
   0.004657348652
      10.93143406
      368.2880346
      70.63795930
      99.25344517
 -0.0006773426749
     -3.825318762
     -272.7249791
      352.6571073
      105.8623720
  8.798886583E-05
      1.126332697
      148.6037767
     -47.80192206
      88.82622258
 -1.039246315E-05
    -0.2900223393
     -67.32328177
     -331.6163113
      38.25771156
    0.05000000000
     0.1000000000
     0.1500000000
     0.2000000000
     0.2500000000
   Q=    0.0000
