     -1.870979200
      1.677284191
    -0.9672208312
     0.3314188867
   -0.04875971908
    -0.4594245144
      3.392530575
     -2.559923794
     0.8444715838
    -0.1033657244
     -10.96643334
      18.86059627
     -10.07001816
      2.473442756
    -0.2248156252
      172.4016102
      58.42941515
     -24.84132848
      4.021204244
    -0.1894727913
      504.5299366
      235.8438180
     -46.73729972
      2.609002577
     0.2243603762
     -315.0283467
      555.9764255
     -17.72248743
     -9.533190640
      1.172226483
      105.8884896
      502.7015403
      152.7453248
     -31.63325788
      1.836214606
     -16.19612288
     -65.51930544
      421.2693733
     -41.09179236
     0.5777870301
    -0.9813160220
     -452.6777998
      525.2096080
     0.3725165151
     -3.891140816
      1.154371983
      463.9968040
      89.82323889
      108.7138572
     -10.25920815
    -0.3129785122
     -239.2028992
     -461.3064924
      205.5780011
     -13.35137133
    0.05121850733
      75.17887863
     -30.96340189
      175.4171049
     -8.455625458
  -0.005329640404
     -12.73171378
      509.7282498
     0.2739430409
      3.927917182
  0.0002351444500
    -0.6816916867
     -533.5338078
     -226.7964773
      14.58216812
  3.361166312E-05
      1.236825749
      320.6126930
     -272.0890092
      11.13093249
    0.05000000000
     0.1000000000
     0.1500000000
     0.2000000000
     0.2500000000
   Q=    0.0000
