     -2.851907528
      2.203817927
    -0.9167106932
     0.2011778645
   -0.01747553276
     -10.32623627
      6.299573771
     -2.025759327
     0.3306558936
   -0.02038041035
     -80.28920685
      20.37716421
     -4.481956803
     0.6334785212
   -0.03965202971
     -18.89538963
      16.61570966
     -5.289750341
     0.8496649050
   -0.04672876069
      50.39000301
      46.03984068
     -11.53889442
      1.290434510
   -0.01904206850
     -21.48649533
      56.42534981
     -10.57804046
     0.4175975197
     0.1436394497
      6.024793938
     -19.87417533
     -5.839593011
     -1.359323093
     0.5310584140
    -0.9938131426
      8.084023090
      1.629071888
     -5.870596719
      1.449091834
    0.01136394032
     -19.38569718
      31.54123642
     -11.91697241
      3.049934476
    0.04457892878
      20.04715328
      8.487731895
     -12.87816937
      5.327036642
   -0.01421994725
     -11.42598067
     -44.81944647
     -9.917376162
      7.517639494
   0.002642496542
      4.196911864
      30.33947340
      1.892309790
      7.678818752
 -0.0003360221536
     -1.024210097
     -3.881366857
      21.04675915
      5.598260722
  2.824575284E-05
     0.1410898052
     -7.294301558
     -3.766218511
      3.638941884
 -9.179839320E-07
   0.006405024551
      6.573962843
     -34.88459966
      1.809337789
    0.05000000000
     0.1000000000
     0.1500000000
     0.2000000000
     0.2500000000
   Q=    0.0000
