    -0.1735024294
     0.1691497244
   -0.07571913952
    0.01626650115
  -0.001287878260
    -0.7931779848
     0.3812313283
    -0.1006556668
    0.01143393207
 -4.312465788E-05
     -2.990471737
     0.8620596635
    -0.1966212243
    0.02221294981
 -8.915063063E-05
     -4.093251804
      1.056456016
    -0.1626329547
   -0.01204121689
   0.005975073970
      1.610095201
      1.418224948
   -0.05389083677
   -0.09560254755
    0.01903687940
   -0.09369726368
      1.627491834
     0.3494989697
    -0.3308434550
    0.05061181724
   -0.02107143701
     -1.491862202
     0.7345156720
    -0.8733833297
     0.1091881987
   -0.02393531614
     -1.914380631
    -0.2678307964
     -2.047542900
     0.1816414748
    0.01577263414
      2.755200833
     -2.119267245
     -4.050389991
     0.1750755631
  -0.004750205375
     -1.788829660
     -2.120809315
     -5.723654881
   -0.08819770202
  0.0008722613123
     0.6629622254
     0.9328668295
     -4.345299523
    -0.6728901863
 -9.646281969E-05
    -0.1234082113
      2.252891311
     0.8302580189
     -1.246127116
  2.511684369E-06
   -0.01502631696
     -3.693951366
      4.000922076
     -1.229892793
  1.462556029E-06
    0.02085669263
      3.061461253
    -0.3102943136
    -0.5976900069
 -3.715655070E-07
  -0.008865313820
     -1.720839849
     -3.395574584
   -0.08109488164
    0.05000000000
     0.1000000000
     0.1500000000
     0.2000000000
     0.2500000000
   Q=    0.0000
