    -0.3891025550
     0.3620344708
    -0.1588097625
    0.03415506378
  -0.002773819800
     -1.204414311
     0.6151970695
    -0.1724486862
    0.02158626811
 -0.0002592002882
     -3.949420099
      1.441991163
    -0.4068640763
    0.05598498568
  -0.001521512267
      2.466863334
      1.731958401
    -0.3862140284
  -0.007220781025
   0.007917875416
      7.504165313
      5.046939106
    -0.2619433063
    -0.1252741920
    0.01562866276
     -4.464394940
      7.959017242
      1.450881871
    -0.3439839190
    0.01413895170
      1.460282988
      5.549924983
      4.776674541
    -0.2283383056
   -0.02785644579
    -0.2185199350
     0.3434141012
      8.149295829
     0.8452561337
    -0.1071433980
   -0.01386492374
     -6.553805909
      7.565266171
      3.330579441
    -0.1523739075
    0.01583130425
      6.412158142
    -0.3563392798
      5.968107256
 -0.0009726676722
  -0.004319488145
     -3.316283800
     -5.737794417
      5.459920042
     0.4138950225
  0.0007184520658
      1.069370448
     0.5784689771
     0.7066103537
     0.8309562021
 -7.733281423E-05
    -0.1954500021
      5.741310868
     -3.419146001
     0.8290285078
  3.917093007E-06
  -0.002595823373
     -6.693444377
     -1.770809281
     0.4029700357
  3.878967490E-07
    0.01567578834
      4.293030566
     0.7423780587
    0.06033320821
    0.05000000000
     0.1000000000
     0.1500000000
     0.2000000000
     0.2500000000
   Q=    0.0000
