      0.000000000
      0.000000000
      0.000000000
      0.000000000
      0.000000000
    -0.7162583434
     0.1737472478
    0.04795648049
   -0.03430091998
   0.005065529180
     -2.624207806
    -0.1418155156
     0.3021263322
   -0.08377827634
   0.007225865488
     -6.419787048
     -1.538120062
     0.7639578323
    -0.1368028137
   0.006925306588
      2.917027332
     -4.645939988
      1.389882166
    -0.1583977190
  -0.003921884941
    -0.7137386951
     -4.058772150
      1.958375953
   -0.03833137848
   -0.04612622695
   0.009942165356
      1.452000575
      3.225634505
     0.4508012607
    -0.1588431373
    0.05383467661
      3.150172583
      4.478915512
      1.707972776
    -0.3999250012
   -0.01839929273
     -2.563143084
      2.080554040
      3.367972053
    -0.8355551026
   0.003819426713
      1.214086696
     -2.956952545
      3.433224930
     -1.577035107
 -0.0006183111511
    -0.4728988198
    -0.8933828543
     0.4424091563
     -2.724259753
  8.511866040E-05
     0.1625429170
      3.051621952
     -2.687743270
     -3.982881287
 -1.002631136E-05
   -0.04734873240
     -2.530604157
     -1.659264079
     -4.368853799
  9.403723429E-07
    0.01067052297
      1.177862159
      1.653211863
     -3.098897002
 -5.484039362E-08
  -0.001536648047
    -0.2973099427
      1.943035653
     -1.056822078
    0.05000000000
     0.1000000000
     0.1500000000
     0.2000000000
     0.2500000000
   Q=    0.0000
