    -0.8827302545
     0.7465759371
    -0.2969435250
    0.05751307180
  -0.004229652663
     -1.533213712
     0.7440538219
    -0.1685665950
    0.01407735395
  0.0002645328929
     -4.475644394
      1.683970616
    -0.5343944585
    0.09579228132
  -0.007866025004
      26.17910027
    0.04778904911
    -0.3142448341
    0.04958465520
   -0.01326113284
      19.68997270
      8.417521066
    -0.5308848489
     0.2388703503
   -0.08714304857
     -15.45227755
      16.15308614
      3.172708639
      1.152482122
    -0.3399571551
      5.126085918
      24.16255678
      12.30971622
      5.592899360
    -0.9884796735
    -0.5891230186
      15.31417542
      29.24518118
      17.77457628
     -2.025631941
    -0.1403116284
     -39.14886152
      38.40822367
      39.79281304
     -2.818399771
    0.08084148247
      32.14378209
      10.52263583
      58.58599852
     -2.001779628
   -0.01957138709
     -15.04167882
     -25.05349446
      44.90929454
     0.9013023446
   0.002988400360
      4.361558789
     -8.984076549
     -6.303930108
      3.577232810
 -0.0002807868673
    -0.6055908703
      38.17275563
     -37.72052342
      2.803536399
  6.073879779E-06
    -0.1148290226
     -38.66996337
     -1.627566043
    -0.2820624259
  3.256802839E-06
     0.1000016512
      23.82351826
      25.35650177
     -1.082276538
    0.05000000000
     0.1000000000
     0.1500000000
     0.2000000000
     0.2500000000
   Q=    0.0000
