     -1.936245784
      1.889282473
    -0.8760873486
     0.2036162845
   -0.01882751745
     -7.398951460
      3.825340636
     -1.154224011
     0.1819504515
   -0.01060488127
     -27.43126916
      9.090974978
     -2.602507132
     0.4522802601
   -0.03230077528
     -27.08985681
      11.20934297
     -2.952972053
     0.3648214560
  -0.006607704027
      13.32920036
      15.57670873
     -3.580380069
     0.2100901162
    0.03243413404
     -1.582487177
      11.10073662
     -2.457097929
    -0.6661198308
     0.1515832451
   -0.03985232896
     -18.37974649
     -2.036299023
     -2.987064025
     0.3345528303
    -0.1280492884
     -5.166172393
     -6.336397205
     -8.806751122
     0.3659858585
    0.08519342184
      13.37657156
     -7.555651603
     -19.32401257
    -0.6069759905
   -0.02556851510
     -9.206344329
     -9.113136651
     -29.05621233
     -4.028998290
   0.004569128126
      3.330447403
    -0.6733599336
     -25.45413714
     -10.48944690
 -0.0004613101962
    -0.5128735120
      18.17695246
     0.1339776493
     -17.22605559
 -1.408812855E-06
    -0.1547449509
     -24.56105500
      22.73910587
     -18.19847630
  1.055429877E-05
     0.1389355247
      19.15225059
     0.8356806351
     -11.11714868
 -2.360229539E-06
   -0.05497260619
     -10.39390563
     -21.11863219
     -2.906302925
    0.05000000000
     0.1000000000
     0.1500000000
     0.2000000000
     0.2500000000
   Q=    0.0000
