      9.952000694
     -8.687718286
      4.015378737
    -0.9911829272
     0.1018448340
      32.41933093
     -19.88464645
      6.850931602
     -1.289522593
     0.1041979967
      195.4379150
     -56.78539240
      15.52311072
     -2.923871119
     0.2653011240
     -5.532435115
     -46.92270916
      18.79927302
     -3.912608123
     0.3519849680
     -122.7392719
     -113.7933435
      35.18845207
     -6.451355266
     0.5897750414
      60.87956404
     -107.8839570
      31.87962941
     -8.294239641
      1.091478932
     -17.16222807
      39.79765262
      15.56046780
     -15.76764577
      2.764029219
      2.224623690
     -73.55203626
     -32.42132018
     -33.77849948
      6.925649920
     0.2682625358
      108.8197992
     -129.0470155
     -70.13022594
      15.94149486
    -0.2089517936
     -88.19068182
     -40.85596748
     -106.7337531
      31.84070372
    0.05496894381
      43.58743006
      127.3064595
     -71.11953127
      55.44065136
  -0.009137073965
     -14.07992184
     -48.21166459
      30.94445804
      82.41289091
   0.001011474161
      2.748165975
     -44.95580350
      53.66504169
      94.07886101
 -5.887744509E-05
   -0.08264166545
      69.55358088
     -3.006997289
      69.25217042
 -3.314643301E-06
    -0.1632143681
     -48.22328556
     -5.114890864
      23.84395877
    0.05000000000
     0.1000000000
     0.1500000000
     0.2000000000
     0.2500000000
   Q=    0.0000
