   -0.09663362809
    0.08442222609
   -0.03138299565
   0.004754021960
 -0.0001421010679
    -0.4311818068
     0.1670888309
   -0.02370372896
  -0.002108588745
  0.0006030892753
     -1.826062361
     0.3078949036
   -0.01773865347
  -0.004086387759
  0.0005065726901
     -2.613089162
   -0.07413455308
    0.08778556704
   -0.01539508608
  0.0008337602182
    -0.2018304524
    -0.7932873641
     0.1288990113
  -0.006685435439
 -0.0002832857283
     0.5827771970
     -1.480547643
    0.01469870800
    0.01141294090
 -0.0006192737387
    -0.2542325384
     -1.954712797
    -0.4753708578
    0.01374715101
  0.0005794646745
    0.03835801525
     0.2820497690
     -1.449548111
    -0.1256364327
  0.0007138782886
   0.004843080315
      1.459081143
     -1.810117071
    -0.5836356992
   -0.02463881254
  -0.003808301666
     -1.482532685
    -0.5574835443
     -1.225309712
    -0.1282188404
  0.0009750070488
     0.7384200110
      1.369700910
     -1.412895790
    -0.3418011652
 -0.0001509008999
    -0.2157014891
     0.6184031217
    -0.5367110710
    -0.5840914245
  1.390144487E-05
    0.02751908605
     -2.225275439
     0.6782948220
    -0.6523182653
 -2.039605121E-07
   0.007187875389
      2.129905820
     0.7226483481
    -0.4419905891
 -1.813464174E-07
  -0.005399653832
     -1.239843819
     0.1904768019
    -0.1423096193
    0.05000000000
     0.1000000000
     0.1500000000
     0.2000000000
     0.2500000000
   Q=    0.0000
