      0.000000000
      0.000000000
      0.000000000
      0.000000000
      0.000000000
     -11.03397075
      8.151882455
     -3.554584443
     0.7756263218
   -0.05942972847
     -2.232097033
      13.18426388
     -5.720615556
     0.9233623666
   -0.02766591181
      147.0628604
      38.22033496
     -13.39615903
      1.474079671
  -0.001038648483
     -42.77354065
      129.4399223
     -22.05790737
      1.159592558
    0.08343344373
      8.046855478
      122.3181874
     -17.90680976
     0.9694288454
    0.03071991364
     0.7426377700
     -51.47492149
     -26.98992127
      4.720991035
    -0.3802418666
    -0.6735839809
     -22.00211314
     -51.25553742
      12.38594003
     -1.445952358
     0.1022139739
      10.09104830
      6.013980337
      25.26337261
     -3.901318440
   0.006789498356
      3.940869334
      64.66214357
      45.94475057
     -8.223538181
  -0.004896476649
     -3.531331099
     -30.44931686
      42.47651832
     -14.04449573
  0.0008151754613
     0.8038064314
     -23.93211943
     -7.836308216
     -20.99003993
 -3.809321866E-05
     0.2000267693
      45.49555232
     -30.13272083
     -25.45040232
 -1.265092862E-05
    -0.2275797877
     -37.31577209
      1.693947132
     -19.84150844
  3.789122165E-06
    0.09843345650
      20.34946541
      4.031169929
     -6.879743869
    0.05000000000
     0.1000000000
     0.1500000000
     0.2000000000
     0.2500000000
   Q=    0.0000
