      0.000000000
      0.000000000
      0.000000000
      0.000000000
      0.000000000
      20.02436612
     -10.30254921
      3.087262847
    -0.4255108004
   0.007232981005
      71.18164198
     -17.09332839
      2.217363658
     0.2919647932
    -0.1077763321
      102.1584879
     -17.69811438
    -0.8629830207
      1.770418342
    -0.3337887747
     -49.36544232
     -21.14937744
     -10.42805332
      6.187916590
    -0.9288198499
      7.293104268
     -38.63174822
     -36.70071852
      17.01241896
     -2.126941661
    -0.4181357887
      9.795931707
     -81.00620174
      39.13939635
     -3.949857344
   -0.02196983322
     -4.041063014
     -94.73961219
      78.21246654
     -5.219583238
   -0.02578239089
     -7.573534541
     -35.84529521
      133.6981651
     -1.853827215
   0.007514865548
      3.725168899
      80.86201666
      171.4150929
      12.99982693
  0.0005702494990
      1.701055310
      58.51887131
      122.4609486
      41.73689364
 -0.0005952184829
     -2.036571772
     -109.4615373
     -35.37562640
      70.83497253
  0.0001581958447
      1.010916997
      83.72495810
     -131.4639314
      73.46525443
 -2.877053619E-05
    -0.3635398349
     -48.27613512
      29.53802125
      42.31534305
  4.218649856E-06
     0.1081782944
      23.86329505
      146.1436010
      9.639176156
    0.05000000000
     0.1000000000
     0.1500000000
     0.2000000000
     0.2500000000
   Q=    0.0000
