      0.000000000
      0.000000000
      0.000000000
      0.000000000
      0.000000000
      62.80923200
     -31.11501730
      8.987280366
     -1.288742603
    0.05753572179
      266.9698386
     -51.17189615
      4.167222640
     0.7211396630
    -0.1321744663
      592.1214856
     -5.141557507
     -13.36703711
      2.424749615
   -0.07079531308
      47.95515137
      204.7949496
     -34.47044653
     0.5894864904
     0.3914741486
     -107.1241812
      468.8155479
     -4.652798840
     -12.11874562
      1.544649151
      44.11329696
      598.6603958
      155.8281724
     -39.19082602
      3.048134779
     -2.493177276
     -53.95646317
      469.0137657
     -65.03505785
      3.523880865
     -3.191301101
     -469.3433232
      593.5513872
     -45.19770466
      1.457860362
      1.364853875
      454.2051826
      142.8868092
      46.08592695
     -2.228260947
    -0.3037895021
     -218.8406042
     -540.7845810
      165.9914853
     -2.998828093
    0.04220152645
      59.65887264
     -90.00990213
      188.8743410
      5.284929498
  -0.003083979021
     -5.146174893
      648.1869385
      42.44044763
      21.16290373
 -0.0001421781912
     -3.374178664
     -646.0966037
     -238.8074764
      31.13871301
  8.190196701E-05
      1.965186479
      377.1924931
     -335.6773715
      19.14273517
    0.05000000000
     0.1000000000
     0.1500000000
     0.2000000000
     0.2500000000
   Q=    0.0000
