     -9.105989830
      9.787517466
     -4.379882148
     0.8852835317
   -0.05770104032
     -21.01828421
      7.825477383
     -1.161866166
    -0.2829286488
    0.09954408090
      64.08181286
      3.120758961
     -3.196793881
    -0.1932401196
     0.1798231277
      48.23990387
      21.61535092
      5.001650074
     -4.675510222
     0.7526957014
     -32.02980828
    -0.1936469610
      33.30175701
     -11.36863080
      1.273954404
      8.938862620
     -54.77707393
      68.54773091
     -17.24733606
      1.573275857
     -2.438082620
      22.67173839
      79.89794023
     -13.62291566
     0.7038711259
     0.8172743867
      34.58474252
      55.01453620
      14.44488080
     -2.591990941
    -0.1949222825
     -27.32734957
     -14.40719341
      77.37051963
     -9.158936281
    0.03177374659
      10.49740433
     -17.32467064
      139.0334631
     -18.52121977
  -0.003091211647
     -1.881358890
      46.50047324
      114.2905176
     -30.09063604
 -3.909782239E-06
    -0.2912476165
     -41.68162888
     -32.30054136
     -43.10835462
  7.773545842E-05
     0.4154178679
      32.17624449
     -129.6998845
     -52.24088619
 -2.086248659E-05
    -0.2212008175
     -25.19725132
      23.75361859
     -44.92870256
  3.739605480E-06
    0.08400522065
      16.46885358
      136.4127592
     -19.02602504
    0.05000000000
     0.1000000000
     0.1500000000
     0.2000000000
     0.2500000000
   Q=    0.0000
