      0.000000000
      0.000000000
      0.000000000
      0.000000000
      0.000000000
     -1.112526426
     0.1576863992
     0.1740266379
   -0.08956857693
    0.01290808284
     -3.863604685
    -0.6499388643
     0.7185526650
    -0.2016836846
    0.01967785147
     -10.45919573
     -3.343494324
      1.731973012
    -0.3652884693
    0.02822500228
      6.437552425
     -8.942570007
      3.330281399
    -0.5612589349
    0.02704680356
     -2.106210468
     -6.452127454
      5.375206298
    -0.6343762717
   -0.01145338538
     0.2607213295
      6.701001859
      9.435562939
    -0.1517214851
    -0.1244091893
     0.1045425306
      6.673776533
      13.20508300
      1.835024167
    -0.3082797481
   -0.05757460813
     -8.190299448
      6.710020377
      5.092894119
    -0.4203632504
    0.01567577080
      5.067588919
     -6.792170530
      6.272438092
    -0.2658775126
  -0.002967637611
     -2.175378808
     -3.270506529
      2.494214353
     0.1210334123
  0.0004077127547
     0.6582493995
      5.100486644
     -2.782036192
     0.4202761287
 -3.746651879E-05
    -0.1247626991
     -1.471735183
     -3.471637881
     0.3615878034
  1.152645050E-06
   0.003570012487
     -1.115980287
      1.517060080
    0.04559668570
  3.326549873E-07
   0.007474253085
      1.439134055
      4.179991671
   -0.09718958229
    0.05000000000
     0.1000000000
     0.1500000000
     0.2000000000
     0.2500000000
   Q=    0.0000
