      2.073989616
     -2.010710402
     0.9255760950
    -0.2114384464
    0.01867730563
      7.731352687
     -4.064506885
      1.228655467
    -0.1815653166
   0.007168920190
      27.98845023
     -9.889483695
      2.802244412
    -0.4206759663
    0.01803077225
      18.03330558
     -13.62133617
      3.148452704
    -0.1435679483
   -0.03985853953
     -27.74883265
     -26.08434103
      2.996734692
     0.5661328516
    -0.1445578899
      11.10864589
     -32.32515856
     -2.526555454
      2.582385322
    -0.3715743102
     -3.339140440
    -0.1012191744
     -11.45183291
      6.197558398
    -0.7184784242
     0.6845828196
      10.98656683
     -13.77900223
      12.41342688
     -1.080640072
   -0.06941492801
     -1.906691363
     -6.486852375
      20.99460999
    -0.9069033165
  -0.007785332380
     -4.127497504
      11.65413778
      26.04379008
     0.7477976893
   0.004929803961
      3.874014740
      11.74164020
      17.37633406
      4.257899547
  -0.001138849699
     -1.838542996
     -17.83648355
     -7.496613637
      7.894744879
  0.0001737965798
     0.5802285383
      10.38381304
     -21.19441547
      8.146265272
 -1.916420414E-05
    -0.1298910791
     -3.651115102
      6.793120661
      4.266178011
  1.477224527E-06
    0.01962116709
     0.8310532444
      25.53587536
     0.6814779992
    0.05000000000
     0.1000000000
     0.1500000000
     0.2000000000
     0.2500000000
   Q=    0.0000
