   -0.06862755376
    0.05422331677
   -0.02028563128
   0.003666265927
 -0.0002484512984
   -0.06374035563
    0.03298906781
  -0.005593732905
 -2.726848852E-05
  4.953999554E-05
    -0.2677424274
    0.09398978029
   -0.03076612096
   0.006372704432
 -0.0007532788346
      2.825763277
    -0.1175372812
  -0.005300440174
   0.005995881565
  -0.002319737068
      1.962237871
     0.6591390951
   -0.04058563682
    0.03920111386
   -0.01262804987
     -1.592873549
      1.520873044
     0.2826064933
     0.1724203160
   -0.04685457913
     0.5288315349
      2.533781029
      1.182357682
     0.7194977576
    -0.1366694661
   -0.05887731263
      1.741830738
      2.976832092
      2.150467837
    -0.3038155231
   -0.01544630771
     -4.217333475
      4.123601830
      4.644608301
    -0.5261840137
   0.008612770442
      3.424564287
      1.295985561
      6.656780665
    -0.7225542433
  -0.002068867617
     -1.592181578
     -2.734967469
      4.888131249
    -0.8617917845
  0.0003142642603
     0.4588485536
    -0.9634813477
    -0.9975718027
     -1.039332087
 -2.928976535E-05
   -0.06264733567
      4.073934520
     -4.249304278
     -1.238957204
  5.777828255E-07
   -0.01268436200
     -4.129097097
   -0.02737508933
     -1.095685567
  3.530024988E-07
    0.01074733105
      2.547075900
      2.722106427
    -0.4655535030
    0.05000000000
     0.1000000000
     0.1500000000
     0.2000000000
     0.2500000000
   Q=    0.0000
