     0.8070661409
    -0.7637483481
     0.3395324542
   -0.07413748200
   0.006226344792
      3.063358315
     -1.516931354
     0.4166318788
   -0.05428990104
   0.001802660644
      11.89147094
     -3.551920452
     0.8953317741
    -0.1325391491
   0.007211043540
      10.42593942
     -3.777742984
     0.8132153917
   -0.05440609802
  -0.005664941004
     -6.648777408
     -5.563883622
     0.8065997752
    0.05220135308
   -0.02013794429
      1.490967318
     -4.952979778
    -0.2308030888
     0.3967245609
   -0.05019803130
    -0.2539360140
      5.537509291
     -1.244060180
      1.013100352
   -0.06397415951
    0.08215972940
      1.460027161
     0.1704210498
      2.390788691
    0.05033882318
   -0.02790478768
     -3.549278882
      1.768711305
      5.023156526
     0.6565391514
   0.006536150949
      2.218300056
      3.763648411
      7.757010139
      2.356346107
 -0.0009257668734
    -0.6444676112
     0.7359053892
      7.396337192
      5.415001331
  4.398989815E-05
 -0.0004069391395
     -6.741644509
     0.7607028854
      8.671343475
  1.445195428E-05
    0.09392071750
      8.232491516
     -6.230476446
      9.385933074
 -4.671022660E-06
   -0.05179775877
     -5.985238935
    -0.5855627792
      6.147038459
  8.125968431E-07
    0.01767367114
      3.068620543
      6.147728289
      1.829896133
    0.05000000000
     0.1000000000
     0.1500000000
     0.2000000000
     0.2500000000
   Q=    0.0000
