      0.000000000
      0.000000000
      0.000000000
      0.000000000
      0.000000000
      97.45327334
     -57.25588096
      22.29674101
     -5.142131391
     0.5270038303
      319.9560889
     -103.8251751
      29.83655523
     -5.467755094
     0.4396749183
      473.3818417
     -146.6557221
      40.50798179
     -6.468998416
     0.3931904321
     -211.3156976
     -158.4433333
      28.03748636
     0.4395912108
    -0.6284376902
      21.63828917
     -100.8454613
     -57.32762831
      25.64376255
     -3.576867566
      3.520588695
      165.3979090
     -253.3006551
      84.87174768
     -10.61403696
    -0.8354357968
     -73.33252501
     -418.0274943
      195.3716193
     -25.17042639
    -0.2775531882
     -55.04044633
     -235.9292246
      364.8911824
     -50.83677236
     0.1272550546
      46.61022077
      409.5693602
      523.4410674
     -87.50281474
   -0.01858322216
     -6.534960963
      247.5922636
      443.9078694
     -129.4386196
 -4.510553020E-05
     -6.272298361
     -567.1662509
     -73.44920186
     -168.4305865
  0.0006167493013
      4.968211514
      488.1331561
     -452.4822828
     -189.6194171
 -0.0001637047389
     -2.158629701
     -296.9790604
      47.93104496
     -155.2714143
  2.781135941E-05
     0.6891835930
      141.6985532
      371.3397697
     -62.11390735
    0.05000000000
     0.1000000000
     0.1500000000
     0.2000000000
     0.2500000000
   Q=    0.0000
