   0.006094079110
  -0.006200890594
   0.002847268061
 -0.0006150402456
  4.604408623E-05
    0.02496252411
   -0.01253821110
   0.003506046041
 -0.0003651244718
 -1.990452234E-05
    0.05626076880
   -0.02656309329
   0.007481199507
 -0.0005874213860
 -9.052856363E-05
   -0.04257544257
   -0.05129776942
   0.007861543870
   0.002061068177
 -0.0005605112308
    -0.2379780188
    -0.1562714452
  -0.003371502964
    0.01006462412
  -0.001547902704
     0.1382737594
    -0.3014994044
   -0.06839207714
    0.02848849262
  -0.003523478407
   -0.04742760582
    -0.2468113184
    -0.1967746265
    0.05500972926
  -0.007438093405
   0.008108462136
     0.1073863044
    -0.2886711614
    0.08082687871
   -0.01678917284
  8.263637627E-06
     0.1225541925
    -0.1662859919
    0.08906052851
   -0.03970570262
 -0.0003989182936
    -0.1605018544
    0.08318959281
    0.05415243826
   -0.08887103113
  0.0001197399399
    0.09054071192
     0.1225705943
   -0.04687336288
    -0.1708748115
 -2.080419860E-05
   -0.03072742712
   -0.01556400640
    -0.1365702134
    -0.2618092666
  2.342246432E-06
   0.006041831173
    -0.1503004449
   -0.04462483062
    -0.2932591851
 -1.380427076E-07
 -0.0001514297439
     0.1733440826
     0.1191771986
    -0.2097156305
 -7.151845533E-09
 -0.0003668064640
    -0.1084162570
    0.08807869535
   -0.07111086122
    0.05000000000
     0.1000000000
     0.1500000000
     0.2000000000
     0.2500000000
   Q=    0.0000
