     -8.373306931
      7.610983802
     -3.585601487
     0.8940963055
   -0.09299812782
     -25.75403563
      15.35578178
     -5.241536196
      1.003963715
   -0.08760839187
     -127.9826506
      39.17161981
     -11.75655439
      2.508197388
    -0.2625542705
      49.32722414
      28.60384223
     -14.67037156
      3.644243897
    -0.3884030200
      17.79477076
      75.89803442
     -29.45603687
      6.577817580
    -0.6591223313
     -10.78851571
      50.45799061
     -35.11710563
      8.665408792
    -0.8323483774
      3.547290241
     -33.81002133
     -42.71484760
      9.150587780
    -0.5889516259
    -0.6836906820
      5.531821742
     -25.46708278
     -1.341702871
      1.230919050
    0.01330871483
     -12.45787015
      29.26281019
     -26.36767279
      6.193020721
    0.03192377445
      14.42043262
      24.96254821
     -53.73474005
      16.54554118
   -0.01020537916
     -8.152398081
     -44.83618234
     -48.51661095
      33.28615447
   0.001808418562
      2.737089671
      13.86784272
      14.91424015
      52.73208080
 -0.0002080180661
    -0.5434373977
      10.47783437
      68.45094624
      63.35244726
  1.396365129E-05
    0.03312422681
     -12.01997545
     -12.63171019
      51.59291045
  8.109238918E-08
    0.01838300620
      5.769731261
     -86.74482582
      20.93379855
    0.05000000000
     0.1000000000
     0.1500000000
     0.2000000000
     0.2500000000
   Q=    0.0000
