      0.000000000
      0.000000000
      0.000000000
      0.000000000
      0.000000000
     -10.96383121
      3.342167912
    0.03294006401
    -0.2273645955
    0.03000649110
     -1.902798592
     -6.619412873
      3.085102965
    -0.4366551558
   -0.01542959860
      64.64039449
     -18.82549344
      2.978024078
     0.6000700536
    -0.2343318191
      3.629031556
     -20.06649603
    0.06558810773
      3.894063968
    -0.8795774217
     -11.26698622
     -24.49070835
     -5.831380676
      14.86974778
     -2.615367466
      2.370383222
      24.71904232
     -11.52712455
      44.26433922
     -6.042505630
     0.8306702203
      66.94638987
      10.89571728
      105.6882792
     -10.60908642
    -0.5968231506
     -92.08565427
      57.30563320
      195.2705385
     -12.69373739
     0.1798140030
      60.88585519
      48.34720938
      247.2856848
     -6.371016876
   -0.03411000144
     -24.13141014
     -18.62154180
      150.8223160
      8.989386807
   0.004292682062
      5.790333977
     -45.01197601
     -75.54355178
      21.32589385
 -0.0002814771029
    -0.3521839743
      79.15802577
     -163.3919350
      16.15640282
 -2.013843596E-05
    -0.4040006328
     -73.63148691
      47.59973833
    0.09460083172
  9.358877830E-06
     0.2284140287
      47.04151938
      160.7335379
     -4.836181681
    0.05000000000
     0.1000000000
     0.1500000000
     0.2000000000
     0.2500000000
   Q=    0.0000
