      0.000000000
      0.000000000
      0.000000000
      0.000000000
      0.000000000
     -11.60438893
      4.641891441
    -0.7683044032
   -0.04064911875
    0.02044457644
     -41.02487652
      4.225592006
      1.153957301
    -0.4829506306
    0.04983232377
     -84.43910656
     -6.752908924
      4.338858879
    -0.8164474597
    0.06567908489
      10.56676405
     -36.62624829
      7.528174039
     -1.142670733
     0.1232167846
      5.953158459
     -51.66007942
      5.231437059
     -1.791721828
     0.3065272222
     -3.537051296
     -40.88107672
     -4.410903140
     -4.858943881
     0.7874298380
     0.3119390180
      8.256554496
     -24.82795330
     -13.90527367
      1.614167586
     0.2371302099
      36.05641779
     -43.95701902
     -32.03733104
      2.367046746
    -0.1097475734
     -36.80313547
     -26.43616895
     -51.49263716
      1.920826215
    0.02481939955
      17.65446006
      34.97540887
     -46.87282926
    -0.4905892319
  -0.003437317377
     -4.656191927
      25.30550415
     -3.192587525
     -3.330751515
  0.0002402244488
     0.2862884172
     -67.81459194
      33.27464914
     -3.489202883
  1.559236792E-05
     0.3394843678
      62.84179214
      10.69477585
     -1.111333054
 -7.553974130E-06
    -0.1849079707
     -36.65312509
     -11.19870606
     0.1757651788
    0.05000000000
     0.1000000000
     0.1500000000
     0.2000000000
     0.2500000000
   Q=    0.0000
