     0.8782809168
    -0.9342839488
     0.5152417068
    -0.1489130309
    0.01738418814
      1.527805795
     -1.509860159
     0.7908499727
    -0.2026421068
    0.01924404014
      2.391610611
     -4.594711033
      2.336818505
    -0.5458892857
    0.04827075478
     -18.39434217
     -9.289443653
      4.045280657
    -0.7440040328
    0.04678384982
     -4.843990403
     -19.10039571
      6.507778535
     -1.014796184
    0.03621223935
      4.774077175
     -11.43843312
      8.123862769
     -1.080316498
   -0.06282694649
     -1.621638763
      3.702784826
      9.779439032
    -0.9330905396
    -0.4062381399
     0.1689405245
     -10.83555015
      1.329743757
    -0.9302703512
     -1.464421208
    0.06328209257
      16.95290085
     -20.11203437
     -4.389727665
     -4.323582592
   -0.03292412953
     -13.28922303
     -11.89962590
     -12.17049669
     -10.72441724
   0.007810006926
      6.109730827
      18.58041878
     -13.95455208
     -21.00996819
  -0.001165113437
     -1.715077366
     0.7987364263
     -3.324803565
     -30.74155426
  0.0001039194003
     0.2121118588
     -15.68512561
      5.986579520
     -31.77947766
 -1.125389282E-06
    0.05599160612
      15.82955954
      2.981903493
     -20.92682580
 -1.418943503E-06
   -0.04136560753
     -9.362323360
     -1.837471784
     -6.641314619
    0.05000000000
     0.1000000000
     0.1500000000
     0.2000000000
     0.2500000000
   Q=    0.0000
