      0.000000000
      0.000000000
      0.000000000
      0.000000000
      0.000000000
      1.798966207
     -1.706744623
      1.066944007
    -0.3757241018
    0.05593923124
      6.207512651
     -3.525811923
      2.214519061
    -0.8061060846
     0.1159645526
      5.766092053
     -4.207036441
      5.824260176
     -2.227086778
     0.2860166282
      43.51666726
      2.055037149
      16.93795097
     -5.560343487
     0.5825400723
     -22.99032883
      44.34123434
      46.14422210
     -11.49610404
      1.004814515
      6.451473479
      95.96845941
      104.2862126
     -18.05219090
      1.601787715
     0.1470566775
      24.74711204
      157.3188688
     -18.63432642
      2.994416850
    -0.6154807390
     -88.58564314
      105.3906275
     -8.461945848
      7.145566452
     0.2271972073
      74.33962791
     -49.06962332
      6.314150985
      16.94058322
   -0.04920549558
     -35.80150689
     -80.61922251
      17.66340271
      33.19200484
   0.007015347941
      10.58686034
      38.32036209
      22.48368684
      50.23276949
 -0.0005886405163
     -1.488564270
      46.34296311
      4.477323165
      55.21378577
 -1.835280995E-06
    -0.2692481927
     -67.77610272
     -26.88850011
      39.02229566
  9.884669538E-06
     0.2353211228
      45.19078118
     -23.73778360
      13.21603932
    0.05000000000
     0.1000000000
     0.1500000000
     0.2000000000
     0.2500000000
   Q=    0.0000
