     -8.602474613
      3.750869396
     -1.073762877
     0.2801418360
   -0.04224471421
      4.555838775
      9.812194550
     -6.491474057
      1.892915350
    -0.2188695766
     -253.8833977
      81.77514544
     -26.02311320
      5.406440182
    -0.5010724395
      488.0943508
      103.5196137
     -55.62122579
      11.90530833
     -1.015737758
      281.5377259
      495.7737560
     -141.6343408
      22.26422122
     -1.506770070
     -216.2536403
      697.9099890
     -164.9199579
      24.30793721
     -1.572477812
      79.76200500
      177.3729441
     -95.59930003
      21.36979454
     -1.617461709
     -13.47451158
     -59.89866897
      164.4038385
      6.940157676
     -1.751580203
    -0.5153829242
     -326.9957232
      578.4504509
      7.800145688
     -4.325514036
     0.8947293428
      367.2011589
      221.4103569
      49.70750881
     -11.36385591
    -0.2538731179
     -197.6827281
     -643.2330720
      65.64189973
     -25.43626469
    0.04266569223
      64.22013525
      168.1202094
      81.99209503
     -45.42221928
  -0.004579000890
     -11.60338825
      318.1755615
      145.1466902
     -49.48388338
  0.0002274229510
    -0.1925765252
     -392.4686190
     -160.2687974
     -19.44315718
  2.325778344E-05
     0.9194928581
      243.3324816
     -435.5196270
      4.968440179
    0.05000000000
     0.1000000000
     0.1500000000
     0.2000000000
     0.2500000000
   Q=    0.0000
