      0.000000000
      0.000000000
      0.000000000
      0.000000000
      0.000000000
    0.01755357658
   -0.02542384422
    0.01627369592
  -0.004737891262
  0.0005003816187
    0.06145257632
   -0.07854421668
    0.03449915929
  -0.006373697641
  0.0002966210348
   -0.08626143087
    -0.1950101771
    0.06051406145
  -0.005653651288
 -0.0004268761555
   -0.03106449302
    -0.4442837421
    0.07007077594
   0.008312413477
  -0.003142698759
   0.004232332614
    -0.4950181856
  -0.004804311868
    0.05619563032
   -0.01002249407
  -0.008629133476
    0.04312923223
    -0.1456574200
     0.1703322242
   -0.02383193570
   0.003632092019
     0.1792172669
    -0.2149002645
     0.3948969099
   -0.04515618170
 -0.0006741312072
    -0.1054788205
    -0.1608154962
     0.7052396176
   -0.06677978774
  2.288432782E-05
   0.008970042478
     0.1415438680
     0.8576985028
   -0.07649699806
  1.900763531E-05
    0.01760835051
     0.2910918484
     0.4934641251
   -0.07567572401
 -4.951506498E-06
  -0.009565763552
    -0.2673160609
    -0.3265804571
   -0.08853908571
  6.311078590E-07
   0.002414650703
    0.09052601545
    -0.6411616619
    -0.1265368405
 -4.234302906E-08
 -0.0003158636143
   -0.01973199262
     0.2511830536
    -0.1368361325
  1.471938692E-10
  1.650012470E-05
    0.01500448661
     0.7413659262
   -0.06826322756
    0.05000000000
     0.1000000000
     0.1500000000
     0.2000000000
     0.2500000000
   Q=    0.0000
