     0.8050492069
    -0.7187996836
     0.2894852833
   -0.05425846687
   0.003712939645
      3.402762429
     -1.431056108
     0.2801175509
   -0.01728927171
  0.0001107848291
      15.76941627
     -2.942608032
     0.4206611584
   -0.06908483216
    0.01048504942
      26.44732086
     0.3742202139
    -0.1539257604
    -0.1204762887
    0.02425497212
      12.33156718
      10.24339510
     0.5098115914
    -0.5611334639
    0.06026861015
     -11.81783956
      25.43106673
      5.119488049
     -1.335065076
    0.08113741457
      4.577536418
      32.88386802
      16.50875223
     -1.724538356
    0.05766312465
    -0.7226274722
     -7.691627900
      29.66679099
     0.2811805528
    0.06367752565
   -0.05033324096
     -19.86803328
      24.11804521
      6.475416904
     0.5312518333
    0.05502937167
      21.58197873
     0.5570218305
      14.57363944
      2.310719033
   -0.01477164955
     -11.15824397
     -16.63998022
      18.08564076
      5.986355914
   0.002378261878
      3.435383855
     -6.569531639
      9.029731053
      10.45129377
 -0.0002367847974
    -0.5266424085
      28.77723161
     -8.300704037
      12.19392981
  7.753206704E-06
   -0.06633455548
     -28.71050074
     -11.17327519
      8.624764398
  2.133990513E-06
    0.06997115259
      17.12718346
     -2.201549874
      2.832584044
    0.05000000000
     0.1000000000
     0.1500000000
     0.2000000000
     0.2500000000
   Q=    0.0000
