     -1.713854046
      1.676163260
    -0.7865757891
     0.1850427664
   -0.01715117726
     -6.800731108
      3.612392551
     -1.119450575
     0.1785695165
  -0.009930203897
     -27.58926627
      8.979797816
     -2.514596922
     0.4203717403
   -0.02675602254
     -34.16130426
      11.25476470
     -2.921685995
     0.3368724225
   0.006316335203
      3.594722075
      12.84787408
     -3.856661591
     0.1291030486
    0.08788157700
      5.264555089
      2.483155762
     -5.094993866
     -1.097361963
     0.3518182719
     -2.365868727
     -32.19056743
     -10.68332209
     -5.117603714
     0.9179694670
     0.1967172890
     -5.975832401
     -22.50239990
     -15.47074656
      1.703785681
     0.1203968729
      25.64323295
     -21.36059709
     -33.11525364
      1.890034605
   -0.05444501825
     -20.68525347
     -8.714069633
     -47.15914068
    -0.1067742337
    0.01206893888
      9.053721201
      7.274075580
     -37.92480449
     -5.166575011
  -0.001664283951
     -2.278175075
      20.26002583
      1.888408757
     -11.08351836
  0.0001207122594
     0.1326978510
     -37.18554458
      33.17615267
     -12.52309027
  5.913978132E-06
     0.1634033672
      32.56525525
      2.760575681
     -7.380814440
 -3.330814149E-06
   -0.08815394310
     -18.80827611
     -26.56085553
     -1.626348503
    0.05000000000
     0.1000000000
     0.1500000000
     0.2000000000
     0.2500000000
   Q=    0.0000
