      0.000000000
      0.000000000
      0.000000000
      0.000000000
      0.000000000
      16.13650491
     -7.639282814
      2.017223310
    -0.2349614639
   0.002329809689
      44.39235518
     -8.467264293
     0.5581099187
     0.2167131242
   -0.04267602531
      40.88080065
     -4.528155810
    -0.8157400102
     0.5408198576
   -0.07416761795
     -24.53351453
     -4.390811092
     -4.175964826
      1.534111440
    -0.1480217939
      4.809124485
     -6.825908225
     -13.96693315
      3.122917004
    -0.1466907145
   -0.06921748432
      11.58220978
     -30.61741759
      4.448451342
     0.1739856572
    -0.2870003963
     -22.23998275
     -39.06561728
      4.654558911
      1.461403590
    0.09795223132
      13.83351009
     -26.02365533
      5.846922656
      5.207284347
   -0.02292292855
     -7.417051178
      25.74996987
      11.80448729
      13.91500011
   0.004619191699
      3.906938484
      29.14165085
      21.20389907
      29.01157850
 -0.0007824588950
     -1.647835829
     -46.10726232
      11.72435516
      45.67658033
  0.0001069013623
     0.5279524329
      32.02846302
     -17.54792900
      50.31151783
 -1.144931035E-05
    -0.1293537518
     -14.97460203
     -5.113522738
      34.00181279
  9.103288817E-07
    0.02405269398
      5.244534000
      23.71661339
      10.51309995
    0.05000000000
     0.1000000000
     0.1500000000
     0.2000000000
     0.2500000000
   Q=    0.0000
