      0.000000000
      0.000000000
      0.000000000
      0.000000000
      0.000000000
      2.509743650
    -0.9165717230
    0.09830321682
    0.02810553885
  -0.006090409156
      9.391371242
    -0.6409876568
    -0.4048218257
     0.1273867183
   -0.01016056526
      21.48669228
      2.560322154
     -1.248421143
     0.1749104342
  -0.005752697513
     -2.178236914
      11.38141252
     -1.888919449
     0.1029781502
   0.004845893662
     -1.641667848
      15.60818228
    -0.5136006345
    -0.1338809863
    0.01773679363
     0.9564494943
      10.41248031
      3.040949804
    -0.1971413080
    0.02434128398
   -0.09220835674
     -2.582740370
      8.366487335
     0.5847705915
    0.06600185452
   -0.05982756306
     -9.074346249
      11.91476590
      3.274682942
     0.3137853447
    0.02856717512
      9.557505710
      5.266268400
      7.606062898
      1.130202536
  -0.006551212205
     -4.679341759
     -10.18747493
      9.315476464
      2.753238835
  0.0009181026075
      1.261440672
     -5.021413532
      3.397355592
      4.555548478
 -6.584783565E-05
   -0.08973976568
      16.82456837
     -4.824346857
      4.980464009
 -3.729662321E-06
   -0.08483374494
     -15.95496692
     -4.415616378
      3.301382466
  1.937225697E-06
    0.04726242298
      9.292058545
    -0.7899079941
      1.038943251
    0.05000000000
     0.1000000000
     0.1500000000
     0.2000000000
     0.2500000000
   Q=    0.0000
