     0.6177885225
     0.1446338260
    0.09262556994
    -0.1735184899
    0.04531385891
     -23.19975769
      5.791606449
      1.094816032
     -1.004654661
     0.1649719384
     -88.92487328
     -6.395753124
      12.85605792
     -3.971911830
     0.4079071545
     -620.0531284
     -74.89687244
      44.37346649
     -8.177206147
     0.4900151199
     -1014.587772
     -468.6421268
      101.5234999
     -8.257862479
   -0.09566290852
      683.7601772
     -1174.889468
      68.71119224
      12.31665775
     -1.843230078
     -234.2148912
     -1206.358449
     -251.1888471
      56.86953514
     -3.529004526
      35.05005328
      117.9352196
     -849.8762072
      86.72903670
     -2.206327023
      2.744735352
      1091.757805
     -1179.478257
      14.70660627
      4.759929413
     -2.730237571
     -1090.146075
     -335.5251820
     -217.5070884
      14.12978456
     0.7232004844
      551.0237707
      1033.544340
     -470.6307477
      13.54033913
    -0.1160147428
     -168.4348067
      245.4064651
     -450.6480964
     -8.263982417
    0.01165299312
      26.35271539
     -1352.234775
     -36.81187042
     -44.59315157
 -0.0004275415745
      2.686740498
      1336.085582
      559.8998849
     -64.64057920
 -9.239571956E-05
     -3.146738828
     -782.0198053
      717.2231219
     -39.71707465
    0.05000000000
     0.1000000000
     0.1500000000
     0.2000000000
     0.2500000000
   Q=    0.0000
