      1.259255525
    -0.7587532231
     0.2111957803
   -0.01565922249
  -0.002943880772
      1.713619797
     -1.235820375
     0.2680543744
   0.007212759720
  -0.007183556668
      31.84119937
     -6.308071736
     0.7879899251
  0.0002093153413
  -0.008745710836
     -3.295562066
      1.468480481
    -0.1596875522
    -0.1027540065
    0.02569455365
      8.063841482
      1.152752504
      3.361449529
     -1.366034411
     0.1816704739
     -5.396505376
      21.27057604
      11.25264819
     -4.669782132
     0.6016762653
      2.764644013
      45.33365444
      29.69733130
     -12.82903252
      1.670731277
    -0.7715692418
     -44.74387340
      36.73884433
     -27.87900645
      4.006149089
     0.1269371842
      20.08308616
     -12.83975940
     -50.26403602
      8.634728640
  -0.009566043135
     -4.672799262
     -33.65665709
     -65.46956263
      16.73632545
  -0.001154780618
    -0.2620650166
      19.60862166
     -33.00282441
      29.48599095
  0.0004923333335
     0.6034868332
     -5.314005680
      37.00124378
      45.63021930
 -8.575163213E-05
    -0.2400120577
      1.480161150
      40.32147088
      54.64092758
  1.013706216E-05
    0.06243028105
     0.3985317669
     -25.51998613
      41.99638133
 -9.119931117E-07
   -0.01354886085
     -1.297738352
     -31.98061634
      15.01843117
    0.05000000000
     0.1000000000
     0.1500000000
     0.2000000000
     0.2500000000
   Q=    0.0000
