      0.000000000
      0.000000000
      0.000000000
      0.000000000
      0.000000000
     -75.09835112
      36.97333328
     -10.49509555
      1.415848285
   -0.04420986954
     -281.8070255
      49.91583299
     -1.489356997
     -1.715891192
     0.2645463365
     -581.7371575
     -17.17330324
      23.25236447
     -4.712297157
     0.2812604901
     -125.4144853
     -270.4391475
      56.30807147
     -3.906219169
    -0.2840441154
      141.1119379
     -613.1883570
      29.77412120
      13.70729127
     -2.442467159
     -53.30560895
     -664.7741907
     -179.9675435
      63.42862166
     -6.962778019
      2.355754190
      10.35298053
     -588.5328198
      141.8084382
     -13.41316098
      4.092664503
      602.4392468
     -795.2031365
      203.1239156
     -19.44572647
     -1.706954531
     -568.7831400
     -142.3903239
      162.3691695
     -21.63451729
     0.3781213077
      274.0104228
      750.7984654
     -30.11156455
     -20.41051739
   -0.05253822112
     -75.26438000
      19.84563778
     -282.9178102
     -24.54533052
   0.003875204223
      6.937361120
     -742.0888514
     -251.6515990
     -43.32700664
  0.0001624801717
      3.947884669
      761.7348665
      333.0172890
     -59.14244733
 -9.850086669E-05
     -2.345116588
     -443.8499140
      638.3535682
     -36.44682595
    0.05000000000
     0.1000000000
     0.1500000000
     0.2000000000
     0.2500000000
   Q=    0.0000
