    -0.2397843667
     0.2128673592
   -0.08341617971
    0.01432103564
 -0.0006642891298
    -0.8703444142
     0.3735800053
   -0.07036444741
 -0.0006833342459
   0.001530198549
     -3.003849775
     0.7634756890
    -0.1221337054
  -0.003427117488
   0.003158274114
     0.3264968951
     0.6021813234
    0.03714581056
   -0.07195978255
    0.01103984255
      5.821575554
      2.473592275
     0.3403391574
    -0.1984136562
    0.01849091556
     -3.281785675
      5.629768922
      1.858294116
    -0.4140431000
    0.01611851492
      1.069542849
      5.055593684
      4.725864051
    -0.4056451754
   -0.02499867522
    -0.1677310437
    -0.8610635756
      6.775887976
     0.2638902852
    -0.1183049114
  -0.005399456409
     -3.819843374
      4.351294585
      1.718073577
    -0.2461889408
    0.01008355321
      4.081960267
     -1.416054588
      3.097849673
    -0.3445435685
  -0.002863068453
     -2.184046217
     -2.983289460
      2.970271820
    -0.3440270285
  0.0004878829931
     0.7259898402
     0.4178697254
     0.7695078851
    -0.2315659031
 -5.430121207E-05
    -0.1409227478
      3.444310065
     -1.798383455
    -0.1015185515
  3.098766312E-06
   0.002519027029
     -4.141956427
     -1.432385874
   -0.05848558813
  1.950939282E-07
   0.009248570929
      2.696639874
     0.1861109544
   -0.03699053484
    0.05000000000
     0.1000000000
     0.1500000000
     0.2000000000
     0.2500000000
   Q=    0.0000
