      0.000000000
      0.000000000
      0.000000000
      0.000000000
      0.000000000
     -10.00534980
      3.772069851
    -0.3749179135
    -0.1825851284
    0.04542493644
     -29.87460941
      2.452671999
      1.799972977
    -0.8180856106
     0.1118956245
     -45.78771326
     -4.553776318
      5.925397632
     -1.947730661
     0.2342274383
      37.33696645
     -13.97160644
      15.17893382
     -4.442758907
     0.4652156468
     -12.18151004
      4.260063197
      34.73637091
     -8.739450729
     0.8006061409
      2.163758587
      33.26635455
      69.29172863
     -14.12822195
      1.288263131
     0.3331408604
      26.45199798
      92.31081048
     -17.85695892
      2.198550428
    -0.2883225540
     -40.71624127
      48.62969823
     -19.03928013
      4.246997182
    0.09132370112
      29.47155533
     -48.07048112
     -19.45242077
      8.168794593
   -0.01909023873
     -14.21281002
     -38.64740322
     -13.91727143
      13.73583574
   0.002794296629
      4.583590607
      46.27386517
      7.721107492
      19.02071625
 -0.0002674801969
    -0.8935219921
     -12.29135780
      19.39807539
      20.54123776
  9.151294969E-06
    0.03121443088
     -7.285742893
     -8.539237694
      15.10876374
  2.152483124E-06
    0.04832558862
      8.646843099
     -21.34023857
      5.453303310
    0.05000000000
     0.1000000000
     0.1500000000
     0.2000000000
     0.2500000000
   Q=    0.0000
