    -0.1399232558
    -0.8161803492
     0.7434690324
    -0.2848610094
    0.04305714989
     -6.838766871
      3.225047391
    -0.2576114010
    -0.2268217285
    0.05259598133
     -92.67946111
      14.21767125
     0.9779426078
     -1.163815290
     0.1918883591
     -61.42207719
      7.523698732
      3.822337023
     -2.250398818
     0.3560234824
      105.0142404
      52.46507901
      4.767469713
     -5.420595795
     0.8514006643
     -46.18012890
      134.1629124
      23.46729495
     -13.92046072
      1.893891198
      14.71496190
      44.90026726
      59.30380881
     -29.60327147
      3.978015367
     -2.928429516
     -61.02681937
      59.08056414
     -56.57225150
      8.142114103
     0.2399651973
      2.583828322
      17.85300025
     -94.91496210
      15.75822225
    0.05220474032
      23.60349138
     -35.31590249
     -113.4773651
      28.52845811
   -0.02408072153
     -18.43247624
     -43.33996474
     -62.14877582
      48.04024013
   0.005018457444
      7.778803746
      48.14159355
      50.16208406
      70.77026635
 -0.0006942794179
     -2.142327914
     -13.46086603
      90.79882827
      82.06699959
  6.648937659E-05
     0.3819215034
     -4.632173577
     -36.50543135
      64.27511438
 -3.733328965E-06
   -0.02858860965
      5.684010293
     -103.8719307
      24.72256840
    0.05000000000
     0.1000000000
     0.1500000000
     0.2000000000
     0.2500000000
   Q=    0.0000
