    -0.6964690068
     0.6293397640
    -0.2482241366
    0.04289881164
  -0.002157673136
     -3.124726272
      1.292286249
    -0.2364329053
   0.001922252748
   0.003214000907
     -12.43415571
      2.539756261
    -0.3212634512
   0.002598687859
   0.003465840094
     -16.67409993
     0.9900897618
     0.2322204832
    -0.1075254489
    0.01504262651
      2.413652045
     -1.420463586
     0.6137256103
    -0.2147355743
    0.03225788449
      1.733900726
     -3.434077146
     0.9103438532
    -0.5290749983
    0.08447554503
    -0.9157079543
     -9.145106781
    -0.1959017268
     -1.346710827
     0.1998520305
     0.1039756925
     -1.404513276
     -5.329994004
     -3.573686838
     0.3993769258
    0.03952336103
      9.036447158
     -9.907090332
     -8.090445920
     0.5740518982
   -0.02051355601
     -7.894064347
     -5.497501244
     -12.66798218
     0.4461880349
   0.004782271543
      3.628964172
      6.884536148
     -11.05689802
    -0.1288507605
 -0.0006861138846
    -0.9611609319
      5.228883839
    -0.4010415252
    -0.7410533869
  5.396683454E-05
    0.07780411362
     -13.37700409
      7.927774975
    -0.6937216418
  1.412199387E-06
    0.05664814981
      12.18784914
      2.176275728
    -0.1203966554
 -1.203381959E-06
   -0.03258168463
     -7.003415470
     -3.188668892
     0.1093989507
    0.05000000000
     0.1000000000
     0.1500000000
     0.2000000000
     0.2500000000
   Q=    0.0000
