      0.000000000
      0.000000000
      0.000000000
      0.000000000
      0.000000000
     -38.63789617
      24.07897160
     -10.27666294
      2.662611434
    -0.3125964726
      17.18548032
      13.65514945
     -10.81520652
      3.427549868
    -0.4296803262
      211.6039726
      53.05063058
     -33.22136775
      8.744547253
    -0.9712441863
      37.68947558
      146.1900949
     -59.00724776
      14.09052298
     -1.545885954
     -41.73853748
      183.7589671
     -78.72941096
      20.81302670
     -2.492401692
      14.84658306
      133.9660389
     -45.83765238
      21.34781961
     -3.481936554
    -0.3504759896
      31.42453515
      104.7486756
      9.426618728
     -4.707028230
     -1.311798872
     -197.2713657
      274.8138931
     -15.10447860
     -5.868127887
     0.5271250947
      177.6134949
      94.90204997
     -39.66103153
     -5.548481168
    -0.1148554101
     -83.68941052
     -261.8379685
     -30.76758336
     0.3841803260
    0.01567377963
      22.36844409
     -9.986794875
      60.57993877
      17.71795247
  -0.001106190698
     -1.808346442
      238.0780992
      120.6956642
      44.41264594
 -5.945990652E-05
     -1.288595177
     -237.5938311
     -89.49384205
      55.87322601
  3.082772079E-05
     0.7275284653
      135.7074554
     -251.3300873
      30.03109074
    0.05000000000
     0.1000000000
     0.1500000000
     0.2000000000
     0.2500000000
   Q=    0.0000
