    0.05934724123
   -0.04745954189
    0.01484072373
  -0.001244467424
 -0.0001288425477
     0.2335320195
   -0.07485547043
  0.0002504538192
   0.004602256599
 -0.0005972759973
      1.059132222
    -0.1039798608
   -0.02435840081
   0.008284769225
 -0.0004627269855
      1.233941684
     0.3223285411
    -0.1189813100
    0.01167734892
  0.0006058803683
     0.4515726814
      1.022900864
    -0.1282931928
   -0.01762956007
   0.005080156034
    -0.4624139811
      1.706079140
    0.05509769253
   -0.09691022677
    0.01386944272
     0.1991571370
      1.342260133
     0.5681160928
    -0.2612130491
    0.02841003357
   -0.03871875090
    -0.9171503681
      1.127224602
    -0.5042729993
    0.04368723360
  0.0006186432963
    -0.3635835812
     0.8911671299
    -0.7409537604
    0.04659656296
   0.001777149589
     0.7016701439
    -0.1165928115
    -0.7311366548
    0.02133769555
 -0.0005551119046
    -0.4179375951
    -0.8684022979
    -0.1432012472
   -0.02128409495
  9.646316743E-05
     0.1410183305
    0.06833692113
     0.7385014116
   -0.02272331204
 -1.053358890E-05
   -0.02576541543
     0.8671697311
     0.6785466360
    0.05401837389
  5.356902714E-07
 -0.0005131202583
    -0.9406078475
    -0.7520866499
     0.1250913659
  5.117837975E-08
   0.002081594069
     0.5546849192
     -1.281438513
    0.08001702339
    0.05000000000
     0.1000000000
     0.1500000000
     0.2000000000
     0.2500000000
   Q=    0.0000
