    -0.3549501100
     0.1923244752
   -0.05675718846
   0.009944303725
 -0.0008575684018
      1.664360322
    -0.5270480097
    0.08133522708
   0.008380138575
  -0.004132715623
    -0.4680898188
     0.3069190044
    -0.3303858231
     0.1583872453
   -0.02887036078
      13.45649152
     -3.000405310
    -0.5538667104
     0.5884756087
    -0.1124514558
     -29.07018729
     -10.81381506
     -3.817897303
      2.444989573
    -0.3859414881
      14.51405064
     -39.96998021
     -14.40761999
      7.321790368
     -1.056893365
     -5.271768505
     -42.90959901
     -35.82030159
      17.61474724
     -2.574034155
      1.138645642
      39.83499339
     -40.81791182
      34.74908809
     -5.707873765
    -0.1148041025
     -9.581463204
      5.053738653
      56.61644138
     -11.61565508
   -0.01202309941
     -4.648163703
      30.85056777
      65.09052549
     -21.49799584
   0.007338820920
      5.139445522
     -6.746071008
      26.40526305
     -35.86903452
  -0.001577578155
     -2.281603783
     -1.559391771
     -39.50022706
     -51.53916613
  0.0002153702306
     0.6115311055
     -4.052651305
     -38.01944972
     -57.09990450
 -1.962248073E-05
   -0.09728483563
      5.348974112
      26.89042972
     -41.17266318
  9.386272977E-07
   0.003062047396
     -2.936704284
      34.36117958
     -14.07144654
    0.05000000000
     0.1000000000
     0.1500000000
     0.2000000000
     0.2500000000
   Q=    0.0000
