     0.8953386930
    -0.5893354656
     0.1906981765
   -0.02414023130
 -0.0003624036648
      8.118081909
     -4.192205963
      1.133329936
    -0.1374873401
   0.003427285326
      57.20177217
     -12.29550506
      1.783493539
   -0.04987902675
   -0.01847625570
      49.66336972
     -13.02333345
      2.088628258
     0.1075037799
   -0.06745984406
     -64.38597595
     -39.18700167
      3.297373648
      1.435696805
    -0.3091802660
      25.94228162
     -82.25736762
     -6.864987758
      6.507068396
    -0.9822712386
     -8.265123843
     -24.51911994
     -31.32297877
      18.36333198
     -2.614930957
      1.834802915
      51.24801890
     -36.23896177
      42.42500302
     -6.211388470
    -0.2299861164
     -19.00940673
     -1.848055258
      80.81230862
     -13.02904544
  -0.003313781623
     -3.084947535
      36.25908621
      107.6882056
     -24.31405499
   0.008947980974
      6.742043195
      16.17020265
      67.49000001
     -41.07156334
  -0.002310833687
     -3.665261394
     -35.14342830
     -41.88987754
     -60.85538702
  0.0003723275612
      1.245567010
      23.46469179
     -83.99828263
     -71.52472898
 -4.383765018E-05
    -0.3097262430
     -11.74804452
      28.73827721
     -56.41756436
  3.881522333E-06
    0.05937383564
      5.490736661
      83.59278196
     -21.54230209
    0.05000000000
     0.1000000000
     0.1500000000
     0.2000000000
     0.2500000000
   Q=    0.0000
