    0.08936259657
   -0.07927322043
    0.03128986547
  -0.005501411688
  0.0003030522462
     0.3394036759
    -0.1383654178
    0.02303739229
  0.0003005120200
 -0.0002822675655
      1.446935810
    -0.2539816405
    0.02779241911
  -0.002794650550
  0.0004689151874
      1.796104496
     0.1731406923
   -0.05195110793
  -0.002404970607
   0.001020008011
      1.156192224
      1.139317757
   0.001746316937
   -0.03987990380
   0.002548997664
    -0.9905230529
      2.731110651
     0.4351438777
    -0.1091859902
  -0.003351577078
     0.3958442293
      2.825359560
      1.561497694
    -0.1701681059
   -0.03721059556
   -0.07210183553
     -1.464136037
      2.617936006
    -0.1172600519
    -0.1510051127
  6.756196837E-05
    -0.9331004768
      1.737876030
    0.02848027874
    -0.4432357135
   0.003639248487
      1.441556066
    -0.3674104531
     0.1077573938
     -1.038589975
  -0.001097855992
    -0.8287884324
     -1.435199009
     0.2582299481
     -1.924916114
  0.0001893893632
     0.2781753899
    0.07805825536
     0.5627458793
     -2.698637397
 -2.076854514E-05
   -0.05163731989
      1.619043503
     0.3339606571
     -2.677531265
  1.078639536E-06
 -0.0006518136010
     -1.812247561
     -1.015191428
     -1.663676303
  9.866324319E-08
   0.004088473048
      1.111929772
     -1.651828336
    -0.4787700543
    0.05000000000
     0.1000000000
     0.1500000000
     0.2000000000
     0.2500000000
   Q=    0.0000
