      0.000000000
      0.000000000
      0.000000000
      0.000000000
      0.000000000
     -7.730899071
      3.241966204
    -0.5830097601
   -0.03317390451
    0.02003121789
     -24.73027712
      3.255464154
     0.6748638880
    -0.4282072358
    0.06255056393
     -39.63360956
     -1.010563488
      3.134339982
     -1.087135970
     0.1346646566
      24.97955729
     -8.239518875
      8.620670981
     -2.608976285
     0.2830955205
     -6.669993155
      1.274388502
      20.21485294
     -5.456381439
     0.5108723948
     0.9060602875
      13.12059470
      41.15543086
     -9.713372918
     0.8072084803
     0.2076278699
      15.37354757
      54.32009679
     -14.53537970
      1.106303865
    -0.1345731105
     -18.47491435
      27.19630716
     -20.02400824
      1.203284416
    0.03997754091
      12.72267394
     -33.31095999
     -25.20731975
     0.5308980356
  -0.008394253562
     -6.441396642
     -24.38726726
     -20.94430320
     -1.403277654
   0.001288469540
      2.285999254
      36.86136094
      4.086510953
     -3.612727307
 -0.0001391601317
    -0.5475750168
     -19.33805551
      22.84168857
     -3.546715200
  8.644410231E-06
    0.07465241815
      5.132880210
     -4.896053293
     -1.054642753
  2.123476833E-07
   0.002554441697
    -0.1713933461
     -24.62456974
     0.3660298762
    0.05000000000
     0.1000000000
     0.1500000000
     0.2000000000
     0.2500000000
   Q=    0.0000
