      0.000000000
      0.000000000
      0.000000000
      0.000000000
      0.000000000
      1.010790901
    -0.3798506973
    0.03804819649
    0.01763305797
  -0.004327178537
      3.577431223
    -0.3268632896
    -0.1796131516
    0.08204562480
   -0.01082047967
      7.006420782
     0.5294828829
    -0.6571752668
     0.1992285203
   -0.02223589564
     -4.984614358
      2.227447731
     -1.677709862
     0.4470238086
   -0.04226284752
      1.531850068
   -0.08519384094
     -3.774139385
     0.8854097771
   -0.06531990018
    -0.2558843710
     -4.106771847
     -7.979011555
      1.462854210
   -0.07303540026
   -0.04138175652
     -3.112405582
     -11.37095739
      1.870995188
   -0.02793517931
    0.03399320097
      4.727077538
     -6.492238505
      2.160474703
     0.1335702215
   -0.01066545486
     -3.433837714
      6.063519011
      2.817995268
     0.5388735897
   0.002237599155
      1.683587334
      5.439301935
      2.900930675
      1.275811060
 -0.0003318242227
    -0.5572197681
     -6.704351074
    -0.2171037848
      2.036126328
  3.284087126E-05
     0.1154390603
      2.421093553
     -3.286881366
      2.059857583
 -1.381968922E-06
  -0.007702713252
     0.2985495870
     0.8395334852
      1.140692855
 -2.045743886E-07
  -0.004461907938
    -0.7548029471
      4.178111307
     0.2380381824
    0.05000000000
     0.1000000000
     0.1500000000
     0.2000000000
     0.2500000000
   Q=    0.0000
