     -10.06624998
      11.07937386
     -5.525471742
      1.358145595
    -0.1327546450
     -63.33391904
      31.10236848
     -9.262210843
      1.489752479
   -0.09639684580
     -199.3714116
      64.33100103
     -18.22718405
      3.274851549
    -0.2514385802
     -266.6003769
      107.4733062
     -28.88178911
      3.682673812
   -0.09257191572
      1149.109959
      216.0457624
     -40.92497696
     0.7791289637
     0.3871218981
     -613.9742445
      721.0051752
     -13.94163585
     -12.40986027
      1.183215775
      187.2715507
      753.3105876
      219.5710581
     -36.46610249
     0.9209604872
     -25.96925130
      126.5673549
      603.3036003
     -30.80056953
     -3.458705857
     -2.342448537
     -921.1031930
      828.2203708
      58.55464120
     -13.36816197
      2.078711005
      839.6735466
      196.2508583
      247.1969305
     -25.68814970
    -0.5424792177
     -415.0799997
     -697.9657806
      370.9173209
     -30.53933786
    0.08720607397
      127.5449953
     -153.9255219
      250.4527288
     -21.77045573
  -0.008970291092
     -21.17052740
      915.8452270
     -53.33962182
     -1.629653860
  0.0003887060538
     -1.259896378
     -919.9303834
     -330.8418868
      17.26118221
  5.734573984E-05
      2.105943312
      547.1706731
     -402.5683996
      16.77290957
    0.05000000000
     0.1000000000
     0.1500000000
     0.2000000000
     0.2500000000
   Q=    0.0000
