     0.5096991089
    -0.4695266565
     0.2025897756
   -0.04285137432
   0.003514219810
      1.803706848
    -0.8682096069
     0.2253540310
   -0.02767056641
   0.001039838478
      7.221426182
     -2.016560497
     0.4890427643
   -0.07712039471
   0.005832103483
      4.922738344
     -1.713833883
     0.3868997462
   -0.05106482027
   0.004569603739
     -4.681023282
     -2.584925743
     0.4483945131
   -0.08831384548
    0.01802788169
      1.568455348
     -2.463248618
    -0.1156928709
    -0.1797104318
    0.06239739622
    -0.3560974412
      2.312161078
    -0.9725031730
    -0.6086428612
     0.2104914408
    0.05923401135
    -0.9415559600
     -1.227708608
     -1.442614991
     0.6150173190
  -0.005316880347
     0.5157516861
     -1.448968712
     -2.183005141
      1.614928227
 -0.0007718704253
    -0.5372723298
      1.094247360
     -1.646356593
      3.703555435
  0.0004744387980
     0.4166323431
      1.917066562
     0.9994337481
      7.058731319
 -0.0001211710773
    -0.2173101464
     -3.454326610
      2.693868235
      10.53585597
  2.130262159E-05
    0.08143650908
      2.806995037
    0.06369335302
      11.34877857
 -2.798375629E-06
   -0.02252495763
     -1.400695657
     -1.220736607
      7.739254157
  2.741895066E-07
   0.004516384688
     0.4472105718
      1.144453030
      2.486982426
    0.05000000000
     0.1000000000
     0.1500000000
     0.2000000000
     0.2500000000
   Q=    0.0000
