      0.000000000
      0.000000000
      0.000000000
      0.000000000
      0.000000000
      104.8572332
     -46.06635142
      9.921364593
    -0.3239725418
    -0.1606914537
      280.3588320
     -35.08051967
     -8.935522240
      5.231134210
    -0.7479166069
      474.5133668
      23.79652292
     -41.50127344
      13.38404218
     -1.573387196
     -235.4548636
      171.5986602
     -119.7037846
      32.03262743
     -3.253042938
      52.13728062
      141.9230151
     -253.7809479
      61.31240997
     -5.551313601
     -2.436976558
     -91.22967964
     -451.0768941
      98.51881976
     -8.755847412
     -2.832014802
     -178.2351116
     -515.9345414
      127.8737485
     -13.63781355
     0.9931030076
      132.7454137
     -129.2103461
      148.5387783
     -22.62724733
    -0.2142686794
     -63.89828193
      390.2386343
      169.6607482
     -36.98430642
    0.03948378978
      30.92442960
      67.09426032
      134.1084671
     -53.93792278
  -0.006425743616
     -13.10685663
     -313.9374259
     -19.82562072
     -67.52762340
  0.0008871009195
      4.395679457
      259.0454459
     -104.0105843
     -68.36005596
 -0.0001005405514
     -1.155999293
     -133.1114925
      4.808866155
     -46.40111313
  9.002242543E-06
     0.2369250453
      49.17450497
      29.04162817
     -14.22230527
    0.05000000000
     0.1000000000
     0.1500000000
     0.2000000000
     0.2500000000
   Q=    0.0000
