      0.000000000
      0.000000000
      0.000000000
      0.000000000
      0.000000000
     -7.178920705
      4.565153735
     -1.970159189
     0.5040686194
   -0.05691361609
     -82.75986551
      24.05629483
     -6.159045493
      1.057241083
   -0.08784189993
     -305.7222192
      40.07170434
     -6.715237605
      1.058602696
    -0.1004650268
     -45.14442557
     -13.00561416
     -2.233577734
      1.502027141
    -0.1792703525
      68.69386053
     -110.7746439
     -6.618287541
      3.522262006
    -0.2240426251
     -23.38041698
     -342.2769877
     -41.66501930
      6.456255038
     0.1158514367
    -0.2353703059
     -69.37484122
     -175.5384001
      3.294008457
      1.586249753
      2.324871562
      347.9618242
     -271.0574175
     -31.39398129
      4.588281223
    -0.8640336716
     -288.5168828
     -145.7668005
     -99.03880380
      6.665482396
     0.1804243471
      128.3228697
      222.1589305
     -152.6125868
      3.411387468
   -0.02373021330
     -32.21277853
      186.7216007
     -95.80300231
     -7.650081286
   0.001542045575
      1.700581373
     -466.6753653
      43.62902850
     -19.26030104
  0.0001216849549
      2.358218902
      417.5669470
      119.4897369
     -21.09640106
 -5.190434203E-05
     -1.232286546
     -235.0333953
      127.5454717
     -11.27781613
    0.05000000000
     0.1000000000
     0.1500000000
     0.2000000000
     0.2500000000
   Q=    0.0000
