      0.000000000
      0.000000000
      0.000000000
      0.000000000
      0.000000000
     -1.593234080
    -0.1279966090
     0.5841518712
    -0.2687095117
    0.04113864069
      34.66360666
     -14.31388289
      5.274859726
     -1.202033013
     0.1199342426
     -9.301253704
     -22.49158452
      9.445797738
     -2.011379963
     0.1856081363
     -3.964303776
     -69.36998636
      20.76808531
     -3.819774158
     0.3496572626
     -1.872577185
     -61.28677013
      20.57317206
     -5.030027036
     0.6151548983
     0.7949518182
      63.91018998
      16.15891945
     -8.955044343
      1.441300314
   -0.04142393593
     -16.04863080
      6.674885585
     -15.11930752
      3.345863114
   -0.02365336117
     -1.476044935
     -38.53787906
     -22.44036840
      7.770045107
   0.003949015568
     0.2621079692
     -8.132488791
     -23.89458656
      16.54175809
  0.0005207421854
      1.300089706
      50.47387331
      1.354627987
      30.73995552
 -0.0003295663623
     -1.005668193
     -52.58814490
      27.46181166
      46.97329885
  7.486144671E-05
     0.4266373455
      33.62976913
      1.719869737
      52.53647261
 -1.110354709E-05
    -0.1246250824
     -15.05391466
     -14.80463310
      36.60301615
  1.175970329E-06
    0.02616100637
      4.759999761
      5.545931160
      11.81033602
    0.05000000000
     0.1000000000
     0.1500000000
     0.2000000000
     0.2500000000
   Q=    0.0000
