     0.1852039225
    -0.1671097958
    0.06618185619
   -0.01158122226
  0.0006108059530
     0.8152249384
    -0.3387661980
    0.06250863250
 -0.0008288297047
 -0.0007651523192
      3.304694900
    -0.6705634376
    0.08629213920
  -0.002327623056
 -0.0005372139286
      4.427624339
    -0.2144456749
   -0.06182757165
    0.02265867090
  -0.002769053640
    -0.3800893079
     0.5673111805
    -0.1417943423
    0.03476605791
  -0.004959910431
    -0.6063033379
      1.365009638
    -0.1287424012
    0.07685242036
   -0.01340446551
     0.2978046511
      2.811210354
     0.3428003459
     0.2107314984
   -0.03232960010
   -0.03903392781
    0.02423757820
      1.768823225
     0.6633738755
   -0.06106844412
  -0.009605556173
     -2.363408160
      2.674416157
      1.686633482
   -0.05996031766
   0.005677428773
      2.187990455
      1.249501719
      2.834548294
    0.05983349248
  -0.001368194453
     -1.035382242
     -1.877520787
      2.715362805
     0.3486693098
  0.0002015430923
     0.2835415787
     -1.350834999
     0.4393121210
     0.6723347016
 -1.677591729E-05
   -0.02735795215
      3.637512526
     -1.744930489
     0.7352108582
 -1.826538406E-07
   -0.01430311237
     -3.341901340
    -0.8197189355
     0.4483170534
  3.157871344E-07
   0.008772896606
      1.920954285
     0.4706926593
     0.1210942495
    0.05000000000
     0.1000000000
     0.1500000000
     0.2000000000
     0.2500000000
   Q=    0.0000
