      6.964348973
     -8.220694886
      4.373948331
     -1.174779257
     0.1291213643
      21.97425955
     -12.42808293
      4.934536943
     -1.121758118
     0.1044279901
     -8.674105753
     -22.30676912
      13.02147441
     -3.237619540
     0.3021852800
      31.01185756
     -53.57557818
      20.06292459
     -3.470913284
     0.1714516973
      40.74783966
     -45.25139260
      22.53792810
     -2.843128482
    -0.1702817575
     -31.84537110
      41.06688607
      31.27422288
      1.968682551
     -1.539978855
      10.98431855
      83.32421966
      56.77606403
      20.26370752
     -5.043706963
     -1.430354989
      4.993653207
      73.49813448
      62.36932396
     -11.82751733
    -0.2123227916
     -64.65379244
      63.14892449
      118.5654062
     -22.43697702
     0.1469924706
      58.42236759
      19.92249672
      144.4078701
     -36.58710534
   -0.03687716570
     -28.33719418
     -48.68566437
      82.54326056
     -52.53970525
   0.005781193549
      8.526128830
     -8.768125468
     -42.00630825
     -65.44806287
 -0.0005687071468
     -1.318383240
      62.62663150
     -77.29661280
     -65.31620153
  1.779668508E-05
    -0.1569912165
     -67.60729338
      12.93902763
     -44.18441638
  5.429241119E-06
     0.1752084607
      43.15699691
      40.77074431
     -14.42387291
    0.05000000000
     0.1000000000
     0.1500000000
     0.2000000000
     0.2500000000
   Q=    0.0000
