     -2.632050310
      2.262096259
     -1.016395003
     0.2518880538
   -0.02867033895
      1.616054591
     0.6223173513
    -0.8638244070
     0.3770703057
   -0.06009501055
      35.39788288
      4.410087716
     -6.521019574
      2.060765729
    -0.2255467825
      367.8737976
      37.66521600
     -24.71940787
      4.859498631
    -0.3334514663
      917.8589983
      276.2990700
     -65.86111348
      6.680618937
    -0.1707422542
     -590.7916381
      845.9729065
     -67.29761969
     -2.917515847
     0.6205628792
      195.7032690
      986.9564091
      139.1450393
     -29.93289551
      1.353675094
     -27.80141155
      17.01948104
      596.8242684
     -48.42253095
    0.06435086462
     -2.798106006
     -1002.480452
      946.6550431
      5.245499123
     -4.437285850
      2.371213817
      945.9622857
      368.2197663
      183.9856296
     -8.467427360
    -0.6121461694
     -465.9582389
     -825.2437177
      384.3308453
    -0.9636766980
    0.09651523055
      139.1062328
     -324.1329357
      372.8919818
      25.92838217
  -0.009463866042
     -20.60166234
      1233.295204
      46.64919934
      61.98108898
  0.0003046494957
     -2.777485605
     -1171.893163
     -458.1036494
      76.25842024
  8.391843275E-05
      2.765366323
      674.3572667
     -648.3036247
      44.25997641
    0.05000000000
     0.1000000000
     0.1500000000
     0.2000000000
     0.2500000000
   Q=    0.0000
