      2.261694939
     -2.056360478
     0.8307449096
    -0.1527232947
   0.009398196398
      9.781085381
     -4.129565478
     0.8148627110
   -0.03579795173
  -0.005432388766
      39.79542081
     -8.272366504
      1.249545183
    -0.1107510716
   0.004420018199
      57.60289515
     -2.598938059
    -0.2599955680
    0.07691994364
   -0.01468280583
      8.656113155
      11.11326735
    -0.2522655319
   -0.03729962846
   -0.04464738571
     -15.69499075
      31.63926929
      3.869793175
     0.1855609225
    -0.2253033479
      6.496530628
      51.78899866
      18.11219275
      2.383691058
    -0.7454965738
    -0.9412517706
     -4.687338327
      41.81197928
      10.63702128
     -1.800577561
    -0.1288050331
     -38.12696558
      44.47070594
      27.60623541
     -3.181225293
    0.09625531458
      37.50551002
      11.05363671
      44.31372360
     -4.095800491
   -0.02443814298
     -18.51325958
     -30.60786085
      40.58368641
     -3.792396875
   0.003779860192
      5.415943229
     -15.96966988
      6.244174598
     -2.535305737
 -0.0003506405997
    -0.7073846469
      54.42533898
     -26.23233995
     -1.648830756
  5.772826064E-06
    -0.1723529551
     -52.56678121
     -13.99987261
     -1.426607259
  4.458813051E-06
     0.1338302830
      31.04010904
      4.716554639
    -0.7067403097
    0.05000000000
     0.1000000000
     0.1500000000
     0.2000000000
     0.2500000000
   Q=    0.0000
