      0.000000000
      0.000000000
      0.000000000
      0.000000000
      0.000000000
      57.89541048
     -33.36110669
      12.33500641
     -2.679197280
     0.2633098848
      444.1744773
     -129.0533185
      34.17264434
     -6.252833591
     0.5632667853
      228.8834365
     -133.3899802
      49.33347789
     -10.85997584
      1.066218399
      18.24514750
     -318.2486484
      118.1650949
     -24.74198978
      2.239010687
     -74.85493527
     -64.98769098
      163.4554461
     -40.99432400
      3.568947960
      31.06554728
      758.2091184
      306.7567981
     -71.96048549
      5.254967941
     -1.967891893
     -147.8768515
      467.7783631
     -79.82875964
      5.054055309
     -1.897905551
     -260.4482270
      173.4619712
     -31.54598710
      4.789988797
     0.8023261112
      258.4326825
     -69.44204314
      68.64885291
      10.01592970
    -0.1751153523
     -121.5764899
     -37.16707015
      206.7805663
      31.23977618
    0.02385039751
      31.93394832
     -242.5629602
      181.0984587
      71.78418846
  -0.001666672508
     -2.113988992
      465.2263085
     -119.6528732
      99.32796158
 -9.926804412E-05
     -2.186239700
     -411.5126504
     -174.8990775
      73.51320005
  4.950445444E-05
      1.196098412
      234.3539524
      25.00873038
      22.52955930
    0.05000000000
     0.1000000000
     0.1500000000
     0.2000000000
     0.2500000000
   Q=    0.0000
