      0.000000000
      0.000000000
      0.000000000
      0.000000000
      0.000000000
      39.76069974
     -15.35200768
      1.279551933
     0.9392169684
    -0.2261531683
      479.8273556
     -98.84125679
      10.29818546
      1.395259307
    -0.4002294010
      357.2903015
     -30.15768625
     -17.63621051
      8.496917063
     -1.170511202
     -276.0821954
     -136.4174892
     -31.52500186
      17.77407354
     -2.269047225
      66.98080176
     -129.1559150
     -157.8261132
      46.36312941
     -4.662193369
     -5.791993377
      88.89943163
     -325.9246027
      80.28333462
     -7.595891753
     -3.300250364
     -280.0897229
     -439.6416426
      132.5656526
     -12.43021183
      1.659612536
      244.5874798
     -326.5290892
      198.3408224
     -16.82174121
    -0.4639406460
     -153.1798411
      245.7920042
      260.0888176
     -16.20281526
    0.09387825736
      73.15183880
      347.0474097
      237.3530520
     -3.079196163
   -0.01391890085
     -24.74809140
     -410.8789898
     -13.44288741
      18.18662848
   0.001433832359
      5.596408633
      194.2937076
     -275.9242171
      22.59795619
 -7.827091997E-05
    -0.6616530927
     -43.59132764
      27.99790104
     0.5844367254
 -4.307906575E-06
   -0.06632737248
     -2.748012523
      331.0175713
     -10.00135654
    0.05000000000
     0.1000000000
     0.1500000000
     0.2000000000
     0.2500000000
   Q=    0.0000
