      0.000000000
      0.000000000
      0.000000000
      0.000000000
      0.000000000
    -0.7293405190
     0.2258297386
    0.01034569735
   -0.02359404820
   0.004081793767
     -2.471895389
  0.0007190433139
     0.2231936027
   -0.07013158633
   0.007153667711
     -5.855501264
     -1.063850131
     0.5955260522
    -0.1249348488
    0.01040081445
      1.381789381
     -3.688091172
      1.109111968
    -0.1890829154
    0.01462700854
    0.01244606782
     -4.145645007
      1.391040315
    -0.2406199981
    0.02178063629
    -0.1482803757
    -0.8226566577
      1.482944313
    -0.3051435225
    0.04675168848
    0.03307260645
      1.437242122
     0.7870382344
    -0.3986900689
     0.1307079276
   0.003636122998
     0.6353386509
     -1.701652099
    -0.6968028733
     0.3627289322
  -0.003449586270
     -1.192380700
     -2.566667223
     -1.341549253
     0.8437576033
  0.0008818863265
     0.6273863407
      2.000960980
     -1.537228597
      1.571580313
 -0.0001246868314
    -0.1583211726
      1.581983655
    -0.3692992718
      2.291899066
  7.729682043E-06
 -0.0001022631942
     -3.547306593
     0.7037479803
      2.459975693
  9.260984932E-07
    0.01767957871
      3.051773473
     0.8085667341
      1.687144842
 -3.434173444E-07
  -0.008491755785
     -1.675715268
      1.082876405
     0.5347647876
    0.05000000000
     0.1000000000
     0.1500000000
     0.2000000000
     0.2500000000
   Q=    0.0000
