    -0.5625965441
     0.5451096304
    -0.2462139206
    0.05396270269
  -0.004363629723
     -2.183810567
      1.115010605
    -0.3193595693
    0.03987587246
 -8.809461555E-05
     -7.186301627
      2.619967106
    -0.7023962204
    0.07972414964
   0.001486627799
     -2.072082652
      3.990228052
    -0.7247955641
   -0.06770134453
    0.02767160932
      13.14372074
      9.790306651
    -0.2415333164
    -0.4734998349
    0.07730666017
     -6.701311858
      16.18942898
      3.114644173
     -1.435417680
     0.1697811969
      2.214695132
      8.442039931
      9.268934654
     -2.847769770
     0.3101901899
    -0.4017559247
     -5.810111185
      12.62067333
     -4.533694212
     0.5301325701
    0.01369264699
     -3.587727964
      6.664522631
     -6.044393142
     0.8579371098
    0.01457206688
      6.059941554
     -5.124294666
     -5.857269918
      1.333309566
  -0.004899363710
     -3.734336577
     -6.265128096
     -1.606538899
      2.032336173
  0.0009092275651
      1.375480774
      4.134136318
      5.159496921
      2.950133087
 -0.0001117454359
    -0.3155004904
      2.737113419
      4.957756784
      3.574785705
  8.401554643E-06
    0.03136864151
     -4.917219104
     -4.930700180
      2.939005864
 -6.368950277E-08
   0.008093570639
      3.404503176
     -7.750713405
      1.166317921
    0.05000000000
     0.1000000000
     0.1500000000
     0.2000000000
     0.2500000000
   Q=    0.0000
