    -0.4650505421
     0.4215425277
    -0.1700288814
    0.03103742683
  -0.001835093370
     -1.978207369
     0.8466239055
    -0.1692951109
   0.006725230126
   0.001482293089
     -7.975655159
      1.735430142
    -0.2669818668
    0.01693806805
  0.0007181487533
     -9.682549930
     0.8140471266
    0.04450418217
   -0.04504672718
   0.007324200461
      1.691627319
    -0.4401259671
     0.2009924004
   -0.09013576579
    0.01542534308
     0.8848176461
     -1.985450817
     0.3191881582
    -0.2374951628
    0.04163335018
    -0.5125636905
     -5.927121337
    -0.4548063955
    -0.6130492896
    0.09800363338
    0.06286750529
   -0.07084395123
     -3.339117045
     -1.698303197
     0.1924140806
    0.02063892924
      4.687080492
     -5.227381502
     -3.954655935
     0.2548072050
   -0.01117591561
     -4.268740962
     -2.770719442
     -6.294806382
     0.1150473353
   0.002627252466
      1.982054507
      3.473507426
     -5.776178716
    -0.3381043203
 -0.0003771260206
    -0.5238355610
      3.202671288
    -0.6842552030
    -0.8906310779
  2.936105467E-05
    0.03997974496
     -7.636280779
      3.933906343
     -1.029307553
  8.718701169E-07
    0.03236261299
      6.859756771
      1.542288171
    -0.6034051445
 -6.776404169E-07
   -0.01826301689
     -3.905144283
     -1.357454391
    -0.1434559806
    0.05000000000
     0.1000000000
     0.1500000000
     0.2000000000
     0.2500000000
   Q=    0.0000
