      0.000000000
      0.000000000
      0.000000000
      0.000000000
      0.000000000
    0.07171503985
   -0.03148106542
   0.008535478581
  -0.001794116980
  0.0002700672888
     0.3193638051
   -0.03970073876
   0.004348422775
  -0.003078002428
  0.0007353746757
     0.8527626256
    0.06499431998
   0.009080504809
   -0.01470000629
   0.002308775615
     0.5256168345
     0.4868777994
     0.1025442587
   -0.04893182160
   0.004562201963
    -0.3700554917
      1.156789499
     0.4936553099
    -0.1066670968
   0.004937767498
     0.1181079597
      1.527000975
      1.356546708
    -0.1309270338
  -0.001777931694
 -3.890843823E-05
     0.3414340219
      2.306208297
   0.008128902923
   -0.01791915183
   -0.01075627535
     -1.571305097
      1.956939912
     0.3829643159
   -0.03343583957
   0.004146046424
      1.368498130
    -0.3442249519
     0.7563905368
   -0.02690935741
 -0.0009068596877
    -0.6584790949
     -1.572698696
     0.6791814532
    0.01086241873
  0.0001285958997
     0.1903312706
     0.4124288673
     0.1427499792
    0.05666515899
 -1.042406645E-05
   -0.02390867202
      1.185845562
    -0.3043993179
    0.07549862419
 -1.491864370E-07
  -0.006585406233
     -1.477617069
    -0.3733082402
    0.05740543012
  2.033144280E-07
   0.004890002302
     0.9500126290
    -0.2706858998
    0.02302451166
    0.05000000000
     0.1000000000
     0.1500000000
     0.2000000000
     0.2500000000
   Q=    0.0000
