    -0.6784658519
     0.6143744811
    -0.2430384891
    0.04254015371
  -0.002344674596
     -3.184769401
      1.287901268
    -0.2267253475
   0.003010442421
   0.002013317578
     -13.55114245
      2.432936534
    -0.2619304286
    0.01743530405
  -0.002274643185
     -24.33022876
    -0.2033341402
     0.3358248151
  -0.006179897737
  -0.002448971097
     -9.113444916
     -8.229956577
     0.1787164069
     0.1578073286
  0.0008187216110
      9.576074774
     -19.32440556
     -2.851324267
     0.2993290632
    0.07249209132
     -3.701594968
     -25.37839506
     -11.28640991
    -0.4991677705
     0.3243274780
     0.5552181271
      2.975763907
     -23.07042198
     -4.249147639
     0.8845070710
    0.05591883597
      19.05122123
     -22.73550836
     -12.20814532
      1.743405989
   -0.04891609177
     -19.23755546
     -3.480594372
     -20.13832243
      2.652931355
    0.01278118572
      9.707135989
      16.24937040
     -18.63048213
      3.292858422
  -0.002028175411
     -2.937970272
      5.429084760
     -3.265723132
      3.487171508
  0.0001980982143
     0.4342766428
     -25.19405502
      11.51063750
      3.203846329
 -5.669971953E-06
    0.06543673204
      25.30379336
      7.246034211
      2.262017879
 -1.977164506E-06
   -0.06302657652
     -15.19889131
    -0.5524569352
     0.8149778551
    0.05000000000
     0.1000000000
     0.1500000000
     0.2000000000
     0.2500000000
   Q=    0.0000
