      0.000000000
      0.000000000
      0.000000000
      0.000000000
      0.000000000
     -30.14110697
      18.44895655
     -7.617089220
      1.890471568
    -0.2117208243
     -63.21164865
      26.42972510
     -9.992130262
      2.410605552
    -0.2639374409
     -3.120719372
      42.79215339
     -19.75661640
      4.895547267
    -0.5341738557
      16.48541501
      77.08777755
     -32.12232857
      7.850150582
    -0.8714679188
     -1.471219444
      44.83340046
     -38.15361199
      11.90673032
     -1.487958596
    -0.5743178297
     -64.39407858
     -33.05790683
      16.65448100
     -2.505164236
     0.1816576281
      26.00066543
    -0.3881859861
      18.71763285
     -4.300667076
   -0.03945911394
     -7.536378356
      59.49682712
      12.16106317
     -7.852085118
    0.01201025564
      5.111571208
      2.763578508
     -9.543568400
     -14.92794002
  -0.003372159027
     -3.597556944
     -67.44409391
     -40.76206482
     -26.69791373
  0.0006780114528
      1.640303034
      64.82137294
     -23.80169438
     -38.93297420
 -9.949902886E-05
    -0.5261214680
     -37.15931036
      42.31663262
     -38.99830675
  1.109145733E-05
     0.1288250507
      16.26068550
      9.372092187
     -21.69894907
 -9.520737970E-07
   -0.02534512548
     -6.055782764
     -56.29334237
     -4.368516164
    0.05000000000
     0.1000000000
     0.1500000000
     0.2000000000
     0.2500000000
   Q=    0.0000
