      0.000000000
      0.000000000
      0.000000000
      0.000000000
      0.000000000
     -36.01519605
      20.82869213
     -7.955807551
      1.806579559
    -0.1843700927
     -73.92916566
      25.30396446
     -7.867228166
      1.609491402
    -0.1524812779
     -51.27091952
      34.66775748
     -12.99265482
      2.802110731
    -0.2686574894
      39.20452691
      41.49068039
     -13.82395726
      2.691504147
    -0.2471603360
     -7.901652396
      14.59161668
     -4.518909856
      1.252378423
    -0.1758708092
     0.2285474683
     -30.09622508
      21.51170102
     -3.692989321
     0.1151362279
     0.4169586957
      37.20640376
      59.15908679
     -14.14601490
     0.5739046716
    -0.1603424274
     -23.32811787
      60.09756420
     -31.33797412
     0.8461199824
    0.04184831620
      13.82002799
     -43.73398247
     -51.83178964
    -0.1038608196
  -0.008813015071
     -7.384079691
     -55.76225367
     -53.39979254
     -3.217494296
   0.001441333954
      2.907492729
      74.96044518
      1.965187611
     -6.419103417
 -0.0001777496525
    -0.8286375539
     -45.68533083
      56.04532319
     -4.447539837
  1.596391064E-05
     0.1746871396
      19.55003147
     -5.936637906
      1.469711640
 -9.043842359E-07
   -0.02704114170
     -6.854465426
     -57.55552765
      2.604982675
    0.05000000000
     0.1000000000
     0.1500000000
     0.2000000000
     0.2500000000
   Q=    0.0000
