      0.000000000
      0.000000000
      0.000000000
      0.000000000
      0.000000000
     0.3113541238
   -0.08956690313
  -0.005159049363
   0.007587138440
 -0.0009229839957
      1.238804496
    0.01749859766
   -0.08763945788
    0.01632327460
 -2.997246929E-05
      3.435736201
     0.6813332696
    -0.1921611547
  -0.002936984242
   0.004468016327
     0.9283286091
      2.626959255
   -0.08177786657
   -0.09692275915
    0.01382101810
    -0.8575450865
      4.377894464
     0.9130008924
    -0.3049347737
    0.02544084475
     0.3198742083
      3.699261784
      3.135134737
    -0.5401407311
    0.02962945112
   -0.01392739920
     0.1272620809
      5.550063739
    -0.5662516579
    0.01628589432
   -0.02429980193
     -3.558562535
      5.079199926
    -0.1332810759
   -0.01498437429
    0.01023556870
      3.385878981
    -0.5047811309
     0.6464817236
   -0.04599780733
  -0.002308335112
     -1.678268888
     -4.457121487
      1.149041402
   -0.04948952133
  0.0003311081286
     0.4875015665
     0.9912581376
     0.9841992487
  -0.009390507314
 -2.670140217E-05
   -0.05877056695
      3.380584557
     0.1443788583
    0.07174561249
 -4.778086923E-07
   -0.01855390819
     -4.046914221
     -1.458511014
     0.1371137777
  5.431302745E-07
    0.01310059139
      2.534068631
     -1.977941232
    0.09281878509
    0.05000000000
     0.1000000000
     0.1500000000
     0.2000000000
     0.2500000000
   Q=    0.0000
