    -0.3991852255
     0.3595844406
    -0.1438645380
    0.02580477942
  -0.001423203075
     -1.599822701
     0.6875997632
    -0.1358208376
   0.003398828202
   0.001769246775
     -6.076038703
      1.406858999
    -0.2223021504
   0.006766334291
   0.002534134278
     -4.634766370
     0.8484021504
    0.04314898687
   -0.07280773567
    0.01153639482
      4.845463331
      1.526520892
     0.3407124051
    -0.1874214718
    0.02141583586
     -1.806320552
      2.912944738
      1.474745057
    -0.4209272470
    0.03439112855
     0.4775390665
     0.5157509710
      3.093460935
    -0.6238479778
    0.03718909019
   -0.08435677869
    -0.6877715593
      3.044799202
    -0.7386629506
    0.02519674596
   0.006953827802
    -0.2151467263
     0.3205387415
    -0.9034044377
   -0.02384425797
   0.001241166683
     0.6306505815
     -2.447177071
     -1.133220151
    -0.1498382513
 -0.0006358560721
    -0.4953535624
    -0.2521333154
    -0.8913863263
    -0.3591859238
  0.0001447042308
     0.2341608106
      1.911283687
     0.2425185945
    -0.5381106012
 -2.256137619E-05
   -0.07699400974
     -1.511386053
     0.7687091636
    -0.5105992887
  2.588117987E-06
    0.01825235142
     0.6348522026
    -0.2414541822
    -0.2906466710
 -2.109097660E-07
  -0.002923617691
    -0.1277333798
    -0.5414850410
   -0.08165097618
    0.05000000000
     0.1000000000
     0.1500000000
     0.2000000000
     0.2500000000
   Q=    0.0000
