    -0.8305969009
     0.7063539562
    -0.2568163471
    0.04223632877
  -0.003044794132
     -3.485967837
      1.153816817
   -0.09833865679
  -0.008199149255
  -0.003359219454
     -16.71948507
      1.556918524
    0.06396642364
    0.08819144387
   -0.03341978882
     -35.21177049
     -5.874005433
     0.9273717992
     0.4437191482
    -0.1113804672
     -26.77095701
     -27.08935255
    -0.8554449847
      1.933982928
    -0.3142192872
      21.00429443
     -53.70655682
     -10.86175765
      5.167459951
    -0.7128142562
     -7.982494202
     -50.68795537
     -31.15011043
      9.965660590
     -1.510574088
      1.353793009
      19.49227783
     -48.40466502
      14.15747891
     -3.256718326
    0.03756210452
      26.19734456
     -33.83704995
      12.96509513
     -7.216993561
   -0.08181378838
     -32.32357475
      4.573760035
      1.432432804
     -15.29447873
    0.02325400299
      17.53869372
      26.85834841
     -18.46780493
     -28.14455924
  -0.003876899499
     -5.637258326
      5.023061878
     -25.49612548
     -41.31657470
  0.0004065306853
     0.9603975631
     -39.95716325
     -1.133868335
     -44.19100769
 -1.782953512E-05
    0.05543784964
      41.29853142
      23.19974004
     -30.19144785
 -2.623985261E-06
   -0.09577466387
     -24.71600853
      15.41906750
     -9.861480802
    0.05000000000
     0.1000000000
     0.1500000000
     0.2000000000
     0.2500000000
   Q=    0.0000
