     0.3126073913
    -0.2497662630
    0.07770130099
  -0.006312469933
 -0.0007236735184
      1.258202115
    -0.4067884181
   0.004197306534
    0.02425454214
  -0.003254142973
      5.694623565
    -0.5853900679
    -0.1245464355
    0.04598286411
  -0.003025796168
      6.682363004
      1.570524951
    -0.6256243642
    0.07138929696
   0.001620402965
      1.715824098
      4.974123264
    -0.7326832999
   -0.05897759014
    0.02366308949
     -2.093939422
      7.995508534
 -0.0001071504582
    -0.4325379455
    0.07067385061
     0.9272942637
      6.387784113
      2.248082605
     -1.250286641
     0.1587618507
    -0.1787105675
     -4.175952342
      5.033600466
     -2.492363544
     0.2844508798
   0.001151339456
     -1.980409424
      4.461095666
     -3.645013720
     0.4302913548
   0.008891495160
      3.494856068
    -0.1326260579
     -3.426789351
     0.5888725153
  -0.002706812852
     -2.037379841
     -4.321072367
    -0.3766604967
     0.8290814895
  0.0004627854326
     0.6729537745
  -0.009553811761
      3.779844973
      1.258427658
 -4.927031166E-05
    -0.1167686187
      4.647362586
      3.152509401
      1.694889952
  2.252563704E-06
  -0.005757179520
     -4.857514809
     -3.715113705
      1.557628465
  2.949089392E-07
    0.01101205482
      2.824678247
     -6.011570820
     0.6880527996
    0.05000000000
     0.1000000000
     0.1500000000
     0.2000000000
     0.2500000000
   Q=    0.0000
