      0.000000000
      0.000000000
      0.000000000
      0.000000000
      0.000000000
     -1.063422465
     0.4196960382
   -0.05385294820
   -0.01540332827
   0.004405661408
     -3.789322202
     0.4329979334
     0.1648992535
   -0.08804758613
    0.01235852393
     -7.083477654
    -0.2944151702
     0.7063541355
    -0.2365858373
    0.02674538281
      7.075450007
     -1.512971958
      2.045569339
    -0.5678912841
    0.04979503901
     -2.530481488
      2.369660110
      5.227680810
     -1.146646459
    0.06572305769
     0.5224055855
      7.536431584
      11.90490477
     -1.796038727
    0.02977149328
    0.04956483340
      4.383441774
      17.97537435
     -1.920914390
    -0.1400377100
   -0.06034035917
     -8.516311235
      11.75800785
     -1.544018399
    -0.5672735955
    0.02037362250
      6.622679901
     -7.941639429
     -1.874704455
     -1.450184891
  -0.004352814892
     -3.238287964
     -9.820444829
     -2.587079576
     -2.882732831
  0.0006368359276
      1.026504106
      9.263171180
     0.1135113457
     -4.287193397
 -5.919068632E-05
    -0.1862850105
     -1.042701145
      3.595099679
     -4.319058354
  1.489236411E-06
  -0.001621188809
     -2.916832377
     -1.567224494
     -2.535576304
  6.061333379E-07
    0.01403601290
      2.589644187
     -6.001251234
    -0.6232439113
    0.05000000000
     0.1000000000
     0.1500000000
     0.2000000000
     0.2500000000
   Q=    0.0000
