      0.000000000
      0.000000000
      0.000000000
      0.000000000
      0.000000000
   -0.01262285733
    0.01222961009
  -0.006755835466
   0.001849323491
 -0.0001903200259
   -0.04512541491
    0.03267468163
   -0.01281210853
   0.002254905520
 -0.0001000305740
   -0.01223019804
    0.07191584576
   -0.02078874434
   0.001766454033
  0.0001643414197
    0.04453030763
     0.1533473622
   -0.02054397531
  -0.003851292978
   0.001130394994
   -0.01181405244
     0.1840159739
    0.01611015958
   -0.02214745165
   0.003433171656
   0.004874610743
   0.007281507539
    0.09274027200
   -0.06412814851
   0.007616240390
  -0.001056457177
   -0.04436467059
     0.1474502900
    -0.1435693097
    0.01275824143
  1.502109254E-05
   0.006313593061
     0.1112736696
    -0.2537836505
    0.01398046972
  6.563998855E-05
    0.02079597654
   -0.08352266200
    -0.3162652067
   0.003385132034
 -2.260963691E-05
   -0.01832016303
    -0.1529381853
    -0.1998005741
   -0.02001671360
  4.139139787E-06
   0.007419704662
     0.1470496962
     0.1061363614
   -0.03909310530
 -4.606282092E-07
  -0.001685939550
   -0.04976993297
     0.2524710063
   -0.02955410825
  2.473586885E-08
  0.0001619789667
   0.004047714844
   -0.09163643897
  0.0002311050306
  1.510970825E-09
  2.910144169E-05
  0.0006537134801
    -0.3056460254
   0.009917492328
    0.05000000000
     0.1000000000
     0.1500000000
     0.2000000000
     0.2500000000
   Q=    0.0000
