      0.000000000
      0.000000000
      0.000000000
      0.000000000
      0.000000000
     0.4915883003
    -0.1466510179
   -0.01047797802
    0.01648268987
  -0.002718166102
      1.612952430
    0.03337795396
    -0.1576388215
    0.04619680607
  -0.004352398341
      3.752271713
     0.7957618496
    -0.3976083256
    0.07520909342
  -0.005314216881
    -0.8530972916
      2.613768353
    -0.6929972735
    0.09656075516
  -0.005112704845
   -0.01487783542
      2.989860067
    -0.7566767552
    0.07955109658
  -0.002670716766
     0.1040451103
     0.6342713330
    -0.6408587834
    0.01576917856
  -0.003436108622
   -0.02465294723
     -1.124225891
    -0.1569227783
    -0.1172156626
   -0.02763083932
  -0.001636706859
    -0.2913499492
      1.160855510
    -0.1879740822
    -0.1260408165
   0.002155616231
     0.7402124086
      1.386941075
    0.09873450728
    -0.3571163963
 -0.0005748874612
    -0.4110887730
     -1.418084935
     0.5786097117
    -0.7139546393
  8.352725503E-05
     0.1087510532
    -0.7999788390
     0.5722122588
     -1.050415528
 -5.514035470E-06
  -0.002284346232
      2.165407975
    0.08113138576
     -1.098230259
 -5.385709005E-07
   -0.01082402767
     -1.909609553
    -0.7482079702
    -0.7129227921
  2.161595868E-07
   0.005341019842
      1.046383327
     -1.223022417
    -0.2052990675
    0.05000000000
     0.1000000000
     0.1500000000
     0.2000000000
     0.2500000000
   Q=    0.0000
