     -1.203637964
      1.114655118
    -0.4812089175
    0.09999233507
  -0.007453492520
     -3.655676010
      1.858288604
    -0.5082973677
    0.05396460041
   0.002022874854
     -10.50974191
      4.323559748
     -1.213774583
     0.1265566313
   0.005764969181
      15.96605992
      6.180050605
     -1.130279821
    -0.1871981554
    0.05372852044
      33.80280355
      21.74787577
    -0.1163059458
    -0.9160652409
     0.1159907567
     -21.23813783
      39.25148871
      8.417079826
     -2.297022417
     0.1709718115
      7.164321977
      33.41558310
      25.43270259
     -2.569527947
     0.1473521102
     -1.093630868
     -2.638737558
      41.92616668
      1.216683250
     0.2228702216
   -0.06422271750
     -30.64412352
      35.24071386
      11.57025795
      1.094788314
    0.07741087858
      31.10272014
     -2.777450779
      24.10518884
      4.040980621
   -0.02116651258
     -16.16316951
     -25.77782711
      25.75778972
      9.616425423
   0.003505467242
      5.177576003
    -0.3616998084
      7.985586797
      15.52477907
 -0.0003724950147
    -0.9195607718
      31.04589336
     -14.14590788
      16.76286426
  1.778899313E-05
   -0.02791086196
     -34.47015439
     -11.36388727
      10.96684779
  2.103490132E-06
    0.08095152913
      21.65188437
      2.047818889
      3.307289224
    0.05000000000
     0.1000000000
     0.1500000000
     0.2000000000
     0.2500000000
   Q=    0.0000
