      0.000000000
      0.000000000
      0.000000000
      0.000000000
      0.000000000
   -0.05920783973
     0.2020613276
    -0.1711010601
    0.06289560910
  -0.008760790076
     -9.282831492
      3.152630162
    -0.9610202889
     0.1909493936
   -0.01747140764
     -45.27924468
      6.721433520
     -1.324563857
     0.2288937612
   -0.02178619862
     -16.30546184
    -0.5253048302
    -0.9105316356
     0.3739751259
   -0.04243526094
      14.90769456
     -18.15009222
     -2.470636870
     0.9311249676
   -0.06661262953
     -4.438751228
     -60.52744581
     -11.17319342
      1.852890442
   -0.02618008861
    -0.2127345946
     -25.59504008
     -38.88038734
      1.648236230
     0.2321602366
     0.5062699704
      75.94091910
     -58.84949854
     -4.778621809
     0.8040731637
    -0.1794112268
     -59.93887107
     -24.17951748
     -18.17474228
      1.253102409
    0.03690352557
      26.35326408
      47.44092630
     -28.30606913
     0.7585391569
  -0.004839146008
     -6.663952823
      30.47219260
     -18.12534083
     -1.095464723
  0.0003199806549
     0.4143689911
     -87.50012766
      7.867913701
     -3.125675142
  2.274432710E-05
     0.4484927119
      80.21685204
      22.90856972
     -3.521692958
 -1.017262047E-05
    -0.2403836143
     -45.65527632
      24.31722677
     -1.927674611
    0.05000000000
     0.1000000000
     0.1500000000
     0.2000000000
     0.2500000000
   Q=    0.0000
