      0.000000000
      0.000000000
      0.000000000
      0.000000000
      0.000000000
     0.4364569534
   -0.07921646981
   -0.05176356482
    0.02850448942
  -0.004033339313
      1.531285365
     0.2055919783
    -0.2408273187
    0.06350846822
  -0.005504986761
      4.283997629
      1.234743453
    -0.5624614870
    0.09917871680
  -0.005818438638
     -1.187493880
      3.649260164
    -0.9450138157
     0.1091952549
  -0.001351792080
     0.1333663735
      3.834634136
     -1.016077452
    0.02965109001
    0.01384175572
    0.08449446442
   -0.04800777810
     -1.004394258
    -0.2155819724
    0.04309943855
   -0.03371951799
     -1.656542252
    -0.7922414743
    -0.7707999408
    0.07460439819
   0.003369730700
     0.4314768850
     0.7546388455
     -1.461592136
    0.05539913045
  0.0008126122433
     0.3005760258
      1.531813058
     -1.450529811
   -0.07992606722
 -0.0003325073623
    -0.2390040230
     -1.394036103
    -0.2374465005
    -0.3177619288
  5.267935901E-05
    0.06352495383
    -0.7464766516
      1.170723698
    -0.5169480875
 -3.117546660E-06
   0.003678101893
      1.936410517
      1.105393251
    -0.4928717353
 -5.119030169E-07
  -0.009579946357
     -1.612580737
     -1.103577065
    -0.2342720645
  1.707458717E-07
   0.004254024090
     0.8207261001
     -2.250992626
   -0.01833176355
    0.05000000000
     0.1000000000
     0.1500000000
     0.2000000000
     0.2500000000
   Q=    0.0000
