    -0.7586692618
     0.7360896451
    -0.4018864255
     0.1232996966
   -0.01628836332
     -2.024430004
      1.818802337
    -0.9408966392
     0.2615427036
   -0.02915115077
     -10.24505415
      6.987624148
     -3.113067515
     0.7161396973
   -0.06290680747
      28.69833696
      18.12525674
     -6.980491973
      1.085628980
   -0.04741500968
      146.2865385
      63.47223262
     -12.35607559
     0.6086627561
    0.07100439791
     -87.71413322
      150.7012518
     -3.944560826
     -2.771213821
     0.3287750660
      29.01678859
      131.9081498
      43.47709083
     -8.775105996
     0.4923860435
     -4.431591528
     -15.73879484
      115.2908268
     -10.96568971
     0.1038245172
    -0.2539890122
     -122.0166176
      141.4171529
     0.6279267126
     -1.168842085
     0.3095079586
      124.7687070
      20.50160710
      29.65325304
     -2.980166906
   -0.08429273429
     -64.49812141
     -124.5178208
      54.07059028
     -3.970585690
    0.01386308064
      20.41244921
     -3.007344200
      44.93112748
     -2.936975346
  -0.001457444800
     -3.535210093
      131.0264738
   -0.06363974385
     0.1741518494
  6.762841923E-05
    -0.1408834234
     -139.5387764
     -58.92056228
      3.202223779
  8.446868515E-06
     0.3208443486
      84.50106068
     -71.46439670
      2.719280859
    0.05000000000
     0.1000000000
     0.1500000000
     0.2000000000
     0.2500000000
   Q=    0.0000
