      0.000000000
      0.000000000
      0.000000000
      0.000000000
      0.000000000
      6.673251860
     -3.502536976
      1.018951079
    -0.1850193438
    0.02459464871
      173.2126445
     -45.82803276
      11.85434939
     -2.551791526
     0.3158265851
     -13.22023676
     -29.08111058
      20.29722624
     -6.938255730
     0.9616184944
      105.8349867
     -133.3277611
      80.30747797
     -23.42531686
      2.788302598
     -65.56101120
      11.47245734
      171.1206829
     -53.51061762
      6.029659352
      20.97652823
      455.0197524
      376.6350845
     -108.4305529
      11.49906970
    -0.6112743235
     -34.04664632
      551.5425614
     -157.5430196
      18.30010439
     -1.464222063
     -198.7268137
      225.6467272
     -159.2214769
      27.41913139
     0.5823337163
      185.4753898
     -244.8006995
     -85.56282418
      40.29972441
    -0.1292831265
     -92.27176532
     -107.0887324
      75.05245104
      58.82839370
    0.01869572498
      27.70718489
      49.43577439
      164.5479304
      79.74768020
  -0.001587402694
     -3.891596944
      146.8336510
     -26.42251461
      82.16890086
 -3.470843627E-06
    -0.7477034972
     -192.3589255
     -145.2831516
      47.86575039
  2.655239864E-05
     0.6410345366
      125.8526663
      16.31008603
      9.116617858
    0.05000000000
     0.1000000000
     0.1500000000
     0.2000000000
     0.2500000000
   Q=    0.0000
