      2.058427338
     -1.438172330
     0.4806505524
   -0.06741011541
  0.0006927883180
    -0.8645215340
   -0.05822032313
   -0.04740830766
    0.04049848887
  -0.005472321688
      21.18500512
     -4.816714293
      1.160467761
    -0.2781952684
    0.04213870787
      2.667845710
      7.117122858
     0.3387991856
     -1.084659274
     0.2158763490
      100.7825073
      41.41388274
      8.752146390
     -5.962933495
     0.8568944069
     -59.23419928
      144.6752953
      43.64641725
     -19.14404149
      2.325130183
      21.88448957
      173.5957653
      122.0053150
     -46.21216255
      5.324769860
     -4.303467498
     -123.5236560
      162.0516467
     -88.97043888
      10.79570754
     0.2423093502
     -4.046612496
      24.11786340
     -141.5743441
      20.02932067
     0.1188210722
      46.34687198
     -88.13969953
     -160.0933020
      34.76721718
   -0.04335563943
     -31.56361019
     -2.923720011
     -53.56092354
      58.44785875
   0.008087086105
      11.65984631
     -9.285081787
      120.1967715
      91.20923992
 -0.0009685469406
     -2.514166332
      57.79298529
      94.35899680
      111.8392831
  6.686637869E-05
     0.1658998405
     -60.38288915
     -95.29710823
      87.36208149
  6.918234632E-07
     0.1009039136
      35.11206546
     -104.8102387
      31.51977921
    0.05000000000
     0.1000000000
     0.1500000000
     0.2000000000
     0.2500000000
   Q=    0.0000
