     -8.117639292
      6.875264871
     -3.137976610
     0.7735354225
   -0.07983816828
     -27.56824452
      17.32798374
     -6.102770859
      1.181505564
   -0.09927487698
     -186.9912474
      53.61904631
     -14.42931095
      2.694091412
    -0.2455207956
     -43.70061781
      51.05044088
     -19.39544526
      4.095815141
    -0.3782452548
      104.3964256
      115.5016308
     -38.32647132
      7.246557820
    -0.6250687210
     -41.93850795
      109.3956347
     -44.06794796
      9.602191414
    -0.9080480452
      10.92403530
     -80.93609400
     -42.46592421
      13.35296251
     -1.463758568
     -1.715688861
      40.55585722
     -16.31529572
      14.84482336
     -2.518576195
  -0.002631702355
     -45.06329284
      84.48807902
      13.41639182
     -5.441177235
    0.08706039138
      40.58453570
      29.78984103
      8.790827771
     -12.61266104
   -0.02744318999
     -22.70712613
     -112.5840950
     -18.23846388
     -26.79128864
   0.005169765777
      8.484703927
      83.27669014
     -26.95858321
     -46.45172571
 -0.0006784337202
     -2.179452218
     -25.45127277
      32.27773363
     -56.01661773
  6.102531004E-05
     0.3481995536
     -4.729889704
      9.700103437
     -38.98207457
 -2.710723981E-06
  -0.007787633544
      9.343682314
     -67.18668343
     -11.29455285
    0.05000000000
     0.1000000000
     0.1500000000
     0.2000000000
     0.2500000000
   Q=    0.0000
