      0.000000000
      0.000000000
      0.000000000
      0.000000000
      0.000000000
      66.06581080
     -43.32145538
      19.73548602
     -5.373812669
     0.6457036200
     -232.2488821
      21.51678839
      11.16477340
     -5.206123300
     0.7061270557
     -562.5058192
     -51.19177791
      49.23349865
     -14.00387618
      1.600069234
      35.07582546
     -104.7825202
      64.58533738
     -19.55192568
      2.432168259
      64.02349816
     -139.9318989
      92.74804419
     -35.19793798
      4.761939081
     -27.97368083
     -421.5243420
      42.00277857
     -57.32723793
      8.827776920
      1.083228494
      5.678579040
     -193.3093892
     -115.4328207
      16.78678696
      2.311279618
      345.6119026
     -342.1312121
     -235.9808924
      26.49796580
    -0.9380115869
     -313.0187225
     -185.3829467
     -359.2658738
      30.92573728
     0.2018358915
      142.6445541
      215.6235084
     -334.7594035
      21.87975566
   -0.02697311565
     -36.01083194
      261.1807723
     -51.33632506
      1.048747828
   0.001771053788
      1.702082285
     -570.4630081
      242.5887509
     -12.83571415
  0.0001427925939
      2.838318192
      507.7750714
      105.8391848
     -7.483056959
 -6.135503659E-05
     -1.483159932
     -290.6421710
     -89.27133121
     0.1056998373
    0.05000000000
     0.1000000000
     0.1500000000
     0.2000000000
     0.2500000000
   Q=    0.0000
