      5.086305720
     -5.867472449
      2.817727392
    -0.6281533231
    0.05005970272
      18.86916109
     -8.003741284
      1.889446417
   -0.09584562615
   -0.03251626076
     -1.557436052
     -9.869962288
      3.893146160
    -0.3415243910
   -0.06481869369
      110.8554542
     -24.07733882
     0.6203926623
      2.059529838
    -0.4707992811
      66.21111524
      19.28116626
     -13.23214202
      6.874834739
     -1.236924329
     -57.19623885
      93.25652769
     -17.40079654
      16.21632449
     -2.992379612
      20.32580267
      110.9760930
      13.10370774
      36.97794441
     -6.415237055
     -2.773580934
      14.42114608
      90.74878790
      75.77957965
     -11.64692560
    -0.3970869087
     -123.5319046
      149.1628715
      125.6102204
     -17.55138880
     0.2857968924
      113.6784848
      51.52263024
      146.3879577
     -21.75951338
   -0.07222254514
     -55.43852449
     -116.0625207
      89.90523239
     -22.56579285
    0.01125318092
      16.41791756
     -23.02823887
     -13.81940832
     -19.97708246
  -0.001080179401
     -2.363219062
      139.1040644
     -54.74068634
     -14.34628392
  2.840985921E-05
    -0.3811566812
     -140.2009957
     -20.99645098
     -6.539906950
  1.123505168E-05
     0.3527538930
      84.14352779
     -12.35383073
    -0.7846437057
    0.05000000000
     0.1000000000
     0.1500000000
     0.2000000000
     0.2500000000
   Q=    0.0000
