      5.206790730
    0.07802688185
     -1.085987182
     0.3367213828
   -0.02694668799
     -106.2211741
      45.07600520
     -12.04093900
      1.630902737
   -0.06682674364
     -414.9858854
      98.03192613
     -15.15295362
     0.8131894661
    0.04244839375
     -2144.129976
      208.9544773
     -16.86150613
     0.5552702198
   -0.02341847480
      639.8311913
     -204.4148762
      30.95908445
     -1.339208842
   -0.08089419425
     -6.396011668
     -399.5883996
     -3.258555922
      6.865414460
    -0.2479915838
     -48.20282046
     -899.7754310
     -82.86706562
      7.390405543
      1.552348409
      8.367531509
      289.2728025
     -370.3922908
     -19.56125691
      7.152221239
      1.831055284
      388.4707252
     -477.2917516
     -144.9471264
      18.05129710
     -1.191519644
     -442.8586189
     -409.8566027
     -352.0585236
      27.34413227
     0.2897055581
      214.3886951
      394.7588090
     -509.5161676
      23.64230972
   -0.04117372181
     -54.69035888
      506.5009171
     -272.3365333
     0.5739832756
   0.002890451894
      1.969884427
     -1044.108635
      206.1363626
     -20.10502632
  0.0001907859116
      4.698686339
      890.8314457
      333.1894230
     -21.40140351
 -9.045413500E-05
     -2.358724520
     -484.8457505
      208.4242266
     -10.51168077
    0.05000000000
     0.1000000000
     0.1500000000
     0.2000000000
     0.2500000000
   Q=    0.0000
