      0.000000000
      0.000000000
      0.000000000
      0.000000000
      0.000000000
     -1.225966035
     0.4560784223
   -0.05584847987
   -0.01059018497
   0.002481717757
     -4.586459463
     0.3341810575
     0.1783867461
   -0.05449486147
   0.003823285832
     -10.53064312
     -1.225658529
     0.5515387852
   -0.06212266573
 -5.197828253E-05
     0.2415050722
     -5.663220144
     0.7290985330
    0.01190704735
  -0.007668284863
      1.216364025
     -8.444438525
    -0.3629139509
     0.1958054781
   -0.01423100245
    -0.5791974709
     -6.629266896
     -3.065847489
     0.2790266918
  -0.007702981408
    0.04140595832
     0.7414962012
     -6.716217054
    -0.1920038912
   0.003059333951
    0.04040216306
      6.044034966
     -7.881568989
     -1.782757805
   -0.05522333218
   -0.01804286334
     -6.011977567
     -1.876063220
     -4.113735493
    -0.3490794671
   0.004083825454
      2.932349586
      6.659253107
     -4.818313815
    -0.9922082394
 -0.0005745834429
    -0.8080225422
      1.605526168
     -1.725778066
     -1.730541520
  4.281382844E-05
    0.07133409417
     -8.958756072
      2.325522764
     -1.933209173
  1.837212848E-06
    0.04602736580
      8.972127991
      2.495798725
     -1.304886801
 -1.121457292E-06
   -0.02725840383
     -5.339068921
     0.9990369440
    -0.4250085249
    0.05000000000
     0.1000000000
     0.1500000000
     0.2000000000
     0.2500000000
   Q=    0.0000
