      0.000000000
      0.000000000
      0.000000000
      0.000000000
      0.000000000
    0.05572357699
    0.02533949357
   -0.03577434439
    0.01290441669
  -0.001537037237
     0.2081789141
     0.1612540124
   -0.09977803770
    0.02167565287
  -0.001375905660
     0.8704252291
     0.5479830968
    -0.2015092580
    0.02574473092
  0.0001641795732
    -0.2648067473
      1.360465194
    -0.2851238627
 -0.0009739412186
   0.007055856598
    0.07023390666
      1.394779479
    -0.1995608669
    -0.1137406775
    0.02652275048
    0.01661798103
    -0.2018091984
   -0.05943876614
    -0.4090057939
    0.07007347898
   -0.01335024697
    -0.7247481466
   -0.05639957910
     -1.024576287
     0.1491162487
   0.003420015114
     0.5012077657
    0.06304632598
     -1.864013208
     0.2647375363
 -0.0004804013877
    -0.1571960564
    0.01763234244
     -2.186733442
     0.4170236703
  3.358864400E-05
    0.02011301042
    -0.4363864690
     -1.060490433
     0.6256282909
 -1.463131922E-07
 -0.0001714306623
     0.1563158946
      1.025700209
     0.8818465844
 -6.167706836E-08
  0.0008170350346
     0.1220476936
      1.512085940
      1.030689066
 -2.773372162E-08
 -0.0006223459586
   -0.09696339112
    -0.7231333630
     0.8250247429
  5.921042833E-09
  0.0001360431118
   0.001620795548
     -1.699160554
     0.3229459761
    0.05000000000
     0.1000000000
     0.1500000000
     0.2000000000
     0.2500000000
   Q=    0.0000
