      0.000000000
      0.000000000
      0.000000000
      0.000000000
      0.000000000
     0.8125928308
     0.1304681482
    -0.2971760462
     0.1023036197
   -0.01015267386
      3.689033214
      1.396868092
    -0.8679570351
     0.1401215124
  0.0001071138925
      14.36976760
      5.938076371
     -1.594624260
   0.001697981027
    0.03737972052
      3.758751024
      17.52004113
     -1.027285300
    -0.7217020722
     0.1383597572
     -3.174119750
      24.90776301
      4.465453824
     -2.590462219
     0.3459974886
      1.333952036
      13.37374745
      15.40041285
     -5.961551369
     0.7120637053
    -0.1220977267
     -3.195361591
      24.81453403
     -10.83303807
      1.295223045
   -0.07482696636
     -10.82781221
      20.40147100
     -15.57580764
      2.131833530
    0.03654157700
      12.03647203
     -5.225224365
     -15.26485028
      3.304504187
  -0.008693841546
     -6.372894609
     -20.38141063
     -4.834646430
      5.016251788
   0.001286920517
      1.928502381
      7.683428848
      11.32413841
      7.173830820
 -0.0001075735173
    -0.2520866507
      11.07862353
      12.71752385
      8.534966760
 -1.071421290E-06
   -0.06288973497
     -14.50266423
     -10.71950065
      7.023526564
  1.977040765E-06
    0.04742206188
      8.952857536
     -20.28439374
      2.856851530
    0.05000000000
     0.1000000000
     0.1500000000
     0.2000000000
     0.2500000000
   Q=    0.0000
