     -6.106233883
      5.033844013
     -2.130399238
     0.4584480363
   -0.03785923906
     -18.10861187
      10.22177779
     -2.898605817
     0.3772709084
   -0.01499708411
     -122.6606010
      28.55960409
     -5.712440982
     0.8417716550
   -0.07776076479
     -24.54522236
      4.961412950
     -2.740253719
      1.154544378
    -0.1900391043
     -48.54292419
     0.3120497455
     -10.31773670
      4.483525985
    -0.6600182946
      37.14910174
     -74.21552122
     -24.97656402
      12.42087165
     -1.762284772
     -14.61139944
     -146.1193249
     -70.12755502
      30.30321881
     -4.153033202
      2.643352361
      74.61675915
     -105.8415903
      55.77321079
     -8.462948745
   -0.01630537864
      25.06645254
     -31.95688438
      79.13107302
     -15.70012319
    -0.1224862243
     -46.50715176
      38.47436783
      72.74944636
     -26.77339172
    0.03659165002
      26.70997360
      7.022117899
     -1.630136427
     -42.46359422
  -0.006157136800
     -8.640279370
      34.15705889
     -84.51124526
     -60.26394252
  0.0006409767478
      1.412050513
     -79.34686106
     -31.66968078
     -66.74322622
 -2.666355376E-05
     0.1227334763
      72.16533490
      69.79233273
     -47.03492313
 -4.388371399E-06
    -0.1581258739
     -40.35680340
      47.60487806
     -15.19568473
    0.05000000000
     0.1000000000
     0.1500000000
     0.2000000000
     0.2500000000
   Q=    0.0000
