      0.000000000
      0.000000000
      0.000000000
      0.000000000
      0.000000000
     -39.39352867
      22.27448274
     -8.150171002
      1.753376070
    -0.1698892352
     -198.8246764
      55.32694756
     -13.65031721
      2.334932362
    -0.2043040777
     -241.4543057
      53.18120767
     -15.48445742
      3.475116881
    -0.3861191092
     -2.108500403
      52.30204770
     -26.26023015
      7.033143129
    -0.8045281790
      44.97689501
     -75.14447211
     -33.04408920
      12.66112048
     -1.496802259
     -18.63151818
     -339.9280279
     -77.47362088
      24.34315193
     -2.578414761
     0.7933501968
      29.28635065
     -166.3472737
      29.23426631
     -3.254800530
      1.426720643
      208.8160271
     -155.2428895
      3.886200739
     -3.373614155
    -0.5780388075
     -191.0333407
     -73.23809496
     -63.38545750
     -3.914801451
     0.1240921855
      87.23228943
      104.2946871
     -140.4552656
     -7.471047014
   -0.01653457705
     -21.99214676
      171.2695606
     -101.9427606
     -14.50581836
   0.001077841029
      1.012680665
     -353.6658991
      64.33894035
     -17.04112358
  8.784771741E-05
      1.729165751
      308.5332489
      107.1985146
     -9.770365683
 -3.719520973E-05
    -0.8924730585
     -172.6106511
      43.90550069
     -2.419020321
    0.05000000000
     0.1000000000
     0.1500000000
     0.2000000000
     0.2500000000
   Q=    0.0000
