      0.000000000
      0.000000000
      0.000000000
      0.000000000
      0.000000000
     -1.057539463
     0.6977256726
    -0.2849651925
    0.05865776899
  -0.003895853988
     -5.381908601
      1.807985904
    -0.3989361013
    0.01343270089
   0.007728510541
     -10.40603385
      2.829277310
    -0.1237642616
    -0.1783115276
    0.03586294104
      9.974572793
      4.359018505
      1.359989278
    -0.7864670950
     0.1045250509
     -3.200344781
      10.51756483
      6.293089495
     -2.288764952
     0.2280584466
     0.7650812984
      8.948918777
      17.11261294
     -5.127452184
     0.3605835078
  -0.006097248836
      1.528878018
      26.36209680
     -9.406523371
     0.2821709673
   -0.05640621056
     -7.574511951
      17.41691761
     -14.96972282
    -0.5852942998
    0.02254337066
      7.257984351
     -13.16325714
     -19.21560544
     -3.159068950
  -0.005271626445
     -4.015053030
     -17.79640655
     -14.45109789
     -7.703135173
  0.0008213237103
      1.380149751
      17.99577103
      4.927759472
     -12.05907784
 -8.209531353E-05
    -0.2797347388
     -5.019562521
      17.69208440
     -12.03329347
  3.199662760E-06
    0.01343036606
     -1.671289290
     -6.125874230
     -6.699056191
  5.705099832E-07
    0.01277815181
      2.069059296
     -23.51161082
     -1.430421324
    0.05000000000
     0.1000000000
     0.1500000000
     0.2000000000
     0.2500000000
   Q=    0.0000
