      16.25456501
     -21.87818795
      11.64450380
     -2.903309873
     0.2757833782
      204.0036002
     -94.07972023
      26.14372540
     -3.687819010
     0.1748538265
      732.7036586
     -187.0183884
      37.49183370
     -4.676030710
     0.2869349089
      2342.850761
     -260.8248685
      29.39211686
     -2.298397736
     0.1142923745
     -937.9825569
      203.3706818
     -33.68557045
      2.407920736
    0.03856816575
      137.0660376
      422.4291184
     -33.12359370
     -1.506735785
     0.2976776856
      16.23806210
      842.7914701
     -2.203641577
     -3.674819825
    -0.2049280233
     -5.459199305
     -462.2759930
      248.8203322
     -1.328410612
     -2.071745145
     -1.025312513
     -148.9389844
      387.4391457
      61.29915187
     -6.802182719
     0.7865658242
      278.4061503
      403.0396092
      190.7638641
     -10.12380395
    -0.1960113020
     -142.9448792
     -379.0586797
      343.9109880
     -4.475471647
    0.02701135651
      34.39100514
     -402.8806989
      259.5617410
      17.52835796
  -0.001506737028
      1.067873691
      856.6799871
     -54.40845606
      40.99483006
 -0.0002405873948
     -4.350959043
     -722.6522774
     -314.2233694
      45.08064706
  7.933716064E-05
      1.972105691
      384.8082166
     -317.8489440
      22.75675037
    0.05000000000
     0.1000000000
     0.1500000000
     0.2000000000
     0.2500000000
   Q=    0.0000
