    -0.2099538201
     0.1877392931
   -0.07437270792
    0.01304029091
 -0.0006493716158
    -0.7570789200
     0.3263029782
   -0.06272375434
 -2.024364653E-06
   0.001247125462
     -2.559734682
     0.6564811715
    -0.1102254692
 -0.0006616108290
   0.002442970427
     0.2343689757
     0.4866842325
    0.02189881260
   -0.05681921682
   0.009255085471
      4.390474678
      1.894108055
     0.2489499581
    -0.1586014387
    0.01696713794
     -2.457764434
      4.078790654
      1.392333016
    -0.3419558010
    0.02263689322
     0.7930725179
      3.633602118
      3.474378860
    -0.3792553619
    0.01529454796
    -0.1219644004
    -0.4068482409
      4.968754489
    0.05376944115
    0.01539840010
  -0.004922492323
     -3.003918551
      3.241156655
      1.131610345
     0.1013039911
   0.007673468809
      3.102200935
     -1.013571915
      2.322506064
     0.4146329468
  -0.002148763682
     -1.638530271
     -2.145968491
      2.473309710
      1.027799834
  0.0003631247554
     0.5390345170
     0.1524212311
     0.8106277187
      1.714152224
 -3.999422818E-05
    -0.1026974005
      2.719880174
     -1.475641664
      1.908137787
  2.209416154E-06
  0.0009105376866
     -3.180106601
     -1.102511286
      1.275066711
  1.592307085E-07
   0.007167173063
      2.053829317
     0.5516742814
     0.3850774360
    0.05000000000
     0.1000000000
     0.1500000000
     0.2000000000
     0.2500000000
   Q=    0.0000
