      0.000000000
      0.000000000
      0.000000000
      0.000000000
      0.000000000
    -0.3226368430
   -0.02307241748
    0.09984375498
   -0.03759411110
   0.004203809721
     -1.226467818
    -0.4755588191
     0.3150863506
   -0.06017118590
   0.002145339627
     -4.361269893
     -1.965408426
     0.6099035879
   -0.03832641628
  -0.007391144000
    -0.5298844047
     -5.535479304
     0.6115686902
     0.1434628802
   -0.03639655712
     0.6489017650
     -7.288791670
    -0.6793466048
     0.6730539378
    -0.1019044255
    -0.3272936137
     -2.886245746
     -3.303619425
      1.733734201
    -0.2254542392
    0.04361673690
      1.590111285
     -5.543424298
      3.474232507
    -0.4265913119
    0.01339139390
      1.929607650
     -4.832751598
      5.434347885
    -0.7026615792
  -0.007906244097
     -2.607508479
      1.060096492
      5.738030104
     -1.057260265
   0.001972087843
      1.450679026
      5.236039575
      2.247691861
     -1.557196529
 -0.0002971283073
    -0.4447613762
     -1.907993651
     -3.618900735
     -2.218660973
  2.485711941E-05
    0.05677215746
     -2.748635708
     -4.537921313
     -2.684226534
  2.977461366E-07
    0.01549874487
      3.497741515
      3.222407421
     -2.254035491
 -4.670960762E-07
   -0.01120729631
     -2.091713774
      6.572084894
    -0.9303679114
    0.05000000000
     0.1000000000
     0.1500000000
     0.2000000000
     0.2500000000
   Q=    0.0000
