      0.000000000
      0.000000000
      0.000000000
      0.000000000
      0.000000000
 -5.539143185E-13
  2.595007102E-13
 -6.597702360E-14
  6.670664356E-15
  8.650965124E-17
 -2.185013226E-12
  3.341209351E-13
  1.196164964E-14
 -1.609408957E-14
  1.783994112E-15
 -4.656051572E-12
 -2.838246837E-13
  1.997104538E-13
 -2.773497613E-14
  9.695294851E-17
 -3.693111571E-13
 -2.415767480E-12
  3.378337061E-13
  1.480272348E-14
 -6.598650318E-15
  8.011937025E-13
 -4.846149194E-12
 -2.364997767E-13
  1.832853278E-13
 -1.865933729E-14
 -3.598568720E-13
 -4.768637987E-12
 -2.331260964E-12
  4.473706615E-13
 -2.519818437E-14
  3.210777631E-14
  1.177472257E-12
 -5.434948157E-12
  5.004424019E-13
 -5.047013794E-15
  2.078932692E-14
  2.977292884E-12
 -5.678420075E-12
 -1.300528076E-13
  4.921052030E-14
 -9.959700732E-15
 -3.299777531E-12
  7.292823127E-15
 -1.346756030E-12
  1.001520856E-13
  2.338179540E-15
  1.710955795E-12
  5.390360098E-12
 -1.982277859E-12
  8.031087220E-14
 -3.434240075E-16
 -5.105380751E-13
 -1.631777043E-12
 -9.497885894E-13
 -2.730572464E-14
  2.853059330E-17
  6.499887245E-14
 -3.206039195E-12
  6.026440032E-13
 -1.360092607E-13
  3.535992230E-19
  1.813555290E-14
  4.127121735E-12
  1.550863405E-12
 -1.539581983E-13
 -5.508758186E-19
 -1.346617607E-14
 -2.648517958E-12
  1.003814706E-12
 -6.258680292E-14
    0.05000000000
     0.1000000000
     0.1500000000
     0.2000000000
     0.2500000000
   Q=    0.0000
