      5.770023923
     -4.328597592
      1.705568348
    -0.3379232393
    0.02364138048
      26.19257382
     -14.90728602
      4.415066564
    -0.6139534081
    0.02326302662
      194.1724174
     -46.34427560
      8.768685802
    -0.8543301466
   0.004145733147
      81.80024180
     -39.95542752
      9.514562603
    -0.6435079511
    -0.1030056582
     -135.5831178
     -114.9827793
      19.39393474
     0.9516046308
    -0.5767976172
      54.00630703
     -169.0457149
      5.902335312
      9.723595690
     -1.998153673
     -15.86193500
      18.80413130
     -22.06499025
      29.37369246
     -5.415143565
      3.163378347
      41.19073667
     -26.68923949
      69.90201324
     -12.90553312
    -0.2883102291
    -0.5141599919
     -32.93338637
      128.3649295
     -26.54936426
   -0.04689470444
     -23.99268389
      25.92324401
      156.8545309
     -47.73162292
    0.02467092562
      19.54225279
      74.88489270
      93.00253441
     -74.89803943
  -0.005419438010
     -8.689398144
     -81.58107086
     -56.62788736
     -98.64633421
  0.0007957737004
      2.598745188
      38.92717308
     -127.8817468
     -102.0610044
 -8.446083264E-05
    -0.5522381127
     -11.41496895
      37.63326735
     -73.50667977
  6.208399211E-06
    0.07859303009
      2.465646108
      142.6156618
     -27.02932838
    0.05000000000
     0.1000000000
     0.1500000000
     0.2000000000
     0.2500000000
   Q=    0.0000
