      0.000000000
      0.000000000
      0.000000000
      0.000000000
      0.000000000
     -48.81065079
      27.95408157
     -10.53751987
      2.365412587
    -0.2399724490
     -54.32817628
      23.04255398
     -8.721852580
      2.087805828
    -0.2265928528
      98.78634118
      34.20405905
     -19.61268556
      5.061239249
    -0.5603636880
     -33.51065756
      66.96799697
     -32.35565534
      8.784363961
     -1.046631540
      9.041961473
     -7.224324357
     -51.81252664
      18.86247234
     -2.448452403
     -2.964431218
     -95.95018734
     -96.41473748
      40.83149397
     -5.555537810
     0.5440389319
      48.57102775
     -118.6963780
      80.15925207
     -12.15162175
   -0.04565058025
     -14.52330233
     -22.83139917
      136.8624756
     -24.66663504
   -0.01049091690
     -1.113744319
      86.74796880
      176.3603441
     -45.24764631
   0.005603699007
      4.575790684
      29.92821541
      110.9347733
     -74.13838888
  -0.001250677597
     -2.532865706
     -66.46740424
     -67.59982856
     -105.4732693
  0.0001798840244
     0.8237217874
      42.81606440
     -136.9071779
     -119.5467062
 -1.916704273E-05
    -0.2037870233
     -21.97925046
      46.17589227
     -91.95878044
  1.728914098E-06
    0.04680246017
      11.54451824
      134.3898079
     -34.55750993
    0.05000000000
     0.1000000000
     0.1500000000
     0.2000000000
     0.2500000000
   Q=    0.0000
