    0.03625125928
   -0.03331345235
    0.01323208973
  -0.002323717617
  0.0001395207292
     0.2150302955
   -0.08442561602
    0.01429131728
 -0.0004133177634
  6.718487325E-07
      1.072451301
    -0.1595342254
    0.01021604367
  -0.001986539224
  0.0006800851978
      2.901394202
    0.09583474359
   -0.03385543900
  -0.009451769850
   0.002023361388
      1.838037377
      1.277698016
    0.01972560238
   -0.04757866503
   0.003538952737
     -1.552999762
      2.947510795
     0.5693585279
    -0.1036757769
  -0.001675712251
     0.5721576084
      3.631725672
      1.910310974
   -0.03811685729
   -0.02554933153
   -0.08609452694
    -0.4170872647
      3.553701081
     0.4338765279
   -0.07127394996
  -0.007506606761
     -2.767221451
      3.202522503
      1.508645380
    -0.1063357683
   0.007085761332
      2.798960578
     0.2247704592
      2.650899855
   -0.05035536330
  -0.001872376695
     -1.422104622
     -2.231922132
      2.610034820
     0.1575679443
  0.0003003172433
     0.4365672912
    -0.6762166742
     0.6400612301
     0.4408600908
 -3.000027341E-05
   -0.06789844489
      3.481077324
     -1.555762675
     0.5599523644
  1.019001667E-06
  -0.007798338648
     -3.545821239
     -1.088575417
     0.3771573036
  2.628619419E-07
   0.008696984405
      2.146806435
     0.1891905831
     0.1100392007
    0.05000000000
     0.1000000000
     0.1500000000
     0.2000000000
     0.2500000000
   Q=    0.0000
