     0.6410730312
    -0.9802111310
     0.5198117810
    -0.1216079925
   0.009990013585
      10.50241287
     -4.507790939
      1.100510792
    -0.1110201864
 -0.0005818477168
      34.32942269
     -7.597041492
      1.027846061
   -0.02476162795
  -0.005986587049
      130.2886424
     -8.865827020
    -0.4539020629
     0.2453556646
   -0.01914201210
     -31.06240311
      26.39695467
     -5.388649044
     0.5057068039
  -0.007268818856
     -3.884151286
      50.46294165
     -3.848798975
    -0.2995192553
    0.05970579404
      4.729250065
      59.54843447
      6.004160024
     -1.653418743
     0.1044435784
    -0.9636424472
     -32.09486507
      30.74347183
     -2.790867276
    0.05903961923
   -0.05437270385
     -18.46413556
      41.28948688
     0.4467243648
    -0.2060159546
    0.07556777780
      28.66845638
      20.25996130
      9.499669768
    -0.4812481689
   -0.02067472114
     -15.51622795
     -40.19567185
      20.91534692
    -0.2931886837
   0.003238385074
      4.558990041
     -13.05438544
      19.52802513
     0.8899944719
 -0.0002868710199
    -0.5023948073
      54.50894229
      1.389283562
      2.487717464
  1.387495885E-07
    -0.2052506307
     -51.56220847
     -24.45032135
      3.124879822
  4.687490080E-06
     0.1330954908
      29.14181880
     -29.11964895
      1.703244178
    0.05000000000
     0.1000000000
     0.1500000000
     0.2000000000
     0.2500000000
   Q=    0.0000
