      0.000000000
      0.000000000
      0.000000000
      0.000000000
      0.000000000
      4.803595008
     -1.629532004
    0.05475054770
     0.1140739849
   -0.02195992872
      18.01893889
    -0.9544370396
     -1.146909308
     0.4133684305
   -0.04560036803
      42.02401974
      4.972889394
     -3.663809662
     0.8702317246
   -0.07814150525
     -19.98980493
      19.63903552
     -8.075444752
      1.639181642
    -0.1239307203
      4.626092534
      14.35887117
     -14.56360591
      2.808912523
    -0.1583400560
    -0.2750383246
     -9.868866414
     -27.26687714
      4.347790828
    -0.1225450736
    -0.2338854112
     -13.86570688
     -36.49007625
      5.470155212
    0.09712888810
    0.08920027667
      11.87402927
     -15.01619474
      7.315248174
     0.6698976523
   -0.02030031976
     -6.263009043
      26.52005811
      12.58520379
      1.996506402
   0.003743179886
      2.955377220
      10.75111752
      15.38893057
      4.361194276
 -0.0005784269240
     -1.151817538
     -26.37868645
      2.070709182
      6.607436040
  7.330291947E-05
     0.3524121048
      19.75548881
     -13.17705894
      6.204615010
 -7.409515362E-06
   -0.08448557261
     -9.640235339
    -0.5263531981
      3.021726683
  5.626237333E-07
    0.01570220100
      3.496282264
      11.09057206
     0.4782093421
    0.05000000000
     0.1000000000
     0.1500000000
     0.2000000000
     0.2500000000
   Q=    0.0000
