      0.000000000
      0.000000000
      0.000000000
      0.000000000
      0.000000000
    0.07509611872
   -0.01973225196
 -0.0007550091916
  0.0005585934607
  0.0001385823694
     0.3283605518
    0.01809234589
   -0.01706218124
  -0.002219574823
   0.001266875915
      1.183150852
     0.2524380438
   -0.01038951905
   -0.02620937212
   0.004659207807
      1.193261257
      1.093878216
     0.1794800890
    -0.1008243780
    0.01026353796
    -0.7221306052
      2.407472144
     0.9954033468
    -0.2411342317
    0.01340561803
     0.2234854537
      2.775354697
      2.798638750
    -0.3568961769
   0.001350619911
 -0.0005506897553
     0.6284842897
      4.702074618
    -0.2264243609
   -0.04294534373
   -0.01989046409
     -2.887467550
      3.913461272
     0.2706874537
    -0.1340992814
   0.007721713482
      2.544802183
    -0.9448981646
     0.7797013808
    -0.2842343147
  -0.001703300687
     -1.243907282
     -3.310090052
     0.7151093271
    -0.4943639703
  0.0002443112280
     0.3673332325
      1.329523029
     0.2989884881
    -0.6953532690
 -2.035655713E-05
   -0.04981542609
      1.819441043
  -0.003082241687
    -0.7063057236
 -1.404681061E-07
   -0.01064190252
     -2.548999376
    -0.7818521538
    -0.4333174854
  3.620954979E-07
   0.008688617189
      1.676566767
     -1.229740683
    -0.1114708250
    0.05000000000
     0.1000000000
     0.1500000000
     0.2000000000
     0.2500000000
   Q=    0.0000
