     -6.857321257
      6.909958098
     -3.309606333
     0.8002656287
   -0.07792299479
     -27.41085078
      14.50010845
     -4.623000381
     0.7976578619
   -0.05466013644
     -96.54409496
      34.60034302
     -10.61608656
      1.971222578
    -0.1536574606
     -122.4845725
      48.38242225
     -13.34453815
      1.879407170
   -0.07278817272
      37.82815524
      61.65970701
     -16.36788530
      1.421204544
    0.08091077970
      4.689201262
      37.13947687
     -15.17845044
     -2.200093539
     0.6126984387
     -3.572809200
     -88.24274141
     -18.80249020
     -14.12565614
      1.527626041
    -0.1844059220
     -36.55018260
     -43.73181227
     -46.01411861
      1.738734442
     0.4559753382
      83.67688480
     -53.89115791
     -105.3452784
     -2.995092720
    -0.1601138643
     -59.83001969
     -45.42417938
     -161.7755291
     -19.82070322
    0.03174113725
      23.67297611
      12.14196367
     -140.0601644
     -51.09598405
  -0.003847611174
     -4.955589619
      81.83343157
      4.804950272
     -82.07798237
  0.0001755473060
    -0.2479201009
     -126.3595346
      124.2883412
     -83.73703349
  3.972479830E-05
     0.6485198763
      104.2114092
      2.816719538
     -48.48654555
 -1.186289582E-05
    -0.2920689254
     -58.52206748
     -111.1888946
     -11.55790116
    0.05000000000
     0.1000000000
     0.1500000000
     0.2000000000
     0.2500000000
   Q=    0.0000
