      0.000000000
      0.000000000
      0.000000000
      0.000000000
      0.000000000
     0.7730579816
    -0.4970486293
     0.2252454897
   -0.06743725609
   0.009816647540
     -14.22443488
      2.686557865
   0.002161805509
    -0.1851254680
    0.03730219764
     -60.84395333
      1.656862436
      2.574081547
     -1.053642756
     0.1513632820
      42.41671597
     -9.480111869
      9.466162337
     -3.348599713
     0.4477663188
     -13.12747706
      12.49244860
      26.71005488
     -9.555507362
      1.200214433
      2.716141787
      44.85451403
      66.90119326
     -22.77538787
      2.802459147
     0.1128560529
      10.64406569
      105.0376835
     -44.22722125
      5.919755319
    -0.2368019364
     -31.66549940
      59.50667957
     -71.20441504
      11.46847625
    0.08442912747
      26.89623099
     -61.95664200
     -88.33855880
      20.14120022
   -0.01882799428
     -14.24103798
     -52.34087422
     -56.76165009
      31.71581332
   0.002866069258
      4.830889658
      61.53022780
      34.75763280
      44.05002936
 -0.0002840707022
    -0.9907231079
     -19.81176070
      72.63138114
      50.14110765
  1.169188429E-05
    0.06325301804
     -2.799375948
     -28.39785629
      39.44136661
  1.723704774E-06
    0.03588145045
      5.137491998
     -76.73359491
      15.18309316
    0.05000000000
     0.1000000000
     0.1500000000
     0.2000000000
     0.2500000000
   Q=    0.0000
