      0.000000000
      0.000000000
      0.000000000
      0.000000000
      0.000000000
     -32.63958745
      16.12601028
     -4.625951260
     0.6521208395
   -0.02731636247
     -135.4032562
      25.63192902
     -1.912105378
    -0.4269332884
    0.07500422933
     -283.1270319
     0.7578969046
      7.213355238
     -1.373806882
    0.05874812200
      8.481361659
     -101.1620629
      18.37353401
    -0.8717221986
    -0.1177429545
      35.79673864
     -217.2641455
      7.941182481
      4.095740753
    -0.5810870084
     -17.91140091
     -254.8367668
     -55.94816040
      14.99662407
     -1.218498161
      1.776719589
      76.38472214
     -180.4409912
      25.98254466
     -1.529917825
     0.9954560683
      144.4231483
     -224.2497455
      20.15086906
    -0.9702343142
    -0.4842395444
     -160.9243027
     -61.75087239
     -12.73559203
     0.1151141715
     0.1119650858
      80.67024163
      214.3367843
     -61.72534583
  0.0009304924752
   -0.01585622073
     -22.37892253
      30.83487076
     -76.15380447
     -3.877661146
   0.001177949488
      1.949836449
     -247.8610915
     -23.80422043
     -10.66037044
  5.198284310E-05
      1.281826897
      247.9138453
      96.48459728
     -14.55816577
 -3.095727428E-05
    -0.7486213336
     -144.5810932
      140.5756603
     -8.555816601
    0.05000000000
     0.1000000000
     0.1500000000
     0.2000000000
     0.2500000000
   Q=    0.0000
