      0.000000000
      0.000000000
      0.000000000
      0.000000000
      0.000000000
     -10.50842304
      5.929770391
     -2.209364700
     0.5134886171
   -0.05844771685
      20.29442991
     -1.706190639
     -1.713677708
     0.9061365903
    -0.1512881983
      164.2477873
      2.848329175
     -11.17403367
      4.132159044
    -0.5742093525
     -146.6119198
      38.81101025
     -36.37420595
      12.46790199
     -1.620955911
      53.09284813
     -49.38146572
     -98.67170468
      34.28671083
     -4.145963667
     -12.21593859
     -202.4053607
     -243.4548480
      78.86470561
     -9.152996026
    -0.4523672077
     -46.70305823
     -387.4323995
      146.0216719
     -18.10882037
      1.118978073
      154.5185093
     -230.0378218
      220.5263194
     -32.95077961
    -0.4011791162
     -129.2305013
      198.2010845
      255.0481228
     -55.19757687
    0.08760135493
      64.91231062
      188.6029678
      142.4157375
     -84.81441455
   -0.01283674975
     -20.51154413
     -172.8525857
     -125.7819495
     -117.9539531
   0.001166672950
      3.557374654
      1.244743646
     -201.2920324
     -136.1555934
 -2.337064419E-05
     0.1079710633
      67.50467295
      109.4314838
     -108.0378369
 -1.286828509E-05
    -0.2914003772
     -50.95485035
      230.1894537
     -41.59208440
    0.05000000000
     0.1000000000
     0.1500000000
     0.2000000000
     0.2500000000
   Q=    0.0000
