      0.000000000
      0.000000000
      0.000000000
      0.000000000
      0.000000000
     -9.604640049
      3.032388888
    0.08012526264
    -0.2902935365
    0.05140083778
     -15.63871538
     -2.412209649
      2.792217431
    -0.7918234522
    0.07733835017
      3.484427947
     -12.17654882
      5.346398233
     -1.103889613
    0.07819679800
      6.113276863
     -19.36629208
      8.886590164
     -1.238598866
  -0.002144521878
     -3.867912286
     -19.88308562
      13.17369126
     0.7152229565
    -0.3582761044
     0.3073076224
      5.872471440
      15.03536852
      8.797663298
     -1.026795686
     0.4166882272
      29.70934273
      13.47445014
      28.27691670
     -1.345603243
    -0.1982050449
     -30.43999473
      8.235324957
      58.53232830
     0.9025197031
    0.05091429269
      17.02175138
      2.506666045
      78.98742849
      8.982522058
  -0.008851159694
     -6.185476318
      5.731361938
      52.37821791
      23.18095668
   0.001075911762
      1.482075640
     -11.25256623
     -22.52744837
      35.70736007
 -7.489961909E-05
    -0.1393403426
      14.59713658
     -58.86902147
      34.31770077
 -3.167972258E-06
   -0.07283912748
     -14.47669013
      18.17920764
      18.18528477
  1.995343785E-06
    0.04856982954
      10.41526455
      68.63622453
      3.547693587
    0.05000000000
     0.1000000000
     0.1500000000
     0.2000000000
     0.2500000000
   Q=    0.0000
