    -0.1296828108
     0.1062942177
   -0.03479181643
   0.003548531264
  0.0001824062471
    -0.5393761231
     0.1825562868
  -0.008658589250
  -0.008442770278
   0.001228318146
     -2.374119384
     0.2776114889
    0.03541180000
   -0.01596370742
   0.001106222451
     -3.010077717
    -0.5374020788
     0.2287006857
   -0.02726662422
 -0.0002475251394
    -0.7484618485
     -1.912637139
     0.2730123468
    0.01767705877
  -0.007253074336
     0.9388057789
     -3.203891889
   -0.02932331179
     0.1411418052
   -0.02043363159
    -0.4063894287
     -2.804035309
    -0.9812997648
     0.3875708372
   -0.04139788009
    0.07422194091
      1.471153898
     -2.247589580
     0.6971247703
   -0.06254027512
   0.001229743380
      1.186942032
     -2.143209187
     0.8629488090
   -0.07156046544
  -0.004319127317
     -1.697496946
    -0.1201808772
     0.5758278411
   -0.06281560861
   0.001254366507
     0.9470099011
      1.944351817
    -0.3780406500
   -0.06372769506
 -0.0002097824186
    -0.3046868811
     0.1493882784
     -1.323233980
    -0.1348679208
  2.176789920E-05
    0.05040539068
     -2.263847559
    -0.7487873286
    -0.2686859999
 -8.849826709E-07
   0.003930440936
      2.334204441
      1.434109372
    -0.3138045360
 -1.558772749E-07
  -0.005468061257
     -1.368414982
      2.060333325
    -0.1616313149
    0.05000000000
     0.1000000000
     0.1500000000
     0.2000000000
     0.2500000000
   Q=    0.0000
