    -0.1188253172
     0.1086630019
   -0.04464871832
   0.008405148562
 -0.0005080009482
    -0.4123508796
     0.1858665717
   -0.04065948069
   0.001752420022
  0.0005558054739
     -1.238236842
     0.3801291836
   -0.08108225019
   0.003721911678
   0.001185592324
     0.7536021206
     0.3989226657
   -0.02912758940
   -0.02963815613
   0.005620224054
      2.971220279
      1.509616337
     0.1072330192
   -0.09857352182
    0.01111553674
     -1.767763069
      3.047990314
     0.8878663301
    -0.2247406511
    0.01589059249
     0.5846649591
      2.815749505
      2.378710075
    -0.2549392514
    0.01478546026
   -0.08946563922
    -0.2947017997
      3.627046246
    0.05417344646
    0.02834474758
  -0.004505441371
     -2.354533355
      2.611002003
     0.8721944649
     0.1286399584
   0.006001379207
      2.412841478
    -0.5497029283
      1.828455174
     0.4430044898
  -0.001656160657
     -1.262007569
     -1.752257876
      1.999652949
      1.033021763
  0.0002763633900
     0.4083694531
   -0.03976969001
     0.7036426309
      1.680912042
 -2.976769768E-05
   -0.07449860484
      2.328452134
     -1.140633825
      1.857190998
  1.507148749E-06
  -0.001130292584
     -2.611626409
    -0.9067090886
      1.249741748
  1.490490394E-07
   0.006035245862
      1.654962524
     0.3899910796
     0.3859226476
    0.05000000000
     0.1000000000
     0.1500000000
     0.2000000000
     0.2500000000
   Q=    0.0000
