      0.000000000
      0.000000000
      0.000000000
      0.000000000
      0.000000000
      1.007516017
   -0.09318059979
    -0.2136439841
     0.1079341783
   -0.01652048845
      3.372699958
     0.7032823981
    -0.8063623251
     0.2590379728
   -0.03042466452
      9.548429019
      2.950962715
     -2.097981954
     0.5769394353
   -0.05946616994
     -11.74896284
      6.927367973
     -4.919337710
      1.190041991
   -0.09871739372
      4.846423597
    -0.4844860200
     -10.62790777
      2.081237845
    -0.1254958863
     -1.052381910
     -17.78838309
     -22.11292499
      2.685253462
    -0.1170017137
    -0.1095504457
     -9.017472791
     -32.74030212
      1.425977445
    -0.1571962711
     0.1279621511
      18.28528382
     -20.09390244
     -2.045490132
    -0.6179936249
   -0.04245648013
     -13.82560237
      13.24582710
     -4.290977247
     -2.033109085
   0.008857622566
      6.478549706
      14.01838131
     -2.741212741
     -4.499138881
  -0.001256844043
     -1.950310138
     -10.88258314
    -0.8115558251
     -7.082802314
  0.0001098126163
     0.3123680222
     -3.447305722
     0.6208382720
     -7.902940821
 -1.171670902E-06
    0.02612538786
      8.932611349
      2.428370448
     -5.617677997
 -1.490113566E-06
   -0.03498771203
     -6.682837505
      1.159836720
     -1.888461248
    0.05000000000
     0.1000000000
     0.1500000000
     0.2000000000
     0.2500000000
   Q=    0.0000
