 -7.912370223E-09
  7.314986633E-09
 -4.013691101E-09
  1.262868929E-09
 -1.702297015E-10
 -2.077006912E-08
  1.991046564E-08
 -1.034618607E-08
  2.823135376E-09
 -3.034375503E-10
 -1.738447992E-07
  8.587864473E-08
 -3.342229642E-08
  7.136459573E-09
 -5.868343889E-10
  1.118227781E-09
  1.951824384E-07
 -6.528466148E-08
  9.296998308E-09
 -3.125164961E-10
  6.088552770E-07
  5.602452638E-07
 -9.780203811E-08
  2.306941138E-09
  9.747594095E-10
 -3.296845518E-07
  1.040247974E-06
  1.024116007E-08
 -3.093334477E-08
  3.606343377E-09
  1.182513587E-07
  4.852533062E-07
  3.908202733E-07
 -8.262706116E-08
  5.901013073E-09
 -2.408438824E-08
 -5.209354622E-07
  7.676796076E-07
 -1.105733221E-07
  5.656696960E-09
  1.678237993E-09
 -2.379694083E-08
  6.065266508E-07
 -8.369332942E-08
  1.429113256E-09
  6.051886845E-10
  2.631195597E-07
 -2.991475100E-07
 -2.356356470E-08
 -8.092339745E-09
 -2.469664335E-10
 -1.939553160E-07
 -6.581178619E-07
  8.396085268E-10
 -2.442642563E-08
  4.986324898E-11
  7.965362724E-08
  6.680671404E-07
  5.108102945E-08
 -4.521100228E-08
 -6.666389467E-12
 -2.099452415E-08
 -1.966924015E-07
  1.477674555E-07
 -5.050697625E-08
  5.860613833E-13
  3.191534348E-09
 -8.580391065E-08
 -1.262191335E-07
 -2.532052739E-08
 -2.153237676E-14
  4.500954028E-11
  1.178904886E-07
 -2.970204063E-07
 -2.742210874E-09
    0.05000000000
     0.1000000000
     0.1500000000
     0.2000000000
     0.2500000000
   Q=    0.0000
