      0.000000000
      0.000000000
      0.000000000
      0.000000000
      0.000000000
    -0.5899567679
     0.1524192007
    0.03091869563
   -0.02502688796
   0.003733245426
     -1.717033370
    -0.1811533468
     0.2320889580
   -0.05864559921
   0.004699777247
     -4.017039715
     -1.296424798
     0.4971231644
   -0.07105908653
   0.003167913206
    -0.8543460138
     -3.954676656
     0.6334451785
   -0.02448718361
  -0.001473775075
     0.8482541869
     -5.926793394
    -0.1579995544
     0.1530461560
  -0.004200900170
    -0.3506420837
     -3.595272054
     -2.480171076
     0.4282735543
    0.02602481296
    0.02807508144
     0.6604452193
     -5.472928065
     0.6533707193
     0.1718316123
    0.02182811542
      3.164241959
     -6.005836588
     0.6650324581
     0.6065655779
   -0.01021223497
     -3.388309842
    0.08786599185
     0.4484731743
      1.563658689
   0.002388901578
      1.752956263
      5.894838218
     0.1293807505
      3.085039724
 -0.0003497242622
    -0.5212887512
     -1.846066141
    -0.7770072792
      4.568615388
  2.880382872E-05
    0.06547520878
     -3.256893514
     -1.535961256
      4.741994534
  4.065767340E-07
    0.01867854490
      4.164267811
      1.734862262
      3.007157366
 -5.621535519E-07
   -0.01359173188
     -2.606645034
      4.554131347
     0.8473786508
    0.05000000000
     0.1000000000
     0.1500000000
     0.2000000000
     0.2500000000
   Q=    0.0000
