      0.000000000
      0.000000000
      0.000000000
      0.000000000
      0.000000000
     -3.792304703
      2.494010728
     -1.010193943
     0.2071225942
   -0.01358240373
      2.308972177
      3.249220379
     -1.794425287
     0.3433154913
   -0.01257536653
      65.35524294
      11.36095824
     -5.678407287
     0.8497507625
  -0.005991301755
     -57.86287492
      43.83606505
     -13.80544643
      1.470472823
    0.09014569586
      22.26070683
      13.96425996
     -28.59987741
      2.163495611
     0.4543172107
     -4.570518007
     -83.58154063
     -75.55946528
      1.569182543
      1.586064656
    -0.4925636262
     -36.46021737
     -139.9839537
     -6.423914900
      4.321909410
     0.5507151651
      77.39674490
     -101.3299492
     -19.98865884
      9.617322368
    -0.1814109024
     -59.04289658
      56.93190040
     -16.87886136
      18.97832133
    0.03783252390
      27.90294256
      73.51665849
      8.042203237
      33.28696234
  -0.005392987166
     -8.511818538
     -60.35540700
      10.76593170
      47.08278209
  0.0004796778411
      1.427020154
     -5.127403998
     -12.07849001
      47.29800107
 -7.559417927E-06
    0.07533897300
      32.76949029
      7.025325473
      29.02125281
 -5.922561737E-06
    -0.1378937555
     -25.88134464
      32.54132521
      8.008438254
    0.05000000000
     0.1000000000
     0.1500000000
     0.2000000000
     0.2500000000
   Q=    0.0000
