    -0.2770801423
     0.2428059508
   -0.08822383176
    0.01247295822
 -0.0002199378302
     -1.336676426
     0.5023126639
   -0.06587284647
  -0.008155249963
   0.002043014133
     -5.384078237
     0.8831862876
   -0.03280572119
   -0.01923491423
   0.002586632427
     -8.386187721
    -0.1078068283
     0.2798800327
   -0.06375870923
   0.005498864114
     0.3706233144
     -1.959497878
     0.4927357152
   -0.08557544546
   0.007855204764
      1.274343968
     -3.000281918
     0.4601554587
    -0.1492664055
    0.01793956837
    -0.5888301653
     -4.539380409
    -0.3332090259
    -0.3844954810
    0.04023816408
    0.07576212797
    -0.5677930889
     -3.061268417
     -1.220287713
    0.06432425793
    0.01909167739
      4.815178074
     -5.483732030
     -3.234405238
   0.003828849876
   -0.01120423873
     -4.353136463
     -2.651819052
     -5.635467770
    -0.3191620944
   0.002705531213
      2.058793718
      4.123880748
     -5.397640458
    -0.9676788038
 -0.0004012452257
    -0.5698650296
      2.198095277
    -0.7105622208
     -1.585690635
  3.413396949E-05
    0.05936876213
     -6.807885012
      3.458568754
     -1.564260309
  1.622438084E-07
    0.02618411882
      6.379268259
      1.439023786
    -0.8652064251
 -5.952138445E-07
   -0.01673687684
     -3.699695484
    -0.9486529099
    -0.2080172289
    0.05000000000
     0.1000000000
     0.1500000000
     0.2000000000
     0.2500000000
   Q=    0.0000
