      0.000000000
      0.000000000
      0.000000000
      0.000000000
      0.000000000
    -0.8590731924
     0.1644318426
    0.09527976707
   -0.05404082528
   0.007688931263
     -3.070054838
    -0.3558572251
     0.4560316155
    -0.1217508729
    0.01050633198
     -8.056536954
     -2.327775885
      1.086052691
    -0.1925715630
    0.01056614171
      2.981324308
     -6.739955166
      1.871015385
    -0.2122775765
  -0.001569807629
    -0.6098697365
     -6.541247050
      2.281679459
   -0.03679907675
   -0.04549201562
   -0.07093285705
      1.112341374
      2.995446441
     0.5785863737
    -0.1487711289
    0.07006195281
      3.821742691
      3.531623395
      2.065485232
    -0.3302749807
   -0.01678653059
     -2.332048485
     0.5605316138
      4.041165204
    -0.5618511395
   0.002133493597
     0.6468092704
     -3.181326759
      4.292316874
    -0.8223115896
 -0.0001544102896
    -0.1244333689
     0.9465030668
      1.073423782
     -1.185802247
  1.197676735E-05
    0.05107939483
      2.297978023
     -2.956130291
     -1.675424758
 -3.648094540E-06
   -0.03231245393
     -3.122494441
     -2.717993325
     -1.965150609
  9.835762252E-07
    0.01438925667
      2.047572760
      2.224810215
     -1.573693516
 -1.702109595E-07
  -0.004370792338
    -0.8342361842
      4.066654716
    -0.6252542200
    0.05000000000
     0.1000000000
     0.1500000000
     0.2000000000
     0.2500000000
   Q=    0.0000
