      0.000000000
      0.000000000
      0.000000000
      0.000000000
      0.000000000
      2.574237792
    -0.7815408593
   -0.05339683718
    0.09151942566
   -0.01600045644
      7.529081682
     0.2028680741
    -0.8301560947
     0.2655958098
   -0.02886348469
      14.62671672
      3.592971815
     -2.106070248
     0.4952923125
   -0.04628541852
     -6.691233891
      10.24299847
     -4.173856917
     0.8496824905
   -0.06939977313
      1.601895967
      9.040536489
     -6.738951884
      1.209582107
   -0.08934060531
   -0.01428084680
     -3.392434763
     -10.41466745
      1.288006862
    -0.1354524614
    -0.1239792103
     -7.389156865
     -11.78493844
     0.4114848499
    -0.3598748083
    0.04089169822
      5.747268612
     -2.733411930
     -1.258276016
     -1.175390752
  -0.008103083620
     -2.526403983
      8.998547946
     -1.766038979
     -3.117740661
   0.001258338783
     0.9434937515
    -0.1766787626
    -0.1995182967
     -6.212938926
 -0.0001692265949
    -0.3254525782
     -5.912437817
      1.239063307
     -9.189162714
  2.014604882E-05
    0.09875961076
      5.503568208
      1.467192511
     -9.635124962
 -2.054508019E-06
   -0.02466861455
     -2.888439253
     -1.662353130
     -6.323884313
  1.617995458E-07
   0.004636308383
     0.9512658220
     -5.115191520
     -1.905527431
    0.05000000000
     0.1000000000
     0.1500000000
     0.2000000000
     0.2500000000
   Q=    0.0000
