      16.37479482
     -13.68240411
      6.581762134
     -1.813925158
     0.2191030199
      34.31699824
     -29.17592482
      13.23259209
     -3.358601041
     0.3715912006
      277.5584718
     -106.2075189
      38.90639692
     -9.143596556
     0.9662546103
     -352.2802957
     -142.2700386
      71.86257345
     -16.49884292
      1.597957905
     -368.6729115
     -479.9299322
      151.2938722
     -27.81592300
      2.407253661
      244.4954279
     -666.5918072
      166.5907745
     -29.96084813
      2.744034181
     -86.27797755
     -235.5730308
      67.72332724
     -19.36498714
      2.399174057
      14.62120536
      98.76252279
     -212.8094707
      20.08839921
   -0.07205337221
     0.3609081948
      309.9465852
     -532.1298039
      77.56400482
     -5.920081048
    -0.8786739380
     -360.1482138
     -150.0521798
      107.1461502
     -18.46016322
     0.2531895633
      195.7837051
      566.2613850
      53.11146646
     -41.69613435
   -0.04287555979
     -64.07450279
     -126.3001686
     -146.6497700
     -76.13944317
   0.004657093683
      11.78840286
     -327.2426561
     -269.9763405
     -111.7655127
 -0.0002449116362
    0.05161186831
      383.9181675
      199.6088309
     -114.6473883
 -2.023043012E-05
    -0.8576967611
     -232.7584442
      540.2339654
     -56.97465835
    0.05000000000
     0.1000000000
     0.1500000000
     0.2000000000
     0.2500000000
   Q=    0.0000
