      0.000000000
      0.000000000
      0.000000000
      0.000000000
      0.000000000
  -0.004456416159
   -0.01106691464
   0.009556567656
  -0.002754641559
  0.0002335315934
   -0.03008291872
   -0.05002806942
    0.02271912282
  -0.002650038786
 -0.0001924911850
    -0.2970195406
    -0.1703906647
    0.03310403013
   0.004312165481
  -0.001476335535
    -0.3766352421
    -0.5125259465
   -0.01566300607
    0.03210571105
  -0.004389936288
     0.2068937520
    -0.9148552904
    -0.2793015981
    0.09630339464
  -0.008631224114
   -0.06633869139
    -0.7487865794
    -0.8623516269
     0.1912519872
   -0.01138790739
   0.001906569264
   -0.08484106106
     -1.442235544
     0.2807515321
  -0.005636225067
   0.005161968476
     0.7425076396
     -1.191534616
     0.3238270530
    0.02247756776
  -0.002121000058
    -0.6978240871
     0.3603021265
     0.2904760289
    0.09181180051
  0.0004806612925
     0.3537437708
      1.105558617
     0.1282992882
     0.2048159067
 -7.028561721E-05
    -0.1074000123
    -0.5651097443
    -0.2393853121
     0.3085591506
  6.019686001E-06
    0.01550804071
    -0.4107433362
    -0.3962299257
     0.3006500909
  2.850631024E-09
   0.002589491225
     0.6678826670
     0.3485200266
     0.1597812071
 -9.774352712E-08
  -0.002334268940
    -0.4425006788
     0.8176609157
    0.02829640668
    0.05000000000
     0.1000000000
     0.1500000000
     0.2000000000
     0.2500000000
   Q=    0.0000
