      3.777428975
     -3.366741866
      1.636803454
    -0.4384845885
    0.05040499439
      12.24287249
     -8.252337538
      3.272538708
    -0.7479124061
    0.07702704282
      79.08737998
     -26.34625548
      8.558441337
     -1.918196484
     0.2058087975
      23.62972645
     -32.22319111
      13.95198615
     -3.432793342
     0.3766779985
     -52.99637181
     -64.96757435
      27.62231514
     -6.676928726
     0.7284304206
      21.19684172
     -56.64636136
      38.60487044
     -10.98541902
      1.295058022
     -5.506572625
      48.13690280
      43.43713939
     -16.90751460
      2.274750559
     0.8774079929
     -21.76234228
      19.99627987
     -20.98150393
      3.862698718
   0.002521395630
      23.52499711
     -56.51678643
     -18.80640968
      6.670647955
   -0.04609837120
     -21.66800700
     -24.14366605
     -5.593819466
      11.53359704
    0.01451331203
      12.17011251
      71.83408122
      23.30075287
      18.91456881
  -0.002724136309
     -4.524685425
     -50.19049678
      21.85028311
      26.48728081
  0.0003559798586
      1.156133017
      15.62096690
     -32.02738107
      25.83374216
 -3.199071679E-05
    -0.1861010812
      1.360121678
     -7.778766981
      13.05618156
  1.456246065E-06
   0.006005958852
     -4.098145475
      54.21136985
      1.538576772
    0.05000000000
     0.1000000000
     0.1500000000
     0.2000000000
     0.2500000000
   Q=    0.0000
