      4.072748271
     -4.020571106
      2.054052659
    -0.5604602916
    0.06445887336
      16.54028020
     -10.06056767
      3.785149398
    -0.8227398629
    0.07940727642
      74.19960336
     -26.39010111
      8.799163017
     -1.929638161
     0.1944209032
      29.24035019
     -34.63522665
      13.25479409
     -2.755394516
     0.2454884441
     -59.30229314
     -67.73496289
      20.71624526
     -3.508763608
     0.2564983868
      24.17451885
     -71.25624638
      16.74880230
     -1.868398852
    0.01096842033
     -7.202246644
      11.10239789
    -0.4900938070
      3.945906849
    -0.7869815752
      1.450721081
      17.45521467
     -22.49402590
      18.29797149
     -2.746382081
    -0.1310878188
    0.09364413951
     -29.71357729
      41.68831136
     -6.409573083
   -0.02343577896
     -11.71353381
      20.31984715
      60.17972741
     -12.09555593
    0.01202868580
      9.554149868
      35.71320131
      43.75578950
     -19.62933810
  -0.002635707180
     -4.253323409
     -41.37882071
     -20.64773774
     -27.73062682
  0.0003856221099
      1.266706221
      19.90872642
     -55.41846574
     -32.21932134
 -4.042882578E-05
    -0.2635184493
     -5.208915289
      17.49914169
     -26.08583562
  2.852635300E-06
    0.03455289029
     0.4615636299
      59.21469197
     -10.35072245
    0.05000000000
     0.1000000000
     0.1500000000
     0.2000000000
     0.2500000000
   Q=    0.0000
