      0.000000000
      0.000000000
      0.000000000
      0.000000000
      0.000000000
    0.07935950772
  -0.009415038251
   -0.01758481249
    0.01000210375
  -0.001701751129
     0.1645948391
    0.05576932260
   -0.07107540981
    0.02729851257
  -0.003687463736
    0.03144330845
     0.1521121370
    -0.2050643815
    0.07147263199
  -0.007874690149
     -2.112713332
   -0.03212957586
    -0.6078995839
     0.1691502788
   -0.01216484922
      1.051970534
     -1.739686167
     -1.735275140
     0.3058691623
  -0.006194042207
    -0.2739080828
     -3.822142147
     -4.187530829
     0.3097471474
    0.03185974870
   -0.01358593242
     -1.590783376
     -6.751591092
    -0.2005227469
     0.1260749300
    0.02913751493
      4.210958904
     -5.146256735
     -1.300889270
     0.2843047423
   -0.01041478375
     -3.421377643
      1.828920146
     -2.043375575
     0.5102342752
   0.002231454353
      1.631009834
      4.031242277
     -1.253047449
     0.8193749105
 -0.0003177113093
    -0.4837026019
     -2.113761793
     0.2529488626
      1.144816632
  2.695623776E-05
    0.07036893053
     -1.763497486
     0.6809291985
      1.217767326
 -3.557755876E-09
    0.01101985061
      2.904318563
     0.5245458123
     0.8258603205
 -4.355165711E-07
   -0.01039940666
     -2.011691999
     0.6105592266
     0.2587249249
    0.05000000000
     0.1000000000
     0.1500000000
     0.2000000000
     0.2500000000
   Q=    0.0000
