      11.47698696
     -12.26961810
      6.082378116
     -1.497060215
     0.1460534709
      56.21234093
     -27.01655160
      7.433559366
    -0.9795512989
    0.03501993307
      153.6042141
     -41.72762765
      9.636968070
     -1.453774254
     0.1020861476
      180.5249162
     -14.48229501
     -2.108348590
      1.423664308
    -0.2243781034
      95.60137600
      73.86823877
     -28.74146974
      6.646165299
    -0.7287053922
     -88.49531990
      217.2523033
     -64.10093792
      14.80636439
     -1.777278529
      33.32355766
      163.4052455
     -60.15608688
      25.64787516
     -4.127056282
     -5.055809141
     -16.91520083
      45.05240935
      41.87915946
     -9.622438219
    -0.5123440466
     -178.3533540
      250.8372686
      67.76403988
     -21.41670125
     0.4501762009
      180.3052756
      148.2706179
      93.17197164
     -42.51117354
    -0.1175075205
     -90.75705703
     -267.0109878
      64.31596842
     -71.72365738
    0.01856697121
      27.26766766
    -0.7092023956
      13.53106826
     -97.40020896
  -0.001805191253
     -4.017048790
      217.2380536
      29.12822037
     -93.27871760
  5.282801816E-05
    -0.5660851682
     -222.9564445
     -64.48660650
     -49.63570785
  1.725981233E-05
     0.5499658125
      130.5154992
     -186.0604162
     -8.164302405
    0.05000000000
     0.1000000000
     0.1500000000
     0.2000000000
     0.2500000000
   Q=    0.0000
