      0.000000000
      0.000000000
      0.000000000
      0.000000000
      0.000000000
      58.98649560
     -34.13043014
      13.02892874
     -2.960971843
     0.3032131003
      103.2381884
     -39.99841517
      14.01204985
     -3.140129745
     0.3186039038
     -50.38149105
     -61.61427349
      28.81640252
     -6.729792159
     0.6724467841
      29.92006782
     -121.8724454
      48.03155016
     -10.68234355
      1.029921077
     -18.39783971
     -37.16343531
      66.48674227
     -17.83336199
      1.727032064
      5.878969669
      170.4214105
      106.7109208
     -29.14260722
      2.641294372
    -0.1924733280
     -25.81621790
      134.7239583
     -39.52103189
      3.875520267
    -0.3761651762
     -48.60261618
      31.93564544
     -43.94263809
      6.324001262
     0.1457997690
      45.86026182
     -57.69337336
     -38.43360518
      12.07542588
   -0.03141049830
     -22.02498110
     -6.194812789
    -0.6383689976
      23.97584684
   0.004382615391
      6.270585810
     -11.91897665
      45.49245030
      41.99474146
 -0.0003467082848
    -0.7420451364
      50.84946737
      17.66386639
      54.12966048
 -6.095723692E-06
    -0.2338763846
     -52.13219999
     -38.28704346
      42.97642219
  6.844268673E-06
     0.1623060452
      31.04571829
     -25.46388199
      15.61253635
    0.05000000000
     0.1000000000
     0.1500000000
     0.2000000000
     0.2500000000
   Q=    0.0000
