    -0.7391548428
     0.6994871244
    -0.3092221200
    0.06631788045
  -0.005238073014
     -2.528798436
      1.284105752
    -0.3594565337
    0.04276271524
  0.0002415068055
     -7.978212717
      2.986078338
    -0.8196722834
    0.09614810149
   0.001088187840
      2.876337419
      4.196689003
    -0.8010681115
   -0.07552625962
    0.02941760266
      17.02517515
      11.81099970
    -0.2940438788
    -0.4927074298
    0.07330133578
     -9.694039866
      19.80284314
      3.921610206
     -1.394445354
     0.1391344960
      3.217428624
      13.28275029
      11.94819344
     -2.204758274
     0.2101126073
    -0.5230645267
     -3.412720177
      18.37751555
     -2.003002716
     0.3608098886
   -0.01107774118
     -10.73160787
      13.66215878
     0.1764550236
     0.8167346311
    0.02969272813
      12.06662059
     -3.479127708
      3.870140571
      1.978616671
  -0.008606565833
     -6.576357951
     -10.83021086
      6.456274818
      4.036160402
   0.001479384456
      2.206179042
      2.411001203
      4.819894614
      6.272020179
 -0.0001658164795
    -0.4328009138
      9.950901270
     -1.417945083
      6.927184067
  9.682213003E-06
    0.01058260735
     -12.19123354
     -5.659917231
      4.830964334
  5.366479433E-07
    0.02671436080
      7.863418824
     -3.409611832
      1.603337781
    0.05000000000
     0.1000000000
     0.1500000000
     0.2000000000
     0.2500000000
   Q=    0.0000
