      0.000000000
      0.000000000
      0.000000000
      0.000000000
      0.000000000
      73.39319797
     -33.65526701
      8.005432172
    -0.5784955595
   -0.05992511938
      217.0818240
     -22.61836340
     -7.645819155
      3.378162366
    -0.3690839617
      284.9587059
      76.61206584
     -33.98050303
      5.416361261
    -0.2230294001
     -9.016874099
      291.3571949
     -52.38649887
      1.825235669
     0.5079340046
     -28.48341952
      492.6464773
    -0.5601311372
     -16.86349184
      2.421906550
      21.15969371
      245.5863174
      195.7460136
     -55.25848013
      5.456420407
     -4.336912556
     -225.1872763
      420.0132668
     -99.23325233
      8.602857456
    -0.2235525906
     -18.86359918
      379.9015671
     -126.6236397
      9.859531912
     0.3606235778
      117.2622867
     -110.1157197
     -108.6595101
      5.498208375
    -0.1052207459
     -79.38112560
     -390.8045522
     -33.25114351
     -6.498708127
    0.01756967522
      27.95164435
      273.9533470
      90.39339682
     -21.00484673
  -0.001731935367
     -4.976763304
      25.09416511
      125.2388091
     -23.52300540
  4.000663582E-05
    -0.2940340993
     -137.0850987
     -122.3594096
     -10.09392630
  2.004925185E-05
     0.5110191696
      102.2910686
     -214.8513422
    -0.5694023368
    0.05000000000
     0.1000000000
     0.1500000000
     0.2000000000
     0.2500000000
   Q=    0.0000
