    -0.1750040915
     0.1548359645
   -0.06083376735
    0.01070912594
 -0.0006011924496
    -0.7016572443
     0.2907070955
   -0.05245706063
  0.0008091536241
  0.0005101550999
     -2.993251876
     0.5783381540
   -0.07508151814
   0.005856662580
 -0.0004692387924
     -3.694355373
   -0.02131756119
    0.06252261701
  -0.004131893107
 -0.0004846421311
    -0.6980335665
     -1.166534812
    0.04064499190
    0.03159655670
  -0.003234896248
      1.086500563
     -2.874211559
    -0.3258598621
    0.09743297999
  -0.002721504073
    -0.4661517273
     -3.827189605
     -1.470817332
     0.1606562831
   0.007955654787
    0.07763180322
      1.272872184
     -3.003449418
    0.04205373815
    0.04196164988
   0.004685694352
      1.888513823
     -2.612376606
    -0.4225592429
     0.1001737551
  -0.005735682871
     -2.231440393
    -0.2618627871
     -1.074249446
     0.1576225089
   0.001555858284
      1.171612808
      1.939190683
     -1.521096619
     0.1570417859
 -0.0002500640200
    -0.3589646792
     0.7836751053
     -1.065550553
    0.03905723918
  2.450331972E-05
    0.05263724786
     -3.247314755
     0.3986051445
    -0.1405221671
 -6.956925005E-07
   0.008367045160
      3.178991594
      1.386076101
    -0.2073740793
 -2.445597960E-07
  -0.007785546679
     -1.861853264
      1.062302081
    -0.1059310739
    0.05000000000
     0.1000000000
     0.1500000000
     0.2000000000
     0.2500000000
   Q=    0.0000
