      0.000000000
      0.000000000
      0.000000000
      0.000000000
      0.000000000
      167.2717013
     -94.44574263
      35.09040291
     -7.754541089
     0.7742692787
      230.6065458
     -79.97376774
      25.28974300
     -5.429211321
     0.5641146025
      327.3013289
     -108.9874015
      42.56700988
     -11.02752090
      1.289702822
      8.250571908
      49.63986164
      28.49929520
     -14.25113016
      1.972545807
     -56.68374365
      329.9630283
      49.42447146
     -30.34887050
      3.936381241
      26.32380386
      387.7128764
      112.2440369
     -56.02829211
      6.501183785
     -2.181669367
     -91.63125622
      213.6600022
     -94.06629061
      9.468682111
     -1.628334173
     -237.8732524
      280.0754998
     -117.1470818
      9.820499096
     0.7444589952
      248.0412465
      132.8740025
     -74.02798464
      5.024570071
    -0.1681624152
     -120.9259933
     -313.7060908
      48.58033551
     -3.929329469
    0.02332835890
      32.55529313
     -81.29189568
      144.4681911
     -9.897169844
  -0.001656961925
     -2.431770179
      399.7107791
      98.76521807
     -4.989260975
 -9.236675072E-05
     -2.048946646
     -381.7265350
     -159.6175027
      9.083769152
  4.742347703E-05
      1.135938903
      216.2823329
     -307.4308218
      11.29220334
    0.05000000000
     0.1000000000
     0.1500000000
     0.2000000000
     0.2500000000
   Q=    0.0000
