     0.5346692106
    -0.4812363768
     0.1967002294
   -0.03713878392
   0.002292855919
      1.749899589
    -0.8025860382
     0.1789263778
  -0.009075064455
  -0.002141406218
      5.695877425
     -1.718400752
     0.3728008108
   -0.02287509416
  -0.004108944522
     -3.809188268
     -1.627685440
     0.1524270267
     0.1089114714
   -0.02136301030
     -12.11225182
     -6.324988032
    -0.3040395068
     0.3596581317
   -0.04019293843
      7.297097346
     -12.24858005
     -3.354288460
     0.8072182630
   -0.05100107403
     -2.401064245
     -10.98581989
     -9.169770791
     0.7539400065
   -0.02334381121
     0.3581267950
     0.1503774832
     -14.39898184
    -0.8745046067
   -0.02563820389
    0.02298251317
      10.56300264
     -11.42933234
     -4.853339482
    -0.3247614539
   -0.02587390372
     -10.40890618
      1.344001902
     -9.321588380
     -1.406052865
   0.007022770581
      5.363796825
      7.907550868
     -9.390416351
     -3.479641920
  -0.001161048557
     -1.715895113
     0.2934649638
     -2.201519009
     -5.678499595
  0.0001235983132
     0.3064504650
     -10.15467425
      5.889899686
     -6.115040305
 -5.977952586E-06
   0.008201708777
      11.30718600
      3.342505560
     -3.932685717
 -6.825162699E-07
   -0.02654185101
     -7.155322851
     -2.378850263
     -1.141011314
    0.05000000000
     0.1000000000
     0.1500000000
     0.2000000000
     0.2500000000
   Q=    0.0000
