      1.302938340
     -1.254739369
     0.5706786733
    -0.1281755805
    0.01110650062
      5.090876214
     -2.597270046
     0.7519303031
    -0.1055262338
   0.003950576290
      19.48905694
     -6.229158643
      1.649555151
    -0.2439186599
    0.01143695047
      18.23991488
     -7.736144968
      1.705598349
   -0.09117729200
   -0.01923023808
     -13.12492611
     -12.40330551
      1.662829366
     0.2477377349
   -0.07412320093
      3.402405210
     -13.12249200
    -0.5749346937
      1.301910642
    -0.2027303282
    -0.7858856606
      7.612372419
     -3.317297986
      3.496550264
    -0.3987750067
     0.2327258463
      6.167389306
     -1.019235490
      8.020295825
    -0.5261736211
   -0.06105224349
     -7.635982580
      3.388015305
      15.40942343
   -0.01035779140
    0.01146270199
      3.874550587
      8.008374562
      21.32005275
      2.144900829
  -0.001219522512
    -0.8464756066
      2.013462484
      16.74316731
      6.363824419
 -2.439766679E-05
    -0.1510059938
     -12.73198577
     -2.346337659
      10.82212336
  4.041600520E-05
     0.2096831733
      14.61006537
     -16.20286016
      11.55443154
 -9.744702843E-06
   -0.09997905759
     -10.47611787
      1.453772504
      7.066376634
  1.536228706E-06
    0.03234884124
      5.443163552
      16.32679809
      1.833002328
    0.05000000000
     0.1000000000
     0.1500000000
     0.2000000000
     0.2500000000
   Q=    0.0000
