      0.000000000
      0.000000000
      0.000000000
      0.000000000
      0.000000000
     -12.45126348
      4.464654613
    -0.3017514629
    -0.2657529806
    0.05802458953
     -30.74975561
     0.9180062652
      2.628947664
    -0.9841691933
     0.1208134136
     -32.05761604
     -8.973460042
      6.851031286
     -1.965097686
     0.2139987175
      30.28807521
     -18.73536346
      15.18335047
     -3.899399410
     0.3580025865
     -10.66436543
     -5.623479675
      31.36789958
     -6.286202882
     0.4669267575
      1.689060916
      25.71934559
      57.03570359
     -6.849726910
     0.5653094291
     0.4443970950
      33.74925878
      72.30417196
     -1.270111863
      1.137927721
    -0.3030168988
     -44.01027252
      38.78943813
      11.06833748
      3.656018996
    0.09007468056
      29.36672616
     -33.23391486
      20.34193275
      10.05079837
   -0.01795518189
     -13.18723674
     -25.82260304
      13.43434578
      20.23861805
   0.002521264007
      4.006143985
      28.44844709
     -4.040154211
      29.33679124
 -0.0002276885166
    -0.7092957620
     -2.101645316
     -12.19274135
      29.51131726
  5.044167983E-06
   -0.01186355085
     -11.98397228
      1.752987766
      18.40866369
  2.490725181E-06
    0.05749988338
      11.03436823
      14.86849344
      5.269233602
    0.05000000000
     0.1000000000
     0.1500000000
     0.2000000000
     0.2500000000
   Q=    0.0000
