      7.111888669
     -7.614981645
      3.880660690
     -1.004723930
     0.1057587238
      35.04985867
     -18.14579122
      5.701658373
    -0.9678052933
    0.06483582548
      108.8394640
     -34.70722969
      9.817687146
     -1.774214193
     0.1399595943
      114.2532402
     -33.34372238
      7.248472936
    -0.4978501402
   -0.06536354271
     -27.66289719
     -19.77560197
     -4.433923064
      3.198400161
    -0.4953209936
     -7.594476894
      20.60518639
     -36.15181370
      11.40416175
     -1.399758595
      4.881109714
      49.55982725
     -72.22878827
      23.31970213
     -3.063592106
    -0.4033638951
      15.31360979
     -52.86033034
      36.33193320
     -6.289767469
    -0.3329345649
     -69.09996562
      71.42824871
      47.30643873
     -12.64063136
     0.1484258103
      57.64093509
      108.8585353
      48.97577276
     -23.90886132
   -0.03241047919
     -24.93212420
     -88.74994399
      21.18122117
     -39.95373424
   0.004275172218
      5.823087213
     -43.42902524
     -9.917245338
     -54.65279837
 -0.0002643527705
   -0.09219384244
      110.9654107
      14.26235699
     -53.22243088
 -2.542605889E-05
    -0.5249635482
     -93.17724288
     -12.42825996
     -28.90307341
  9.768782762E-06
     0.2475099232
      49.02647157
     -88.16447947
     -4.768680860
    0.05000000000
     0.1000000000
     0.1500000000
     0.2000000000
     0.2500000000
   Q=    0.0000
