    -0.2272807444
     0.2235708286
    -0.1013028294
    0.02204652611
  -0.001758191749
     -1.077189370
     0.5282285438
    -0.1438033859
    0.01691194650
 -4.875458731E-05
     -4.095929934
      1.225264545
    -0.2834149434
    0.02984977339
  0.0005105248365
     -5.587339465
      1.664601652
    -0.2538605799
   -0.02537599945
    0.01056077157
      2.904363709
      2.617412791
   -0.06014089170
    -0.1766611823
    0.03311268614
    -0.5156959825
      3.590389777
     0.7405462103
    -0.5882529101
    0.08467777336
     0.1176921560
     -1.193605286
      1.762841593
     -1.497334111
     0.1757366772
   -0.06443654082
     -3.543557742
     0.5716541737
     -3.370029950
     0.2780001399
    0.02438262580
      3.908696677
     -2.674757268
     -6.476478068
     0.2333995686
  -0.005952493374
     -2.217809757
     -3.422494714
     -8.980327517
    -0.2491288537
  0.0009312871821
     0.7113700321
     0.9409740409
     -6.581750884
     -1.260239735
 -7.771976500E-05
   -0.08670520349
      3.446809259
      1.676896034
     -2.220244860
 -3.827377783E-06
   -0.04192080196
     -5.035496814
      6.347271226
     -2.160781799
  2.637634888E-06
    0.03166673040
      4.012303695
    -0.9363202201
     -1.057379692
 -5.328086851E-07
   -0.01207356096
     -2.227082491
     -5.820099473
    -0.1524189000
    0.05000000000
     0.1000000000
     0.1500000000
     0.2000000000
     0.2500000000
   Q=    0.0000
