    -0.1719919791
    -0.5882459697
     0.9479750675
    -0.4883014299
    0.08584709936
      29.54348885
     -20.08822242
      9.250535647
     -2.465703567
     0.2829640198
      215.3538866
     -75.60890266
      24.91387643
     -5.618293538
     0.6099545097
      614.1919126
     -160.6738421
      51.85841621
     -11.83346692
      1.257291773
     -48.67802272
     -181.4239119
      86.24007631
     -20.71909753
      1.998816174
     -92.25389248
     -47.53804070
      132.2144087
     -29.78769145
      2.060089005
      40.18579488
      533.0755623
      191.0931503
     -19.66993343
     -1.333948172
     -3.449898432
      90.78824364
      278.1464742
      59.14108958
     -12.65609117
     -1.964622461
     -423.5138307
      210.9179251
      261.0477100
     -34.77586818
     0.8907273751
      338.0739331
      194.3461476
      513.4722650
     -64.00588122
    -0.1961213983
     -145.6049356
     -67.17165979
      550.7002069
     -91.42755183
    0.02664958726
      35.31651573
     -426.8360634
      73.17289051
     -111.2218805
  -0.001841676267
     -1.302971459
      682.1017940
     -447.0517227
     -124.2149064
 -0.0001166892355
     -2.925061730
     -565.6409668
     -112.5238568
     -108.2140323
  5.640115221E-05
      1.486010596
      313.9831092
      251.3722059
     -46.34076385
    0.05000000000
     0.1000000000
     0.1500000000
     0.2000000000
     0.2500000000
   Q=    0.0000
