      0.000000000
      0.000000000
      0.000000000
      0.000000000
      0.000000000
    -0.3451678907
     0.1546221174
   -0.03376440200
   0.001134889147
  0.0005227586829
    -0.6489013037
   0.003583388117
    0.06172769418
   -0.02103670696
   0.002361439666
      1.287273449
    -0.5509069131
     0.1813828874
   -0.03557027226
   0.003098926189
      2.932772625
    -0.7377947146
     0.2685748638
   -0.06020273870
   0.005512415032
     -1.652891153
     0.4133400901
     0.5148472323
    -0.1251506697
   0.008309357812
     0.3689522661
      4.242684688
      1.490998406
    -0.2258353474
   0.003834781880
    0.05759415265
      5.017698743
      4.111538504
    -0.1859688261
   -0.02510795781
   -0.05769484538
     -8.702119306
      6.138951164
     0.4926929447
   -0.08974527894
    0.01858230073
      6.213683729
      1.524611433
      1.879075012
    -0.1511209986
  -0.003680250052
     -2.638454150
     -4.550058411
      2.658154528
    -0.1338912889
  0.0004748485794
     0.6647848180
     -2.263379176
      1.467546086
   -0.01562136034
 -3.161643863E-05
   -0.04777953138
      7.656853280
     -1.055807640
     0.1212680212
 -2.030865216E-06
   -0.04013101642
     -7.223221063
     -1.903506262
     0.1539309905
  9.490851568E-07
    0.02218667489
      4.178467594
     -1.601091653
    0.09421208579
    0.05000000000
     0.1000000000
     0.1500000000
     0.2000000000
     0.2500000000
   Q=    0.0000
