      3.878745146
     -4.523550827
      2.896967935
    -0.9130569038
     0.1047997198
      4.748312101
     -11.36135750
      6.864097839
     -1.606085847
     0.1023675501
      7.959019335
     -46.61065738
      20.46655134
     -3.315786136
    0.09515616834
     -231.0802857
     -135.4850643
      36.87040430
     -1.851021678
    -0.4168576699
     -343.6578111
     -383.5191467
      39.79075614
      6.967626351
     -1.605859429
      222.8627375
     -592.6075688
     -37.18207078
      30.02136736
     -3.765562209
     -79.97453701
     -344.4281558
     -210.8848925
      65.60005134
     -6.711908806
      13.87410299
      160.1019771
     -389.1528373
      103.9027294
     -9.873983519
     0.1240286958
      237.1849590
     -370.9073838
      116.0819751
     -11.79979922
    -0.7446784049
     -301.7074088
      21.19714394
      63.16682767
     -11.76099886
     0.2209348785
      168.7774458
      355.5874072
     -56.93542826
     -11.69307937
   -0.03809840383
     -56.63532395
     -74.67358065
     -169.0905929
     -16.14897739
   0.004232560642
      10.85163837
     -278.2407662
     -108.5850538
     -26.78281686
 -0.0002372129387
    -0.1251469517
      330.1922490
      194.0005302
     -32.30110836
 -1.569747121E-05
    -0.7249523642
     -205.3508043
      305.0145789
     -18.04709677
    0.05000000000
     0.1000000000
     0.1500000000
     0.2000000000
     0.2500000000
   Q=    0.0000
