      0.000000000
      0.000000000
      0.000000000
      0.000000000
      0.000000000
      68.49267367
     -34.02928432
      9.869194142
     -1.423214605
    0.06371226336
      262.4481937
     -49.51195502
      3.521300429
     0.9198674274
    -0.1627911496
      461.1247413
      5.439743456
     -14.72697042
      2.937367632
    -0.1671818832
     -71.76700797
      181.1878475
     -36.61497352
      3.044595006
    0.02803930390
     -29.75711569
      369.8689400
     -29.09984627
     -3.009035279
     0.6552863059
      23.62545707
      350.8582181
      57.73805415
     -18.28520914
      1.659969547
     -4.081272605
     -221.5146810
      218.2282540
     -35.39332498
      2.441166673
    -0.6391045774
     -87.10572978
      270.4284548
     -35.62783652
      2.318968141
     0.4849332006
      160.6859944
      86.57017966
     -2.206908427
      1.190665436
    -0.1233098805
     -89.05515829
     -281.7377048
      63.81767778
     0.8480090479
    0.01827622715
      25.81940370
     -17.40711322
      100.7539196
      5.016157075
  -0.001415926310
     -2.371349474
      288.1426872
      52.13142262
      13.78656501
 -5.365114819E-05
     -1.477833318
     -293.8929915
     -128.4206966
      19.96408636
  3.569916703E-05
     0.8777725750
      171.6528703
     -202.7854886
      11.91405840
    0.05000000000
     0.1000000000
     0.1500000000
     0.2000000000
     0.2500000000
   Q=    0.0000
