     0.3625256611
    -0.3136096102
     0.1132471661
   -0.01586897237
  0.0002645907457
      1.638069801
    -0.6093412150
    0.07271870403
    0.01222196156
  -0.002563776224
      6.871057441
     -1.046689468
    0.01669949822
    0.02336366024
  -0.002138142820
      10.29721865
     0.6399642246
    -0.4184536337
    0.06102047711
  -0.002319560904
      1.877449503
      4.038823799
    -0.5498275125
   0.004278769583
   0.002917393340
     -2.885437356
      7.449424414
     0.1836735637
    -0.1103063208
  0.0002291196702
      1.206469349
      8.515920705
      2.711546992
    -0.1455326019
   -0.02984401772
    -0.1901184884
     -1.774478682
      6.917023015
     0.4301780997
    -0.1194583745
   -0.01730586768
     -6.000942632
      7.879258656
      2.246924403
    -0.2655689928
    0.01630105400
      6.387877709
      1.811802035
      4.668088097
    -0.3941896998
  -0.004301252971
     -3.263218656
     -6.206420873
      5.289405202
    -0.4116197455
  0.0006822437708
     0.9846027542
     -1.826794436
      2.089555500
    -0.3050861963
 -6.586746976E-05
    -0.1407699360
      8.871919313
     -2.280816673
    -0.1720025975
  1.682132808E-06
   -0.02459362306
     -8.791382304
     -3.152576306
   -0.06874388802
  6.998969101E-07
    0.02189492802
      5.189310073
     -1.854430730
   0.002958559051
    0.05000000000
     0.1000000000
     0.1500000000
     0.2000000000
     0.2500000000
   Q=    0.0000
