      0.000000000
      0.000000000
      0.000000000
      0.000000000
      0.000000000
     -11.56660357
      4.881919252
    -0.9916844927
    0.04127932978
   0.009221298980
     -39.85231995
      4.907193814
     0.5851199679
    -0.3076128405
    0.02975979488
     -77.76321971
     -4.664982753
      2.793402545
    -0.3959964919
    0.02549737822
     -1.421968341
     -31.96720637
      3.669824492
    -0.2521093805
    0.06499519579
      11.26858139
     -55.54184959
     -3.926990159
    -0.2256841934
     0.2746712407
     -4.799544920
     -60.69306255
     -25.66051772
     -3.048283823
     0.9265185925
     0.2217324619
    -0.1213634059
     -59.06199375
     -13.98321520
      2.188276315
     0.3780267742
      56.21389428
     -68.24689698
     -36.31303789
      3.689433657
    -0.1584456526
     -52.73021167
     -14.91098766
     -57.89456626
      4.348834204
    0.03513445696
      25.20672923
      53.33998822
     -49.77429001
      3.447977296
  -0.004904477780
     -6.914911683
      13.63573990
     -2.441896306
      2.016074316
  0.0003665504361
     0.6316485467
     -73.78586589
      33.84656758
      1.805280249
  1.490613916E-05
     0.3801343771
      74.72532119
      13.42261979
      2.116953802
 -9.428012430E-06
    -0.2292593929
     -45.14609189
     -6.433334881
      1.052542173
    0.05000000000
     0.1000000000
     0.1500000000
     0.2000000000
     0.2500000000
   Q=    0.0000
