  0.0009592603223
  -0.001117684919
  0.0005760140332
 -0.0001460101813
  1.480816094E-05
   0.007137984890
  -0.003513644260
   0.001077670256
 -0.0001832633364
  1.294321899E-05
    0.02222241138
  -0.007373005964
   0.002131759755
 -0.0003885908384
  3.027122775E-05
    0.03895660235
   -0.01341445446
   0.003513200904
 -0.0004576202023
  1.395776322E-05
    -0.1249436232
   -0.02405251379
   0.004617151951
 -0.0001011064965
 -4.397929802E-05
    0.06503446370
   -0.07671940705
   0.001438323433
   0.001416863184
 -0.0001467631245
   -0.01966141620
   -0.07600563969
   -0.02396693565
   0.004303656456
 -0.0001672392938
   0.002754230623
   -0.01185972986
   -0.06399709836
   0.004401228230
  0.0002052877477
  0.0002246040419
    0.09320855452
   -0.08558933337
  -0.003764708656
   0.001130364270
 -0.0002114519708
   -0.08568367585
   -0.01677352966
   -0.02228237020
   0.002358605228
  5.570500978E-05
    0.04267738549
    0.07298890168
   -0.03537394623
   0.002953287217
 -9.028503803E-06
   -0.01326129068
    0.01044722314
   -0.02566151456
   0.002259991639
  9.424230600E-07
   0.002271807367
   -0.08857727016
   0.003360258278
  0.0003252577996
 -4.377523897E-08
  9.218790078E-05
    0.09098960434
    0.03386592004
  -0.001630203221
 -5.370100931E-09
 -0.0002058786383
   -0.05462222998
    0.04179122740
  -0.001631821926
    0.05000000000
     0.1000000000
     0.1500000000
     0.2000000000
     0.2500000000
   Q=    0.0000
