      0.000000000
      0.000000000
      0.000000000
      0.000000000
      0.000000000
      1.162268303
    -0.3768781858
   0.003668381556
    0.02786671822
  -0.004779160731
      4.154686870
   -0.09165686883
    -0.2927053128
    0.08607185924
  -0.007415367067
      9.518657568
      1.622817454
    -0.7886306915
     0.1303242980
  -0.006696920309
     -1.865146666
      5.882335273
     -1.300363802
     0.1280066700
 -0.0005284334543
    -0.2330242919
      7.061433939
     -1.117953526
    0.01379061851
    0.01687035707
     0.3084968980
      2.691085479
    -0.4243452414
    -0.2051350083
    0.05106693756
   -0.05512056277
     -2.321154537
     0.9346599581
    -0.4984113212
     0.1153637104
   -0.01078313172
     -1.718052144
      3.237117003
    -0.4242549361
     0.2374358832
   0.007499964206
      2.536320324
      2.907170326
     0.7408341091
     0.5011810950
  -0.001851438601
     -1.315482578
     -3.307348411
      2.378855297
      1.005495939
  0.0002628088941
     0.3460624937
     -2.491808169
      2.055256660
      1.619902201
 -1.762331518E-05
   -0.01231688748
      6.244210323
    -0.4541672765
      1.847493540
 -1.510371331E-06
   -0.03088831713
     -5.526895973
     -2.125017318
      1.330680288
  6.380669838E-07
    0.01566137979
      3.071727375
     -1.778108582
     0.4692791726
    0.05000000000
     0.1000000000
     0.1500000000
     0.2000000000
     0.2500000000
   Q=    0.0000
