    -0.2235947460
     0.1526406640
   -0.02756031102
  -0.006244066503
   0.001860315714
    -0.9036251493
     0.1775238416
    0.08102213092
   -0.03780916025
   0.003419418634
     -4.892779914
   -0.03889728348
     0.3345006039
   -0.06785788826
   0.001513357454
     -8.292131662
     -3.164819701
     0.9227635491
   -0.03738254534
   -0.01339294148
     -8.141611070
     -9.822119496
     0.7724834110
     0.2867030835
   -0.05524393659
      5.910550940
     -17.22302490
     -1.732920421
      1.088652332
    -0.1294955781
     -2.267525819
     -13.22352787
     -7.669753508
      2.459701856
    -0.2357332952
     0.4166281144
      7.790947324
     -13.12841410
      4.131315708
    -0.3455113070
  -0.003964263860
      4.952449442
     -9.402914439
      5.393766794
    -0.3999465054
   -0.01962394432
     -7.845432226
      2.310203870
      4.698750257
    -0.3559283459
   0.006047224674
      4.573710493
      8.523449646
   -0.07063638572
    -0.3525090527
  -0.001055297457
     -1.556147436
     -1.334715264
     -6.440078383
    -0.7531681375
  0.0001177054120
     0.2985152026
     -8.169048605
     -4.820212607
     -1.538346162
 -6.584218311E-06
  -0.002663921217
      9.355955164
      6.769807621
     -1.786398300
 -4.408374779E-07
   -0.02027929059
     -5.714845224
      10.19130688
    -0.8926284996
    0.05000000000
     0.1000000000
     0.1500000000
     0.2000000000
     0.2500000000
   Q=    0.0000
