    -0.8523245313
     0.8487024939
    -0.4039029256
    0.09621867682
  -0.008986706013
     -3.340894243
      1.802670334
    -0.5746902908
    0.09355232650
  -0.004958761957
     -12.26344554
      4.438629820
     -1.320162339
     0.2177378602
   -0.01194788100
     -12.91775503
      6.326237361
     -1.627723970
     0.1424413280
    0.01216022107
      5.907280082
      9.457749618
     -1.922697970
    -0.1025368143
    0.07091225579
    -0.3945183040
      7.290182501
     -1.343964606
     -1.021954784
     0.2405557025
   -0.09095598006
     -9.387949161
     -1.502536736
     -3.405777663
     0.6158390143
   -0.07210992863
     -4.377467511
     -4.578552563
     -8.652620823
      1.284368335
    0.04974368318
      8.271527056
     -5.439169565
     -16.62463425
      2.161676887
   -0.01493091433
     -5.492171307
     -4.815338034
     -21.74516321
      2.964930967
   0.002709012904
      2.013957840
     0.1722012608
     -15.17546211
      3.460317395
 -0.0002922786056
    -0.3567149090
      8.857964859
      4.095639349
      3.705006603
  5.536120087E-06
   -0.05919859896
     -12.49751126
      15.43739811
      3.832074108
  5.034021970E-06
    0.07014054550
      10.16197831
     -1.417615140
      3.259248027
 -1.239189465E-06
   -0.02949278443
     -5.743882446
     -13.33131726
      1.444223539
    0.05000000000
     0.1000000000
     0.1500000000
     0.2000000000
     0.2500000000
   Q=    0.0000
