      0.000000000
      0.000000000
      0.000000000
      0.000000000
      0.000000000
      63.53899749
     -32.04899767
      9.624650673
     -1.477137483
    0.07191682803
      105.0004646
     -23.72042981
      2.691981659
     0.4887708012
    -0.1548942971
     0.1934028990
     -19.29494447
      2.187354140
      1.339488481
    -0.3546770676
      24.29931625
     -27.24523429
     -7.603273458
      6.134030120
     -1.098544553
     -17.31302682
      42.76031593
     -21.85789533
      13.49001280
     -2.493795022
      6.476222110
      116.0636290
      3.925197180
      24.44161704
     -5.675213404
    -0.5295940445
     -32.42953052
      87.92840556
      40.13895023
     -12.59864305
    -0.3574816426
     -47.36187351
      124.0866732
      48.42342000
     -26.95459318
     0.1677759770
      55.39476479
      4.669074616
      19.18079896
     -54.20407701
   -0.03908976533
     -28.99516384
     -116.0162054
     -37.05019735
     -95.73904911
   0.005725710188
      8.728322694
      47.30263372
     -26.01489460
     -134.1266420
 -0.0004811961188
     -1.187855173
      40.25392380
      54.53788360
     -132.3409374
 -3.022929399E-06
    -0.2501333109
     -59.52495066
     -11.16452240
     -77.86242168
  8.431895018E-06
     0.2021237904
      38.00812162
     -120.7375565
     -19.24054235
    0.05000000000
     0.1000000000
     0.1500000000
     0.2000000000
     0.2500000000
   Q=    0.0000
