    0.01637495095
   -0.01668081023
   0.008883037169
  -0.002560706902
  0.0003148959256
    0.06515233946
   -0.04437719870
    0.01926452584
  -0.004769911608
  0.0004940084834
     0.2685190262
    -0.1413040111
    0.05684284547
   -0.01254252611
   0.001082090034
    -0.2234128471
    -0.3352365566
     0.1206842976
   -0.01833634105
  0.0007741863171
     -2.755145429
     -1.058501010
     0.2059234137
  -0.009643604589
  -0.001247348166
      1.601738812
     -2.602515975
    0.06603791233
    0.04762666817
  -0.005543202108
    -0.5210626861
     -2.295380459
    -0.7596156358
     0.1502307775
  -0.008034396772
    0.07858442376
     0.1868038977
     -2.010280996
     0.1826967575
 -0.0004708608760
   0.004716813828
      2.225687958
     -2.494053386
   -0.02709933533
    0.02275440030
  -0.005542126523
     -2.237248156
    -0.3691126069
    -0.5415632766
    0.05542339046
   0.001503301432
      1.150828113
      2.190236739
    -0.9586566499
    0.07323656047
 -0.0002469558935
    -0.3637509974
    0.06498543233
    -0.7764726124
    0.05567757365
  2.598800346E-05
    0.06317426329
     -2.321263965
    0.01459033371
   0.001561532415
 -1.217522622E-06
   0.002357813612
      2.468728244
      1.022909480
   -0.05270080646
 -1.476904824E-07
  -0.005654594491
     -1.495611761
      1.246884530
   -0.04686083789
    0.05000000000
     0.1000000000
     0.1500000000
     0.2000000000
     0.2500000000
   Q=    0.0000
