      13.34066668
     -12.95677530
      6.530871220
     -1.758727138
     0.1995275492
      51.78337203
     -31.55200631
      11.75500010
     -2.515947552
     0.2381973844
      236.5916050
     -82.78720753
      27.20427794
     -5.886307105
     0.5850525363
      51.20885593
     -102.3855331
      39.83280270
     -8.249692595
     0.7360822022
     -221.4146282
     -208.8934139
      62.35591920
     -10.72297007
     0.8804412415
      103.4965093
     -228.4388902
      45.70065223
     -7.518076621
     0.7403428510
     -31.07455434
    -0.8752045085
     -20.06007999
     0.6285579302
     0.4444799004
      5.205074842
    -0.2663650476
     -117.7782286
      15.07597638
    -0.2425113337
   -0.04623010757
      90.08116912
     -168.4449599
      29.21521186
     -1.595349205
    -0.2392706252
     -102.6202328
      32.89066355
      31.85791727
     -4.997063091
    0.07529825359
      59.00908625
      157.8585760
      16.29945417
     -12.30294340
   -0.01376114516
     -21.34749848
     -105.4988279
     -35.43122718
     -23.41115183
   0.001693532519
      4.943523099
     -16.67686563
     -56.68419900
     -33.28240383
 -0.0001301582081
    -0.5384089782
      62.79908736
      48.21607154
     -30.48075167
  1.663376189E-06
    -0.1039306369
     -47.82929649
      93.72343317
     -12.89030259
    0.05000000000
     0.1000000000
     0.1500000000
     0.2000000000
     0.2500000000
   Q=    0.0000
