     -5.495621287
      3.496288703
     -1.071143697
     0.1082721451
    0.01045387960
     -23.71794542
      13.60570765
     -3.643828365
     0.3262780096
    0.02069097310
     -213.9285519
      48.04313141
     -7.340727712
     0.1107102401
     0.1115484513
     -86.91471544
      39.46202161
     -7.172207385
    -0.3898208631
     0.2580925807
      119.8850198
      123.8684491
     -20.02418347
     -1.794912554
     0.7943416280
     -42.52851204
      167.8713775
     -16.34545567
     -9.682481280
      2.410398759
      11.66456173
     -69.30225986
     -15.32575026
     -28.39870599
      6.592978393
     -2.470953797
     -24.22692724
     -34.03387384
     -72.04226373
      16.51528542
     0.2946019331
      9.367481887
      22.30419609
     -138.4014202
      36.15770921
    0.01198234438
      10.99708866
      6.431632676
     -172.3717478
      69.30622919
   -0.01444831143
     -12.19122612
     -90.85871520
     -112.7230902
      114.1212151
   0.003666502451
      6.214552822
      94.51613423
      46.35064209
      153.2566576
 -0.0006038863186
     -2.143246111
     -58.48404991
      153.6604476
      157.8981854
  7.496650618E-05
     0.5690732778
      30.79135399
     -22.72710740
      112.4369408
 -7.316604469E-06
    -0.1227910695
     -14.82341697
     -168.9213669
      41.11376935
    0.05000000000
     0.1000000000
     0.1500000000
     0.2000000000
     0.2500000000
   Q=    0.0000
