     -6.517463345
      5.515620741
     -1.945223627
     0.2613278985
  -0.001792607628
     -26.34389297
      9.866854701
     -1.173485589
    -0.2316212672
    0.05480059814
     -103.4653875
      18.05164007
    -0.7898783352
    -0.5202982183
    0.09243588668
     -101.1018509
     -1.833133777
      6.047725846
     -1.920289444
     0.2260967007
      39.52927465
     -16.83486262
      11.51515706
     -3.306033438
     0.3715289648
     -3.645687477
     -19.78438156
      20.22943327
     -5.727709398
     0.6354869317
     -1.615297538
     -38.36181419
      20.96941000
     -7.731307434
     0.9740574206
     0.3054442301
      13.81208218
     -6.899594204
     -9.832616001
      1.504282392
     0.1038151668
      19.34624705
     -39.63221277
     -13.73429427
      2.060821755
   -0.06096870133
     -22.55849524
     -28.66274434
     -17.23915491
      2.076098459
    0.01455458611
      10.91966810
      33.32121080
     -16.40707287
     0.7786753073
  -0.002019523877
     -2.719931947
      19.73555160
     -10.34236766
     -2.220623599
  0.0001300677416
    0.05381380106
     -52.16812894
     -1.349480561
     -5.703276153
  1.227613753E-05
     0.2553585492
      45.32971990
      16.58637297
     -6.646930180
 -4.861228466E-06
    -0.1230208311
     -24.41205919
      26.01711796
     -3.402626270
    0.05000000000
     0.1000000000
     0.1500000000
     0.2000000000
     0.2500000000
   Q=    0.0000
