      0.000000000
      0.000000000
      0.000000000
      0.000000000
      0.000000000
      35.69524709
     -17.20039829
      4.736949340
    -0.6206946479
    0.01903181118
      98.75600894
     -19.98625711
      1.931058756
     0.2940247334
   -0.07458396639
      93.86764790
     -13.19547854
    -0.4685828165
     0.8881348910
    -0.1342593487
     -54.84514150
     -14.00652149
     -7.253013190
      2.989810668
    -0.2975865005
      10.24706602
     -17.59790508
     -28.46979586
      6.697602233
    -0.3370002197
   -0.06711116130
      28.09629755
     -65.82872992
      10.87455041
     0.2276241353
    -0.5901601627
     -46.14275218
     -86.67939940
      14.80576942
      2.756899443
     0.1888078729
      26.28666121
     -58.59122211
      23.44203363
      10.47075078
   -0.04290744282
     -13.78991047
      60.14201819
      41.77178964
      28.72758672
   0.008839076621
      7.720609398
      66.66097388
      58.52334957
      60.29133617
  -0.001570505844
     -3.460435972
     -106.8526185
      21.24800884
      94.28997700
  0.0002280955589
      1.173584569
      75.80209801
     -52.05065379
      102.0361833
 -2.665015787E-05
    -0.3093009417
     -37.09679426
     -8.021412795
      66.99332959
  2.473820929E-06
    0.06472680640
      14.08444927
      64.72405349
      19.86157495
    0.05000000000
     0.1000000000
     0.1500000000
     0.2000000000
     0.2500000000
   Q=    0.0000
