     -3.787376355
      4.186722984
     -1.781601066
     0.2850069532
  -0.002612622880
     -17.63811823
      4.107700067
      1.267062860
    -0.9470980446
     0.1536891247
      5.253517981
     -16.84761019
      10.23013264
     -2.921723049
     0.3376218673
     -22.42539468
     -74.06904590
      33.09287339
     -7.649129225
     0.7674901806
     -203.7311145
     -217.6301984
      71.77687050
     -13.69864257
      1.208280180
      113.0446549
     -348.0121786
      93.58490606
     -16.68359155
      1.447768161
     -39.00862467
     -81.69979921
      47.81071956
     -10.04920806
      1.032892603
      7.201889132
      90.28207583
     -82.20166709
      16.87099252
    -0.8666415012
    -0.1534608666
      84.56720185
     -246.9444807
      67.83199970
     -5.025796852
    -0.3106627887
     -130.8610512
     -37.00190312
      113.9743511
     -12.54008742
    0.09992620952
      78.21311641
      283.8171017
      100.9794925
     -25.51500810
   -0.01803472272
     -27.77952596
     -143.4225329
     -56.50650425
     -45.65723565
   0.002135962516
      6.008776831
     -51.96636937
     -194.1354335
     -69.78590771
 -0.0001478919635
    -0.4711755018
      104.8019017
      83.08456571
     -73.82632203
 -1.265736042E-06
    -0.2019105952
     -69.75508916
      296.2271548
     -36.39999002
    0.05000000000
     0.1000000000
     0.1500000000
     0.2000000000
     0.2500000000
   Q=    0.0000
