      0.000000000
      0.000000000
      0.000000000
      0.000000000
      0.000000000
    -0.3449568201
     0.1650539353
   -0.04382299909
   0.004986650686
 -2.445566509E-05
     -1.207945013
     0.1896816015
   0.005782072765
  -0.009755242204
   0.001264739688
     -1.810614242
    -0.1695616114
     0.1114353449
   -0.02058800377
   0.001203559877
     0.7856662633
     -1.039802428
     0.2160474547
   -0.01993974697
  7.249395331E-05
    -0.1416864694
     -1.669300127
     0.1633397901
    0.01051009537
  -0.003467167014
   -0.04569656525
    -0.8824687609
    -0.1665488511
    0.08102350283
   -0.01003981912
    0.02899924207
      1.897724077
    -0.5257047684
     0.1788068888
   -0.01929392757
  -0.007182881910
     -1.133388784
    -0.2700870883
     0.2899628867
   -0.02916139305
   0.001012802164
     0.3482876788
    0.04199904662
     0.3647670654
   -0.03193800966
 -6.913021945E-05
   -0.04444007893
     0.5837499087
     0.1914016486
   -0.02137023980
 -3.392288980E-06
  -0.008255051374
    -0.5269571868
    -0.1947260015
   -0.01164491949
  1.455861998E-06
   0.005032414818
     0.1812393541
    -0.4266758502
   -0.02210265824
 -1.756310984E-07
 -0.0009628814655
   0.004790045603
     0.2519301798
   -0.04681185260
  8.917533461E-09
  5.867349847E-06
   -0.02950172464
     0.6099148502
   -0.02937984812
    0.05000000000
     0.1000000000
     0.1500000000
     0.2000000000
     0.2500000000
   Q=    0.0000
