     0.6772950926
     0.9172940197
     -1.112402059
     0.4783949264
   -0.07621247993
      16.91052939
     -6.988379683
     0.4013937516
     0.4901891862
    -0.1020081566
      179.6924697
     -25.53092864
     -2.659593166
      2.238533150
    -0.3345255128
      209.1131327
     -8.301714693
     -9.964790422
      4.130689479
    -0.5623454155
     -93.63561448
     -43.69498344
     -14.42524084
      8.605780661
     -1.227596417
      12.44937220
     -128.1259004
     -35.43493872
      20.22069234
     -2.645100376
     -2.095131148
      48.38035418
     -57.92835647
      45.40418789
     -5.481466923
      1.899856609
      123.2151141
      10.65308559
      102.4730331
     -10.16289446
    -0.8573060952
     -143.5380016
      109.1842396
      209.1519297
     -14.49865966
     0.2289906642
      85.57475794
      95.00264043
      304.0110935
     -13.05056308
   -0.03895966899
     -29.54579263
     -25.89218851
      236.1699735
     -4.427967034
   0.003863389793
      4.680377562
     -125.0667039
     -43.71780551
      1.168437173
  1.113898539E-06
      1.133975187
      186.5571167
     -231.7469126
     -8.660080184
 -8.431872723E-05
     -1.103246988
     -151.6934239
      14.55846762
     -22.80944734
  1.909230188E-05
     0.4460210350
      85.10772793
      210.0442827
     -15.53894045
    0.05000000000
     0.1000000000
     0.1500000000
     0.2000000000
     0.2500000000
   Q=    0.0000
