    -0.6123204240
     0.6397797877
    -0.3362416241
    0.09377551663
   -0.01108844096
     -2.740868679
      1.704704866
    -0.6882518656
     0.1617165598
   -0.01627389309
     -9.658125813
      4.906956166
     -1.943256265
     0.4282591384
   -0.03729373735
      6.746571193
      11.58493809
     -4.171305136
     0.6406264080
   -0.02825182626
      108.4029534
      36.53023079
     -7.282935872
     0.3767251910
    0.03818452402
     -62.91824215
      95.28445326
     -3.007194285
     -1.559856374
     0.1824086062
      20.28550579
      89.71796708
      26.51934521
     -5.192224614
     0.2604355861
     -2.986097774
     -1.818521279
      73.93542018
     -6.277846662
   -0.03878382681
    -0.2136386290
     -91.87627926
      96.15505169
      1.854386546
    -0.9206978967
     0.2224113286
      89.59907749
      18.79939261
      22.06024511
     -2.112742547
   -0.05939841928
     -45.42040065
     -83.24128302
      38.81413268
     -2.606210545
   0.009654524328
      14.15246465
     -10.08930008
      31.29906247
     -1.600264022
  -0.001000645881
     -2.380742899
      97.97365391
     -1.386482053
     0.7347835257
  4.398505825E-05
    -0.1310348271
     -100.8775038
     -40.56142950
      2.713850526
  6.308747514E-06
     0.2324304329
      60.35788168
     -49.49781821
      2.124060450
    0.05000000000
     0.1000000000
     0.1500000000
     0.2000000000
     0.2500000000
   Q=    0.0000
