      0.000000000
      0.000000000
      0.000000000
      0.000000000
      0.000000000
      12.09050459
     -6.961326708
      2.856600965
    -0.7898271657
     0.1074542838
      42.75052501
     -10.54509866
      3.967993756
     -1.405136299
     0.2133490246
      89.02641818
     -4.215157061
      9.462907493
     -4.183858369
     0.5448862189
      91.24760936
      38.44930765
      30.98984778
     -10.77763039
      1.020608279
     -58.00538065
      149.6607778
      98.17884412
     -21.45663340
      1.329281778
      17.69784281
      246.6161393
      237.6834145
     -27.34223631
     0.7974359396
     0.1570808222
      56.73935722
      376.0406413
     -7.461588009
    -0.6947386369
     -1.645649383
     -238.9524773
      286.4561041
      49.23443475
     -1.373414956
     0.6230185933
      204.9378094
     -77.60604579
      106.4093277
      1.719119983
    -0.1356126744
     -98.43747993
     -224.9442902
      99.22878090
      8.742540715
    0.01925694678
      28.65451742
      72.35364445
      22.91913166
      14.61608200
  -0.001580417296
     -3.746532463
      161.7477127
     -47.25020962
      13.74717860
 -1.642262360E-05
    -0.9054632702
     -210.3184636
     -54.46804515
      7.348300530
  2.939202583E-05
     0.7060809756
      137.2082834
     -31.51091432
      1.952021299
    0.05000000000
     0.1000000000
     0.1500000000
     0.2000000000
     0.2500000000
   Q=    0.0000
