      0.000000000
      0.000000000
      0.000000000
      0.000000000
      0.000000000
     -4.812862937
      1.962373564
    -0.2837864181
   -0.06559505281
    0.02154361371
     -17.41393935
      2.383598661
     0.6411115440
    -0.4254668269
    0.06769117268
     -33.31639262
     0.1210822070
      3.176484023
     -1.266676303
     0.1678085083
      31.07434170
     -3.571588988
      9.952081231
     -3.322112496
     0.3740164011
     -10.69073925
      14.51916768
      26.16966051
     -7.433486597
     0.7164343163
      2.281736387
      33.40747355
      57.80193020
     -13.82459904
      1.203901959
     0.1522327916
      14.76767931
      82.44542259
     -21.03077685
      1.838154970
    -0.2340605990
     -32.63192222
      47.74173924
     -27.96885639
      2.615251490
    0.08135441578
      26.25903340
     -40.88069207
     -32.25179898
      3.326587673
   -0.01771446063
     -13.21587414
     -41.27867314
     -22.02850948
      3.789804320
   0.002631710862
      4.287074298
      42.64126718
      12.38328726
      4.638913925
 -0.0002497451783
    -0.8074378441
     -7.704410983
      30.01865753
      6.498281445
  7.459513194E-06
    0.01048688445
     -9.670328846
     -13.48086044
      6.950262240
  2.256426182E-06
    0.05136715554
      9.120354998
     -37.43405996
      3.426731473
    0.05000000000
     0.1000000000
     0.1500000000
     0.2000000000
     0.2500000000
   Q=    0.0000
