      0.000000000
      0.000000000
      0.000000000
      0.000000000
      0.000000000
     -14.57104027
      11.69014839
     -6.270762432
      1.909845550
    -0.2467925908
     -34.66541571
      29.85641086
     -14.96262386
      3.947611171
    -0.4288020820
      97.01324690
      76.51906081
     -35.01986260
      7.660366982
    -0.7057715479
      76.12402337
      211.9891483
     -61.51679430
      10.32228705
    -0.8010442744
     -39.80281979
      272.9805577
     -49.84984903
      5.996101661
    -0.3782831031
      13.17057117
      66.23956882
      41.25491333
     -12.13246896
      1.045252223
    -0.6256768553
      20.01638888
      211.2253841
     -52.77067656
      4.052631753
    -0.9907051343
     -145.7590312
      324.5812437
     -113.2867428
      8.550066603
     0.4315946484
      144.8231688
     -13.59738972
     -160.1433008
      13.68234775
   -0.09994362190
     -75.13388288
     -335.9893208
     -126.6777496
      19.33666785
    0.01469049362
      22.88000617
      170.8482840
      67.48789514
      28.94184914
  -0.001247397163
     -3.266618177
      73.61310695
      214.7767238
      46.58154555
 -3.071928142E-06
    -0.5476626204
     -135.4236839
     -91.01165718
      55.28891362
  2.045567791E-05
     0.4805104325
      87.43596445
     -322.4760050
      29.84274575
    0.05000000000
     0.1000000000
     0.1500000000
     0.2000000000
     0.2500000000
   Q=    0.0000
