      0.000000000
      0.000000000
      0.000000000
      0.000000000
      0.000000000
    0.02932669290
    0.07409908384
   -0.07032616030
    0.02413715047
  -0.002940873056
    0.07592744961
     0.3189797832
    -0.1786689247
    0.04108518019
  -0.003262229875
      1.074637620
     0.9003582931
    -0.3623100164
    0.06108069782
  -0.002897138425
    -0.6747427948
      2.102063208
    -0.5904268666
    0.05641114465
   0.003190186706
     0.2921345026
      1.845093113
    -0.6993897155
   -0.04203696941
    0.02297282634
   -0.03200208740
     -1.256026483
    -0.9256538697
    -0.3718509773
    0.06453201228
   -0.02076144330
     -1.251186073
     -1.323230084
     -1.174869911
     0.1172520707
    0.01040672079
      1.518601692
    -0.6225437717
     -2.400188873
     0.1166672449
  -0.002673567550
    -0.8738341376
     0.4364716114
     -3.048267860
   -0.03807014120
  0.0004676188556
     0.3287527615
    -0.2403474046
     -1.808298310
    -0.3614321063
 -5.801880542E-05
   -0.08387259773
     0.2642360528
     0.9609797102
    -0.6623457554
  4.378634348E-06
    0.01061893631
    -0.4803087494
      2.167766337
    -0.6448652621
  6.691835189E-08
   0.002440743819
     0.5652289043
    -0.6765550792
    -0.2963643612
 -8.649332492E-08
  -0.002053131859
    -0.4291318788
     -2.526250017
   -0.02174383755
    0.05000000000
     0.1000000000
     0.1500000000
     0.2000000000
     0.2500000000
   Q=    0.0000
