      0.000000000
      0.000000000
      0.000000000
      0.000000000
      0.000000000
     0.3063675031
     0.1348322362
    -0.1691694299
    0.04841350343
  -0.003196095534
     -2.397933565
      1.620992308
    -0.4559156752
   0.005827810850
    0.01342629566
     -9.532090898
      3.876346827
   -0.03266755884
    -0.3372443174
    0.06385414049
      15.84815646
      7.323625823
      2.593140318
     -1.391004673
     0.1808982974
     -6.273214033
      19.73942729
      11.25459044
     -3.944344125
     0.3980500997
      1.724176497
      22.87183571
      30.57073888
     -8.634761593
     0.6767774624
   -0.03356492888
      1.817064914
      48.47708057
     -15.22827562
     0.8040487756
    -0.1279717414
     -17.66551887
      32.97061369
     -22.84700053
     0.2329676687
    0.05165787075
      16.75339130
     -20.60160264
     -27.50181387
     -1.882868945
   -0.01183303359
     -8.819616055
     -31.10020012
     -18.16923905
     -5.652321205
   0.001776949159
      2.836151840
      25.01964785
      10.95990380
     -8.763147688
 -0.0001636090098
    -0.4895644978
     0.7109886513
      25.63418607
     -7.542883917
  3.164522862E-06
   -0.02106602053
     -10.61327608
     -12.46187597
     -2.605906839
  1.880054309E-06
    0.04381189927
      7.891395310
     -35.68609686
     0.3317063943
    0.05000000000
     0.1000000000
     0.1500000000
     0.2000000000
     0.2500000000
   Q=    0.0000
