      0.000000000
      0.000000000
      0.000000000
      0.000000000
      0.000000000
  -0.001287016565
   0.004594602550
  -0.001946990611
 -0.0002294168277
  0.0001879224407
    0.01282294326
    0.02269769829
  -0.002571516245
  -0.003470083445
  0.0008783434074
     0.2803323603
    0.09872080015
    0.01631838398
   -0.01776921388
   0.002662960408
     0.7587579027
     0.4276692198
     0.1355472336
   -0.05825382987
   0.005414726278
    -0.4000331613
      1.138036978
     0.5825850701
    -0.1322415512
   0.006106416194
     0.1148654044
      1.448588517
      1.580624246
    -0.1914546047
  -0.003758536675
   0.001476901126
     0.4254332242
      2.623835686
    -0.1161084763
   -0.03802905264
   -0.01072512576
     -1.548921750
      2.124801304
     0.1386641741
    -0.1149205759
   0.004060296155
      1.335919284
    -0.6410837089
     0.3493038584
    -0.2577527297
 -0.0008908950335
    -0.6530488382
     -1.809731432
     0.2357490192
    -0.4750848377
  0.0001282262050
     0.1952528149
     0.9088056191
    0.07078166785
    -0.6929302989
 -1.089670355E-05
   -0.02810054404
     0.7528460005
    0.09130209047
    -0.7228618916
 -1.022783760E-08
  -0.004696487091
     -1.211026329
    -0.3648126166
    -0.4621143611
  1.786877860E-07
   0.004272979808
     0.8209672119
    -0.7548140610
    -0.1310351627
    0.05000000000
     0.1000000000
     0.1500000000
     0.2000000000
     0.2500000000
   Q=    0.0000
