    -0.6912960930
     0.6059314920
    -0.2222113035
    0.03226986638
 -0.0007220802783
     -3.199182145
      1.206104007
    -0.1576420383
   -0.01981681908
   0.004872552807
     -12.92576693
      2.093382506
   -0.07787072955
   -0.04159877001
   0.005190075760
     -19.62147291
    -0.6508771585
     0.7035492429
    -0.1356543350
    0.01037687546
     -2.055518949
     -6.139234470
      1.083584937
    -0.1225198630
    0.01287023629
      4.662023715
     -11.23031373
     0.2845233034
    -0.1344104789
    0.04304229338
     -1.978908328
     -14.20003900
     -3.397357745
    -0.5128801079
     0.1445394494
     0.2917630717
      1.165337815
     -11.00156240
     -2.347916910
     0.3796832539
    0.03968115397
      11.87556808
     -14.68339126
     -6.807951505
     0.7258243764
   -0.03003343247
     -11.74680200
     -4.828202884
     -11.96718721
      1.012648847
   0.007657187314
      5.821843783
      11.36057936
     -11.67504647
      1.090853616
  -0.001186669616
     -1.706313747
      4.126700316
     -2.392519233
      1.056517139
  0.0001102216773
     0.2235974584
     -16.82282742
      6.579089053
      1.069287480
 -1.848521360E-06
    0.05359027427
      16.39123029
      4.697755023
     0.8797900971
 -1.389866496E-06
   -0.04171864749
     -9.645251653
     0.9171552535
     0.3322194147
    0.05000000000
     0.1000000000
     0.1500000000
     0.2000000000
     0.2500000000
   Q=    0.0000
