    0.01187111160
   -0.03185276589
    0.02857464093
   -0.01039388723
   0.001266485206
   -0.02525852461
   -0.09833197652
    0.07547255537
   -0.01843426988
  0.0009875289903
    -0.7313553262
    -0.4190250351
     0.2254217472
   -0.03297879335
 -0.0003394522663
     -3.972004603
     -1.747172045
     0.4219328652
   0.009019198719
   -0.01012262222
     -6.129390492
     -5.578140554
     0.2429760813
     0.1997398704
   -0.03075182226
      4.053017333
     -10.08230942
     -1.504815229
     0.6276277620
   -0.05975289570
     -1.468698993
     -7.816647363
     -5.322215308
      1.175153013
   -0.08209426188
     0.2553917704
      3.544680808
     -8.658349695
      1.510115990
   -0.07592025983
   0.001545764709
      4.059185275
     -6.276020778
      1.252304385
   -0.01694021062
   -0.01334508899
     -5.363578832
      1.429495921
     0.2018885266
    0.09531988581
   0.003974982118
      3.019468049
      5.309656506
     -1.633025869
     0.1844339944
 -0.0006864481244
     -1.016280201
    -0.8474442893
     -2.949348825
    0.08504950630
  7.629432081E-05
     0.1948280956
     -5.170069695
     -1.023672917
    -0.2301363280
 -4.254951803E-06
  -0.001860172390
      6.037214591
      3.478461046
    -0.4354506138
 -2.915442756E-07
   -0.01331368921
     -3.772731284
      4.206621882
    -0.2555295447
    0.05000000000
     0.1000000000
     0.1500000000
     0.2000000000
     0.2500000000
   Q=    0.0000
