      0.000000000
      0.000000000
      0.000000000
      0.000000000
      0.000000000
   -0.04516871594
    0.02211904176
  -0.006220086151
  0.0008362196471
 -2.906659859E-05
    -0.1839604762
    0.03358391289
  -0.001907667585
 -0.0007422463672
  0.0001150186924
    -0.3760464483
  -0.003940368950
    0.01117342872
  -0.002025487578
  8.022842985E-05
    0.01753067543
    -0.1465781973
    0.02603224780
  -0.001053537921
 -0.0001957513784
    0.04405245881
    -0.3037832750
   0.008489565829
   0.006468837037
 -0.0008856085269
   -0.02346355733
    -0.3363864805
   -0.08510782446
    0.02219545434
  -0.001794901250
   0.002690011675
     0.1250480079
    -0.2553661854
    0.03714096670
  -0.002184606101
   0.001150538639
     0.1648519749
    -0.2997719702
    0.02822130807
  -0.001274301556
 -0.0005985469219
    -0.1985633720
   -0.06393039354
   -0.01622620507
  0.0005422920376
  0.0001414100700
     0.1022210646
     0.2909429608
   -0.07907879881
   0.001115015174
 -2.035731974E-05
   -0.02903959451
   0.008539738941
   -0.09552057952
  -0.002889006206
  1.560794771E-06
   0.002798777962
    -0.2933902345
   -0.02987381571
   -0.01082594620
  5.624514338E-08
   0.001531790151
     0.3053011786
     0.1237309793
   -0.01611015834
 -3.832053533E-08
 -0.0009312118170
    -0.1807092520
     0.1739764210
  -0.009642478833
    0.05000000000
     0.1000000000
     0.1500000000
     0.2000000000
     0.2500000000
   Q=    0.0000
