      0.000000000
      0.000000000
      0.000000000
      0.000000000
      0.000000000
      3.680180284
     -1.410465178
     0.1965417012
    0.02569229098
  -0.007429227309
      13.63163462
     -1.184021856
    -0.4693545287
     0.1657627566
   -0.01456845498
      30.29334559
      2.963555807
     -1.591399662
     0.2444605264
   -0.01264096908
     -2.826094425
      14.63559493
     -2.491527432
     0.2155098015
   -0.01284199388
     -2.514261589
      20.72442035
    -0.7638670561
     0.1121214628
   -0.03629905486
      1.377771470
      15.52925177
      4.128998567
     0.6063913688
    -0.1258339661
    -0.1146664640
     -2.668690862
      12.12786696
      2.932460683
    -0.2673698246
   -0.09324801755
     -14.11503232
      17.61746564
      8.448881703
    -0.2660663667
    0.04274482110
      14.30131003
      7.993611360
      15.32492624
     0.3364949169
  -0.009684225569
     -6.913694627
     -14.49954545
      15.51901660
      1.836890894
   0.001350275808
      1.855863374
     -7.544440718
      2.863090516
      3.513667757
 -9.678103471E-05
    -0.1335239967
      24.51516936
     -9.787732100
      3.772565615
 -5.435572465E-06
    -0.1237730702
     -23.31535370
     -5.116537083
      2.232624554
  2.840545345E-06
    0.06934447801
      13.68041571
      1.552024702
     0.5897020323
    0.05000000000
     0.1000000000
     0.1500000000
     0.2000000000
     0.2500000000
   Q=    0.0000
