      0.000000000
      0.000000000
      0.000000000
      0.000000000
      0.000000000
    -0.7370917540
     0.2757266771
   -0.03404677158
  -0.006632812359
   0.001602524526
     -2.680306365
     0.1987757180
     0.1070387324
   -0.03425949478
   0.002679349555
     -5.864649028
    -0.6907585135
     0.3323190773
   -0.04417705880
   0.001037318573
     0.4646605873
     -3.097337679
     0.4844973755
   -0.01626524016
  -0.002764640318
     0.5192091107
     -4.406420812
    0.04590516547
    0.06964629015
  -0.008097750991
    -0.2832781853
     -3.208909493
     -1.095750460
     0.1289151316
   -0.01231208556
    0.02579440070
     0.7131512940
     -2.753411484
   -0.02845598524
   -0.02539648363
    0.01797552341
      2.707147862
     -3.585282830
    -0.7098187918
   -0.09244264194
  -0.008460111626
     -2.824597681
     -1.288680154
     -1.874957204
    -0.3122749274
   0.001935869382
      1.384816973
      3.056178406
     -2.449712584
    -0.7561967493
 -0.0002718037365
    -0.3761779715
      1.256849829
     -1.072234156
     -1.267189069
  1.972554045E-05
    0.02875764946
     -4.755826415
      1.128465663
     -1.418963797
  1.032197198E-06
    0.02408047321
      4.573473663
      1.358626964
    -0.9732423553
 -5.597750290E-07
   -0.01363265640
     -2.673121306
     0.5094020824
    -0.3194507402
    0.05000000000
     0.1000000000
     0.1500000000
     0.2000000000
     0.2500000000
   Q=    0.0000
