      0.000000000
      0.000000000
      0.000000000
      0.000000000
      0.000000000
     0.2790853419
    -0.1141088677
    0.01354727217
   0.006532812358
  -0.001911221407
      1.211913777
    -0.1937450040
   -0.04928944713
    0.03799420213
  -0.006383935350
      2.422349101
    -0.1372596818
    -0.2951924535
     0.1286583247
   -0.01648384189
     -4.407423923
    -0.2992772153
     -1.074067365
     0.3531662099
   -0.03356676600
      1.831546103
     -3.461114806
     -3.262642794
     0.7780432669
   -0.04810962640
    -0.4530895741
     -6.227634829
     -8.069487876
      1.285956711
   -0.02669885052
   -0.01796815827
     -2.263412304
     -12.74051920
      1.444094673
    0.09617415641
    0.04472652699
      6.348705496
     -9.078880326
      1.154407661
     0.4253848895
   -0.01621628999
     -5.296094374
      4.675699040
      1.102071374
      1.116756364
   0.003536637101
      2.613861498
      7.771954379
      1.221276392
      2.226109187
 -0.0005153163612
    -0.8090447867
     -5.744101140
    -0.5633801063
      3.300108239
  4.600435257E-05
     0.1327397722
     -1.019185985
     -2.426096019
      3.328890313
 -6.126432723E-07
   0.009750246105
      3.568421215
      1.669554177
      1.967959084
 -5.986688139E-07
   -0.01411181574
     -2.653111116
      4.870954472
     0.4865637031
    0.05000000000
     0.1000000000
     0.1500000000
     0.2000000000
     0.2500000000
   Q=    0.0000
