      0.000000000
      0.000000000
      0.000000000
      0.000000000
      0.000000000
     -108.5772684
      55.85383332
     -17.49439666
      2.953168939
    -0.1917394810
     -289.3576020
      70.32641414
     -11.96861134
     0.5493434109
     0.1172504401
     -308.6018231
      70.50439581
     -9.382047916
     -1.219539391
     0.4371342129
      157.6958281
      75.60855163
      12.43660593
     -10.78157384
      1.715238006
     -22.94117756
      60.80299819
      81.63486231
     -34.36334479
      4.451838560
     -1.062005679
     -93.11248023
      199.5332028
     -83.98862134
      9.948864004
      1.096818885
      87.91325210
      257.2777768
     -175.2072479
      18.97934919
    -0.1485253474
     -15.44629590
      125.1385547
     -310.1551766
      29.76105129
   0.005851044069
    -0.5395795740
     -235.9706638
     -413.1073564
      36.51389753
  -0.003003777044
     -6.070334903
     -159.5123712
     -312.3117713
      35.14570317
   0.001586661457
      5.808889739
      319.1732054
      80.90597351
      32.78437767
 -0.0004335122023
     -2.945452414
     -255.0066034
      333.4239643
      41.98722925
  8.394482119E-05
      1.100453067
      150.2539786
     -55.91781205
      48.67348187
 -1.287363337E-05
    -0.3335557389
     -72.82607444
     -322.7271122
      25.87059956
    0.05000000000
     0.1000000000
     0.1500000000
     0.2000000000
     0.2500000000
   Q=    0.0000
