      0.000000000
      0.000000000
      0.000000000
      0.000000000
      0.000000000
     -6.392893702
      9.107571516
     -6.388722383
      2.182579781
    -0.2916208681
     -53.44624466
      43.97933529
     -20.72883753
      4.966986468
    -0.4594999539
      61.95236690
      115.2148504
     -42.90566457
      6.971992419
    -0.3340365657
      211.0273291
      320.4738233
     -59.96596243
      1.340089864
     0.8658336999
     -97.83404632
      503.7294378
      22.70273129
     -30.03775537
      4.652640749
      30.67036637
      284.2778325
      293.7464687
     -105.0775509
      12.76791462
     -1.400641311
      13.77184252
      655.7429942
     -234.8725857
      26.90187237
     -2.155012777
     -306.7517103
      656.1679978
     -393.5680640
      45.72470434
     0.9307560459
      307.3493989
     -192.3602579
     -476.4041581
      62.62871280
    -0.2162706660
     -161.9216848
     -657.6109824
     -297.0756846
      69.56771412
    0.03219835314
      50.65378070
      407.6114616
      220.7971237
      70.56073986
  -0.002837426217
     -7.887504360
      100.5189816
      479.0136250
      81.03418227
  2.085686892E-05
    -0.8565637371
     -254.0886640
     -238.2055566
      85.35264321
  4.024992881E-05
     0.9436333330
      171.1793008
     -677.6326490
      45.05900754
    0.05000000000
     0.1000000000
     0.1500000000
     0.2000000000
     0.2500000000
   Q=    0.0000
