      0.000000000
      0.000000000
      0.000000000
      0.000000000
      0.000000000
    0.05598923835
    -0.2294115837
     0.1644052121
   -0.04520669712
   0.003765754351
      2.934723888
     -1.359980571
     0.3793031995
   -0.02653136376
  -0.005989276776
      10.26839536
     -2.645079015
     0.1801382856
     0.1572137923
   -0.03690656306
     -6.727572183
     -3.305656096
     -1.043857749
     0.7556581005
    -0.1217157318
      1.749127309
     -7.623621176
     -4.727386271
      2.403429545
    -0.3189193268
    -0.4409916751
     -5.983306648
     -12.50797050
      6.068265080
    -0.6770648554
    0.04337177983
      2.179696388
     -18.10935634
      12.60819088
     -1.146806075
    0.01265847614
      1.157512109
     -9.090822861
      21.53801083
     -1.429266132
  -0.007678962963
     -2.322352297
      11.97859061
      27.12024858
     -1.006074688
   0.002132747909
      1.692739124
      10.61689807
      17.54515478
     0.1732896659
 -0.0003730724833
    -0.6828118771
     -13.60884134
     -9.018433566
     0.8907091442
  4.290877111E-05
     0.1701587216
      6.372515726
     -21.11241043
    -0.2421059726
 -2.889846059E-06
   -0.02502453684
     -1.879841796
      7.491180465
     -1.917065868
  2.725307614E-09
   0.001023726623
     0.6439659085
      23.75236168
     -1.412856645
    0.05000000000
     0.1000000000
     0.1500000000
     0.2000000000
     0.2500000000
   Q=    0.0000
