      0.000000000
      0.000000000
      0.000000000
      0.000000000
      0.000000000
      2.106093593
    -0.6982803717
    0.01259089695
    0.05191405346
  -0.009444018142
      6.768773531
   -0.09770298795
    -0.5278707913
     0.1616126367
   -0.01566785152
      15.08325076
      2.716470344
     -1.336236183
     0.2474076645
   -0.01968199963
     0.6534399779
      9.900235959
     -2.074571860
     0.2838118782
   -0.02997996887
     -2.147653806
      14.54821044
    -0.8988295170
     0.2236005774
   -0.07541299997
     0.9505969536
      10.02512528
      3.655845369
     0.4163154066
    -0.2576848262
   -0.06638914253
     -1.093585820
      11.21596742
      1.580808679
    -0.7903897542
   -0.06624505042
     -9.814583570
      15.31339202
      4.217779150
     -2.044022778
    0.02969291693
      9.911752883
      3.302914891
      6.780380934
     -4.444137040
  -0.006771728034
     -4.913403374
     -14.03043951
      5.391579738
     -8.008103555
  0.0009644670450
      1.388927311
     0.4958805367
     0.2710137231
     -11.45922958
 -7.451310737E-05
    -0.1420101527
      12.71871214
     -2.061334970
     -11.99504078
 -2.399101820E-06
   -0.06822660820
     -13.78678900
     -3.348569793
     -7.947053790
  1.770620750E-06
    0.04302299802
      8.384873646
     -5.894213134
     -2.424435591
    0.05000000000
     0.1000000000
     0.1500000000
     0.2000000000
     0.2500000000
   Q=    0.0000
