   -0.04778197360
    0.04535012101
   -0.01880147796
   0.003525895714
 -0.0002265805037
    -0.2594598951
     0.1069628142
   -0.02076570136
   0.001015836845
  7.510476202E-05
     -1.088642446
     0.2003853953
   -0.02436119075
   0.002534514450
 -0.0003144203023
     -2.436760665
    0.02403817724
    0.01586042041
   0.002031432270
 -0.0002096888492
     -1.082065004
    -0.7611788996
  -0.001550996517
    0.01333161390
   0.001499832383
      1.053021473
     -1.866932840
    -0.3213369098
   0.007953210389
    0.01306977040
    -0.3935298967
     -2.551916649
     -1.187104412
    -0.1421589028
    0.05008544999
    0.05618010498
    0.01651869277
     -2.432032994
    -0.6811331861
     0.1302337370
   0.006913624970
      2.221825142
     -2.510043964
     -1.735913150
     0.2570886855
  -0.005396155166
     -2.128038337
    -0.4561804963
     -2.704657082
     0.4086032525
   0.001386121200
      1.055645178
      1.757658344
     -2.297481597
     0.5560962980
 -0.0002182846485
    -0.3168629451
     0.5925149040
    -0.1030525695
     0.6728105538
  2.118476505E-05
    0.04641733342
     -2.713513877
      1.623939518
     0.6963517566
 -5.830798063E-07
   0.007248073751
      2.737946832
     0.6100137525
     0.5215444906
 -2.171637337E-07
  -0.006878931622
     -1.657244385
    -0.4509319812
     0.1938077446
    0.05000000000
     0.1000000000
     0.1500000000
     0.2000000000
     0.2500000000
   Q=    0.0000
