      0.000000000
      0.000000000
      0.000000000
      0.000000000
      0.000000000
      33.06709184
     -13.84992640
      2.724534751
   -0.06710644638
   -0.03565653345
      104.3612255
     -12.46716100
     -1.904321649
     0.9623749313
    -0.1007026750
      170.0307025
      12.05649948
     -7.648259355
      1.334600034
    -0.1002758940
     -11.42514544
      67.98266648
     -11.31131042
      1.379936192
    -0.1613895097
     -18.14561031
      111.8077382
    -0.8284000428
      1.149664005
    -0.3702562729
      9.199405235
      122.4944021
      34.93631568
      4.159725239
    -0.9460458690
    -0.7277506812
     -21.57374718
      96.46839998
      18.32838631
     -1.618801662
    -0.6124713085
     -91.04211641
      116.7753517
      51.19955273
    -0.6378858450
     0.2776502227
      92.39366549
      35.80049045
      88.70815246
      5.592371139
   -0.06275816591
     -44.78689299
     -89.48575297
      88.89670900
      19.32066364
   0.008768290530
      12.12809928
     -43.63885928
      21.63479275
      35.43507251
 -0.0006373771547
    -0.9454646106
      151.7957348
     -52.55726081
      40.62717035
 -3.247287667E-05
    -0.7643578600
     -145.9433666
     -35.53237538
      27.63102826
  1.790301290E-05
     0.4363676920
      85.93863896
      4.183475092
      8.763025319
    0.05000000000
     0.1000000000
     0.1500000000
     0.2000000000
     0.2500000000
   Q=    0.0000
