      1.336606716
     -1.229272423
     0.5028380222
   -0.09321517136
   0.005474730464
      5.652696037
     -2.486978387
     0.5310293328
   -0.02490098177
  -0.005733891702
      20.61087065
     -5.208575507
     0.9219521912
   -0.03574699697
   -0.01165546980
      17.97019847
     -4.836790950
     0.1921048713
     0.2926138295
   -0.05636296740
     -20.02738675
     -9.631495769
     -1.123167286
     0.9525376904
    -0.1301023502
      7.670134031
     -17.75662664
     -6.320879417
      2.451499008
    -0.2637820647
     -2.230808166
     -5.242557361
     -14.26582629
      4.710424601
    -0.4451785177
     0.4535011393
      9.336175507
     -14.09190929
      8.068417710
    -0.6542135251
   -0.05192938449
     -2.904974686
     0.1898310040
      13.02201728
    -0.6987763638
  -0.002078925814
     -1.377085987
      12.52439802
      16.61962619
    -0.2208233993
   0.002489488877
      1.896472022
      1.222212949
      10.76852787
     0.7921997366
 -0.0006342711961
     -1.021639022
     -9.422208986
     -5.560763937
      1.417255923
  0.0001041242866
     0.3575369725
      7.654286507
     -11.77111116
     0.6815871761
 -1.252515949E-05
   -0.09068407021
     -3.764489900
      4.327165726
    -0.5250603715
  1.113007221E-06
    0.01683377134
      1.337539956
      11.59715982
    -0.5521596459
    0.05000000000
     0.1000000000
     0.1500000000
     0.2000000000
     0.2500000000
   Q=    0.0000
