      0.000000000
      0.000000000
      0.000000000
      0.000000000
      0.000000000
     -7.334781486
     -3.541014414
      5.619753853
     -2.394125776
     0.3633673660
      30.39479699
     -27.24403850
      14.88344239
     -4.463648771
     0.5676577557
      199.8525521
     -39.22056625
      21.10124668
     -7.470303398
      1.057946612
     -60.28491521
      44.13108918
      24.06109708
     -13.56555719
      2.034265444
      3.418245790
      138.8704588
      24.53361704
     -24.59652395
      3.760180530
      4.444499477
      51.20119712
     -12.49541921
     -44.86239251
      6.487835325
     -1.217911097
     -67.20810874
     -103.6266829
     -82.08609043
      9.083978829
   -0.01951850856
     -7.541955266
     -58.07124262
     -124.3007962
      7.459393174
    0.07335517726
      26.04844813
      133.1960879
     -102.9628146
     -3.386938610
   -0.01849462061
     -12.09118580
     -15.71841517
      6.625996583
     -21.77760064
   0.002146971417
      1.523841239
     -129.2710040
      83.13870218
     -37.99204316
  5.967150644E-06
      1.083287628
      164.6203720
      48.42779096
     -40.21669406
 -5.277125504E-05
    -0.7712856794
     -113.5404088
     -62.63081016
     -23.57029772
  1.169696020E-05
     0.2798363616
      52.23610584
     -129.2322548
     -4.290783599
    0.05000000000
     0.1000000000
     0.1500000000
     0.2000000000
     0.2500000000
   Q=    0.0000
