      0.000000000
      0.000000000
      0.000000000
      0.000000000
      0.000000000
      69.20178355
     -35.03287982
      10.47068438
     -1.554177171
    0.06356083032
      179.5438967
     -45.81057940
      7.815777179
    -0.1160102593
    -0.1390706545
      95.35095552
     -55.02857311
      9.286948925
     0.9228007370
    -0.3823217338
     -31.99029049
     -117.6878859
      4.502973091
      6.252534490
     -1.153692816
     -9.447165525
     -95.21813578
     -28.11723101
      18.60468086
     -2.595737104
      4.856156934
      152.6419548
     -56.92671860
      42.00839798
     -5.125865005
  0.0006592568425
     -11.42273670
     -19.43756778
      89.18601335
     -8.591088835
    -0.4784467324
     -70.20808969
      10.96122180
      165.0019547
     -10.49867410
     0.1714301113
      56.84166115
      72.73615829
      218.4471121
     -6.456668533
   -0.03315561530
     -21.82588493
      50.01420882
      165.9935842
      4.287497806
   0.003844621562
      3.948483040
     -153.8766993
     -26.00498518
      13.93863882
 -0.0001426689007
     0.6223854073
      167.6108090
     -169.6252069
      9.828069339
 -4.798564833E-05
    -0.7656644627
     -122.8202643
      9.502201286
     -4.670669297
  1.338890312E-05
     0.3280474422
      66.83514911
      159.3322352
     -7.278348942
    0.05000000000
     0.1000000000
     0.1500000000
     0.2000000000
     0.2500000000
   Q=    0.0000
