      1.749300586
     -1.567350000
     0.6230775796
    -0.1131270069
   0.007274412449
      7.717077364
     -3.126582228
     0.5632024966
   -0.02234611532
 -0.0009674294975
      34.41003390
     -5.968522455
     0.7232197718
    -0.1202917539
    0.02130961403
      62.32837158
      2.147821950
    -0.6440841097
    -0.2436535986
    0.04922881047
      33.96896147
      27.41748670
     0.9479493599
     -1.217584057
     0.1020565055
     -30.52869903
      65.36722648
      12.78927603
     -2.730592163
    0.02667552654
      11.64433748
      79.09305840
      41.82380742
     -2.460103118
    -0.4321574382
     -1.840507912
     -17.74739546
      74.80430430
      4.919980634
     -1.527371985
    -0.1215790291
     -50.09482328
      62.26755541
      22.82948916
     -3.104175552
     0.1377543203
      54.28780494
      1.464491931
      42.51935322
     -4.361627296
   -0.03722063180
     -28.20086425
     -44.57529296
      44.94605141
     -4.274549671
   0.006038685788
      8.776459698
     -11.97208262
      15.96886085
     -2.509448182
 -0.0006108523594
     -1.396376603
      68.26760291
     -23.12325797
    -0.4366801728
  2.212326264E-05
    -0.1420182036
     -69.96328548
     -25.06066179
     0.2964060925
  5.046961310E-06
     0.1699608862
      42.27053808
     -6.889577882
     0.1607705822
    0.05000000000
     0.1000000000
     0.1500000000
     0.2000000000
     0.2500000000
   Q=    0.0000
