      0.000000000
      0.000000000
      0.000000000
      0.000000000
      0.000000000
      4.303928958
     -1.455933457
    0.06890565481
    0.08253468164
   -0.01482420011
      15.42614891
    -0.5344018667
    -0.9450660132
     0.2748155439
   -0.02267351852
      36.66381943
      5.594948943
     -2.542652043
     0.3744235129
   -0.01800457624
    -0.8907924833
      22.28032630
     -3.674176946
     0.2536614909
   -0.01079736011
     -4.043222217
      31.75852842
    -0.3531558433
    -0.1662872803
   -0.03920236233
      1.979503500
      20.98770158
      8.941616695
   -0.08532320064
    -0.2226811868
    -0.1593252454
     -3.384529213
      22.29309551
      2.040614980
    -0.7468068610
    -0.1319650506
     -19.72566342
      28.78946300
      7.749487740
     -1.838417662
    0.06066466653
      20.25053308
      7.510746309
      14.91106041
     -3.622188547
   -0.01388893064
     -10.01746329
     -25.74751191
      14.91503403
     -5.946915979
   0.001971575246
      2.796145254
     -2.946254886
      3.328742604
     -8.103716842
 -0.0001493663337
    -0.2611230717
      29.17742755
     -7.027681015
     -8.488585382
 -5.791464974E-06
    -0.1522377908
     -30.07405253
     -7.730600615
     -5.764445860
  3.781247700E-06
    0.09211214472
      18.04466919
     -6.991854996
     -1.777520833
    0.05000000000
     0.1000000000
     0.1500000000
     0.2000000000
     0.2500000000
   Q=    0.0000
