      0.000000000
      0.000000000
      0.000000000
      0.000000000
      0.000000000
      3.313404542
    -0.8806105777
    -0.1611652081
     0.1411270169
   -0.02199380829
      7.577993304
      1.158932546
     -1.270271850
     0.3360880360
   -0.02996850113
      10.59069506
      6.371211172
     -2.595609158
     0.4523354802
   -0.02790295396
   -0.04056347727
      15.31437119
     -3.791595515
     0.3839402400
  -0.001421056919
    -0.9686292437
      19.64677829
     -2.773907490
    -0.4165387918
    0.07720981286
     0.7510471696
      6.421600317
      2.236207580
     -2.695162334
     0.1498212982
    -0.1687063665
     -8.579462016
      9.412141548
     -7.279644233
   -0.09278966915
  -0.003926891369
    -0.2353318683
      12.23007040
     -13.74280157
     -1.471805196
    0.01209110467
      3.997526595
    -0.3036847475
     -17.66269077
     -5.136917025
  -0.003573301261
     -2.690234717
     -15.11193271
     -11.35143190
     -11.18630470
  0.0005759885002
     0.8821073170
      6.590317174
      6.677475814
     -16.69850497
 -5.054524687E-05
    -0.1196233326
      4.641266105
      16.20445134
     -16.53731436
 -2.954486019E-07
   -0.02863328427
     -6.722279423
     -7.942918976
     -9.519904565
  8.847750979E-07
    0.02144758693
      3.899101550
     -25.20126874
     -2.247964245
    0.05000000000
     0.1000000000
     0.1500000000
     0.2000000000
     0.2500000000
   Q=    0.0000
