     0.2560755497
    -0.1800335679
    0.03859838119
   0.001447147557
 -0.0002690742093
      1.816625249
    -0.3748721994
   -0.09683378007
    0.02773312525
   0.004005734685
      13.65475665
     0.1690303916
    -0.5905057996
   -0.03278553002
    0.03420330584
      51.24831733
      9.563532265
     -1.453712952
    -0.5604304279
     0.1231780323
      63.23503565
      45.33302673
      1.626019944
     -2.456080195
     0.2808194114
     -44.40522092
      97.04991206
      20.97428700
     -6.036420834
     0.3855240293
      16.06464163
      94.68154891
      62.79013357
     -8.617649296
     0.1519445200
     -2.646747449
     -29.46175718
      100.4924126
     -4.529552983
    -0.7001500906
   -0.08451406170
     -55.67541266
      72.75204216
      10.13716066
     -2.178743412
     0.1629440523
      64.95033978
     -11.06614042
      29.49787487
     -3.740099829
   -0.04617615607
     -35.03233922
     -54.88419119
      39.91425482
     -4.316331865
   0.007753267459
      11.39246280
     -2.211681870
      25.07720698
     -2.841341565
 -0.0008303255469
     -2.038118783
      70.18308947
     -12.90303977
   -0.05598189725
  4.022228365E-05
   -0.05949798892
     -76.80957599
     -33.88899715
      1.472481879
  4.566844837E-06
     0.1777316796
      47.49669688
     -22.07068461
     0.9266804570
    0.05000000000
     0.1000000000
     0.1500000000
     0.2000000000
     0.2500000000
   Q=    0.0000
