     -12.66924804
      15.11914035
     -7.544074673
      1.754645690
    -0.1493019946
     -113.8358266
      50.83402219
     -12.63953975
      1.262461188
    0.01836308468
     -387.6387422
      88.55972670
     -13.20115631
     0.4545666791
     0.1018501182
     -1114.383559
      77.93332880
      8.328639423
     -4.538211615
     0.5458047195
      316.6568473
     -227.6017698
      67.54088218
     -11.68000774
     0.8326064106
      6.108507975
     -421.7367979
      98.74286931
     -11.19045924
     0.1303696292
     -32.91878541
     -483.7519738
      81.73091299
      7.459439443
     -2.902166160
      7.514200764
      323.0060645
     -106.4808819
      69.20307164
     -10.53280766
     0.2907926431
      101.1035606
     -289.5698890
      157.2295471
     -23.35703851
    -0.5473027245
     -204.4011307
     -238.9387740
      196.0727160
     -41.58681145
     0.1512702567
      112.3679423
      337.3828732
      43.84710178
     -65.70279186
   -0.02322154522
     -31.67435293
      155.2440465
     -237.3432177
     -98.56808352
   0.001905487456
      2.537758630
     -481.4004827
     -272.4767132
     -128.4594024
  3.782663010E-05
      1.922106833
      421.0540866
      253.5295097
     -120.9338907
 -3.913473017E-05
     -1.065880137
     -222.1007102
      546.8752444
     -56.88103933
    0.05000000000
     0.1000000000
     0.1500000000
     0.2000000000
     0.2500000000
   Q=    0.0000
