      0.000000000
      0.000000000
      0.000000000
      0.000000000
      0.000000000
    -0.4919474323
   -0.01600562817
     0.1511135150
   -0.06537370122
   0.009019229968
     -1.620110846
    -0.6177108691
     0.5015308856
    -0.1357309298
    0.01320400527
     -5.422150955
     -2.291418877
      1.151858773
    -0.2455542763
    0.01937941040
      3.928488857
     -5.719910837
      2.211975707
    -0.3802512191
    0.01930761931
     -1.460357395
     -3.907292856
      3.604301021
    -0.4288369197
  -0.003294009024
     0.2241902411
      5.314776945
      6.335367585
   -0.08203786538
   -0.06234526721
    0.06482579354
      4.257986316
      8.984106440
      1.341216995
    -0.1174571284
   -0.04169763551
     -5.975728240
      4.706837069
      3.786324145
    0.02066912229
    0.01196720571
      3.884540002
     -4.113346788
      5.008346453
     0.6295206926
  -0.002309420054
     -1.675580344
     -2.085807750
      2.751427432
      1.748156287
  0.0003147956014
     0.4898142345
      2.384395282
     -1.404626711
      2.857651021
 -2.733194201E-05
   -0.08146572413
     0.4043945709
     -3.087571910
      3.040032636
  4.064000482E-07
  -0.004042900573
     -1.831601601
     0.7400206699
      1.920099304
  3.433261708E-07
   0.007954118183
      1.554241648
      3.701910547
     0.5277447658
    0.05000000000
     0.1000000000
     0.1500000000
     0.2000000000
     0.2500000000
   Q=    0.0000
