      5.163832618
     -3.516425705
      1.057540958
   -0.07636831925
   -0.01759264479
     -9.271078278
      5.955315414
     -3.642698134
      1.227081808
    -0.1646242842
     -37.65605923
      26.04819808
     -11.89854216
      3.128067654
    -0.3585101847
     -404.9213845
      116.8578584
     -37.44357644
      7.930676277
    -0.7582402229
      510.5830424
      179.5619445
     -66.45775050
      12.26239583
    -0.8715429921
     -221.4858641
      392.1354497
     -101.0136601
      10.42850545
     0.2412830735
      64.53399897
      131.2773401
     -43.77938669
     -21.29847242
      5.082664149
     -10.74783708
     -80.85555919
      83.62191711
     -108.1436393
      16.58569272
     0.1524754896
     -153.1128603
      236.6119358
     -260.5540522
      36.73520803
     0.4492176392
      190.3559581
      4.156933544
     -374.8756213
      63.27992725
    -0.1400677683
     -108.2990844
     -279.3226220
     -259.9390847
      93.18127624
    0.02507079099
      37.94186649
      116.7066283
      165.4760105
      124.4487638
  -0.003003624346
     -8.353330022
      96.46184953
      388.4588980
      149.5626068
  0.0002229414738
     0.8074494150
     -136.0165920
     -156.8534126
      134.0830050
 -2.375227789E-06
     0.1931783194
      82.18403498
     -520.5230975
      60.72470980
    0.05000000000
     0.1000000000
     0.1500000000
     0.2000000000
     0.2500000000
   Q=    0.0000
