     -35.71929004
      32.49259376
     -15.83046340
      4.199360853
    -0.4751681985
     -83.22708253
      58.27626542
     -23.36551319
      5.310209531
    -0.5295254921
     -377.9286208
      155.7625676
     -59.04882112
      13.72869317
     -1.382734533
      949.7566095
      157.3603372
     -89.77666762
      18.75055453
     -1.515725640
      521.6236727
      658.3740747
     -164.2425217
      21.62227834
     -1.228524408
     -424.9235811
      962.6836743
     -81.93902305
     -1.373787610
     0.4872713637
      155.9171796
      749.0739983
      207.4879382
     -41.88919175
      2.388824533
     -24.76031142
     -140.1174524
      702.7471036
     -79.37304142
      3.647268631
     -1.523607888
     -684.9442179
      865.0651034
     -33.96608635
      3.585119162
      1.815188524
      725.0437902
      158.5067825
      138.4048060
      8.383907749
    -0.4935983166
     -376.1199969
     -740.1374330
      354.6382155
      28.06454456
    0.08040326863
      117.1733638
     -100.3860285
      350.3382795
      64.35608116
  -0.008201786528
     -18.88149134
      887.8765061
     -3.318097427
      91.73625483
  0.0003181946998
     -1.664060859
     -906.7632421
     -417.2014314
      78.94603939
  6.198515787E-05
      2.146753152
      538.2187621
     -430.5414873
      33.23417710
    0.05000000000
     0.1000000000
     0.1500000000
     0.2000000000
     0.2500000000
   Q=    0.0000
