      20.35207227
     -12.75446472
      3.934214907
    -0.5766813043
    0.02928685253
      58.26366376
     -30.09362991
      6.748320063
    -0.6679184929
    0.04233302923
      565.4809716
     -90.42072833
      10.29987979
     -1.211376310
     0.1803120852
     -837.2430161
      87.05528976
      1.455214803
     -4.031303228
     0.5981202466
      281.1782294
     -216.3031736
      67.52851916
     -12.92704964
      1.186778050
     -51.26998830
     -200.8217930
      67.10207482
     -16.71763620
      1.946625923
      2.231179610
      28.25740226
      91.46314035
     -32.79380183
      3.990452028
     0.2371708890
      2.478106791
      47.83574754
     -52.13115145
      7.202739255
     0.3234687265
      62.03151849
     -138.1873210
     -89.92333869
      13.15776103
    -0.1805296238
     -70.14243479
     -195.2724373
     -137.5299440
      21.42801758
    0.04394008703
      34.36960271
      200.5181217
     -122.2955162
      32.82579095
  -0.006116913816
     -8.494709524
      20.01926235
      12.07333074
      49.32033873
  0.0003637749012
    0.01063555902
     -159.9708424
      58.65342662
      64.21219753
  4.959779640E-05
     0.9196420542
      152.4458326
      18.83508474
      52.34113713
 -1.750354254E-05
    -0.4387608814
     -86.06514290
      52.14867557
      18.41404186
    0.05000000000
     0.1000000000
     0.1500000000
     0.2000000000
     0.2500000000
   Q=    0.0000
