     -2.266358460
      2.064039986
    -0.8780719652
     0.1792837273
   -0.01301068419
     -6.817150884
      3.447409167
    -0.9205332804
    0.09214049727
   0.004294183908
     -21.97606590
      8.236349571
     -2.183503176
     0.2166270490
    0.01057397347
      25.56286034
      10.80242602
     -1.853344300
    -0.3420256378
    0.09026860271
      59.87452983
      37.94664873
   -0.07780680669
     -1.534277655
     0.1746425273
     -37.10690144
      68.57401313
      14.89869594
     -3.662928910
     0.1828460453
      12.44844697
      55.94296119
      44.49434580
     -3.319724825
    -0.1482061575
     -1.903560591
     -3.841323904
      72.48951281
      4.781649744
    -0.8639941389
    -0.1074665241
     -52.89578898
      61.38788095
      24.22608694
     -1.525327770
     0.1331934425
      53.67669258
     -4.499867374
      45.43996754
     -1.032312425
   -0.03657812505
     -27.98029540
     -46.09077555
      44.08235733
      1.197424970
   0.006086375789
      9.019243072
      1.974130071
      9.123297848
      3.722738911
 -0.0006524035907
     -1.630450668
      51.22462732
     -26.06062254
      3.917787540
  3.229482958E-05
   -0.03351053919
     -58.23372215
     -17.66081953
      1.662423140
  3.441874713E-06
     0.1362801916
      36.93624683
      2.055352368
    0.07059610124
    0.05000000000
     0.1000000000
     0.1500000000
     0.2000000000
     0.2500000000
   Q=    0.0000
