    -0.7199173033
     0.7560710385
    -0.3766442756
    0.09482534722
  -0.009682440909
     -3.943889311
      2.047241064
    -0.6483207186
     0.1136665928
  -0.008357293852
     -13.83418968
      4.551081807
     -1.337202019
     0.2502412243
   -0.02029329886
     -13.08445229
      6.986578352
     -2.033168324
     0.2859405897
   -0.01112617513
      61.93010860
      14.45910964
     -2.845280710
     0.1107330023
    0.01900136235
     -33.09500979
      41.18460615
    -0.7298250937
    -0.7416561410
    0.07317591447
      10.15879632
      40.57873440
      13.07354255
     -2.226775279
    0.07151483045
     -1.440857416
      4.561452626
      34.76115928
     -2.086031471
    -0.1540185866
    -0.1133924063
     -47.61581133
      45.30477328
      2.733143786
    -0.6908928863
     0.1096334533
      44.38116540
      8.519617988
      12.89796183
     -1.385319339
   -0.02900129272
     -22.21491173
     -38.66133822
      19.53088726
     -1.742934919
   0.004708172552
      6.917223838
     -4.897405725
      13.18098518
     -1.437208093
 -0.0004914118988
     -1.184129612
      46.12510193
     -2.707156890
    -0.5034699186
  2.267051464E-05
   -0.04996754544
     -47.65141115
     -17.64560711
     0.5366378959
  2.846122726E-06
     0.1084125967
      28.67333844
     -21.01427600
     0.7080664674
    0.05000000000
     0.1000000000
     0.1500000000
     0.2000000000
     0.2500000000
   Q=    0.0000
