     0.2346500993
    -0.2356861668
     0.1095982274
   -0.02478803189
   0.002117705491
      1.153905636
    -0.5749063556
     0.1639280212
   -0.02207397374
  0.0006312210549
      4.429499590
     -1.348463850
     0.3328146582
   -0.04328997192
  0.0009756274035
      7.270062201
     -1.873566453
     0.3523285843
  -0.001530819247
  -0.008708015410
     -1.769992940
     -2.288899522
     0.2787706255
     0.1294125467
   -0.03467684328
    -0.4430052110
     -2.122943945
   -0.03023539172
     0.5551955348
    -0.1060243345
     0.2302273947
      3.610271261
   -0.04615307180
      1.696050655
    -0.2601720181
    0.01404570729
      3.425967567
      2.113159183
      4.280892596
    -0.5083039170
   -0.02944386748
     -5.680315750
      4.613614095
      8.568296160
    -0.7412922972
    0.01032551147
      3.944956856
      3.344095547
      11.87625734
    -0.7121509884
  -0.002076243303
     -1.581604900
     -2.069521843
      8.685019431
    -0.3147376457
  0.0002616996614
     0.3554115926
     -3.858903314
     -1.987488341
    0.07948110303
 -1.475020277E-05
  -0.001092605910
      7.061302503
     -8.187188899
   -0.07398707869
 -1.972395397E-06
   -0.03600219210
     -6.145340551
     0.6160546240
    -0.5109241219
  6.912319328E-07
    0.01739169793
      3.561948006
      6.687623690
    -0.3895076288
    0.05000000000
     0.1000000000
     0.1500000000
     0.2000000000
     0.2500000000
   Q=    0.0000
