      0.000000000
      0.000000000
      0.000000000
      0.000000000
      0.000000000
      2.977525015
     -1.300114044
     0.2899438209
   -0.02135407800
  -0.001197261177
      10.53737230
     -1.462753309
   -0.07334760665
    0.06519430782
  -0.006956362780
      21.41447989
     0.7992699342
    -0.6098600640
    0.08982287649
  -0.007603663031
      1.124416901
      8.018517297
    -0.8048263163
    0.07533414564
   -0.02664088516
     -3.486934228
      14.95285240
      1.362121963
     0.1858797458
    -0.1131713413
      1.393484179
      17.65952317
      7.709307690
      1.356696336
    -0.3719374720
   -0.04269440297
      1.454012697
      17.66216553
      5.331552438
    -0.8976127056
    -0.1180172201
     -17.55150457
      20.55916803
      12.97514603
     -1.651890391
    0.04789612315
      15.94427019
      4.377636849
      19.76266170
     -2.418220976
   -0.01051322592
     -7.549172287
     -15.90099839
      15.79267120
     -3.054566328
   0.001462687499
      2.070077451
     -3.536894590
    -0.8854740151
     -3.655423082
 -0.0001097335138
    -0.1945685832
      21.27068577
     -11.72984754
     -4.005197894
 -4.256388470E-06
    -0.1103225119
     -21.82352380
     -2.938123981
     -3.185928264
  2.776102166E-06
    0.06747262804
      13.30564271
      3.491186061
     -1.213639525
    0.05000000000
     0.1000000000
     0.1500000000
     0.2000000000
     0.2500000000
   Q=    0.0000
