      14.17998160
     -14.76567502
      6.965475433
     -1.622693119
     0.1488268303
      54.91911985
     -27.42246576
      8.356217162
     -1.282684449
    0.05341859048
      94.84633755
     -56.09621648
      19.39887161
     -3.014217225
     0.1094299499
     0.1721153637
     -115.0821015
      23.68811428
     0.4589544545
    -0.5093930039
     -360.3110702
     -270.1523059
      3.610067773
      11.58954796
     -1.638261500
      196.8981148
     -460.6311380
     -103.6725219
      37.24829200
     -3.646639650
     -67.43744072
     -332.4737690
     -311.5665646
      74.50398391
     -6.508571031
      12.25129292
      203.5500403
     -444.8395570
      114.9199593
     -10.89402609
    -0.3589572430
      111.0124989
     -211.3269106
      148.1236782
     -18.00330185
    -0.4682660077
     -191.0196045
      182.3121328
      142.8888127
     -29.92843045
     0.1541330541
      116.5884848
      157.6981667
      20.29663894
     -50.79135692
   -0.02818274528
     -42.20015616
     -84.81352372
     -168.9804491
     -83.28295625
   0.003384077432
      9.295328315
     -124.8402874
     -117.1953702
     -109.2271777
 -0.0002385096007
    -0.7314541730
      180.2631432
      166.3409318
     -91.20676855
 -1.769922098E-06
    -0.3325184363
     -119.9645488
      194.6483580
     -35.05185026
    0.05000000000
     0.1000000000
     0.1500000000
     0.2000000000
     0.2500000000
   Q=    0.0000
