      0.000000000
      0.000000000
      0.000000000
      0.000000000
      0.000000000
   -0.06443704464
    0.03480309604
   -0.01205539776
   0.002435065762
 -0.0002225496638
    -0.4688972547
     0.1133785231
   -0.02173831541
   0.002820998047
 -0.0002381972809
     -1.734327951
     0.1262825320
  -0.007416060019
   0.002932122162
 -0.0007137858355
    -0.9026555012
    -0.3630284001
    0.01557184668
    0.01683029323
  -0.002790089124
     0.6927980730
     -1.321650578
    -0.1549080278
    0.07161004164
  -0.006688052094
    -0.2039747303
     -2.547062065
    -0.8740870076
     0.1694949151
  -0.008848333829
  -0.008582605389
     -1.161729667
     -2.368880859
     0.2109489906
 -0.0003970057323
    0.02265643348
      3.383654267
     -3.128675163
   -0.05216626918
    0.02551694110
  -0.008140963650
     -2.715467718
    -0.6328805182
    -0.6765027038
    0.05531680974
   0.001699652638
      1.222916779
      2.573588190
     -1.147760698
    0.05700955620
 -0.0002278707356
    -0.3223706066
     0.6357783892
    -0.8028136370
    0.01117538462
  1.610499639E-05
    0.02694207532
     -3.431529677
     0.2491274759
   -0.05711057210
  8.179359806E-07
    0.01804300835
      3.384691362
      1.053172257
   -0.08952142788
 -4.402136664E-07
   -0.01042541021
     -1.984591023
      1.101735085
   -0.05672185223
    0.05000000000
     0.1000000000
     0.1500000000
     0.2000000000
     0.2500000000
   Q=    0.0000
