      0.000000000
      0.000000000
      0.000000000
      0.000000000
      0.000000000
   -0.03426927463
    0.01649134349
  -0.004460774109
  0.0005428326778
 -1.036246990E-05
    -0.1335221601
    0.02257926617
 -0.0003946997363
 -0.0007632604764
  9.996130124E-05
    -0.2652071451
  -0.009652430084
   0.009924932978
  -0.001627868806
  4.812864208E-05
   0.003313602828
    -0.1191795943
    0.01975976594
 -0.0003381925894
 -0.0002178966366
    0.03476038101
    -0.2383266579
  0.0005577222116
   0.006564004831
 -0.0008096405969
   -0.01760033159
    -0.2424717298
   -0.08273958991
    0.01956197780
  -0.001469677651
   0.001895816274
    0.08240328752
    -0.2173928725
    0.02938249909
  -0.001486744099
  0.0009069004058
     0.1300373774
    -0.2411851217
    0.01754958771
 -0.0002523073569
 -0.0004607090806
    -0.1527134193
   -0.03007494288
   -0.02172358063
   0.001791513765
  0.0001087561610
    0.07889325400
     0.2306188839
   -0.06546969435
   0.002820522487
 -1.576553170E-05
   -0.02278140847
   -0.01846669236
   -0.06627173131
  0.0005451691427
  1.241107061E-06
   0.002424067273
    -0.2023700875
   -0.01289585924
  -0.004655631255
  3.490226299E-08
   0.001074934109
     0.2216948799
    0.08951745975
  -0.008685564216
 -2.828771089E-08
 -0.0006884391892
    -0.1339955492
     0.1146308582
  -0.005446168760
    0.05000000000
     0.1000000000
     0.1500000000
     0.2000000000
     0.2500000000
   Q=    0.0000
