     -10.51578482
      8.509260497
     -3.737147028
     0.8837866055
   -0.08624888783
     -35.83991193
      22.55997870
     -7.718349938
      1.405768393
    -0.1057567495
     -262.2484914
      71.79374187
     -17.90825937
      3.001457632
    -0.2363475460
     -29.45233215
      64.68924626
     -23.30251377
      4.294278404
    -0.3121902686
      175.6441756
      171.0616449
     -47.78732634
      6.789305442
    -0.3430611628
     -81.04078174
      194.7754748
     -47.60010251
      5.585788153
   -0.06120046716
      23.26394238
     -60.67426894
     -31.23712636
      3.198049099
     0.4988049970
     -3.584021298
      49.21085542
      14.16804460
     -3.541198924
      1.518425956
    -0.1077196138
     -100.7534262
      143.8344779
     -6.657709870
      1.909198158
     0.2173545214
      94.24683802
      47.40390079
      6.476744234
    -0.4566606309
   -0.06324621818
     -50.39018525
     -177.4009284
      3.802858879
     -9.386577768
    0.01113648316
      17.38029171
      93.09336192
     -2.791436110
     -27.41933068
  -0.001323417187
     -3.808284606
      21.84665986
      36.79157619
     -42.19795578
  9.499710149E-05
     0.3400426591
     -58.78671720
     -14.80851654
     -33.20628365
  9.987562900E-08
     0.1126983736
      42.70032809
     -101.9189520
     -10.10639273
    0.05000000000
     0.1000000000
     0.1500000000
     0.2000000000
     0.2500000000
   Q=    0.0000
