      0.000000000
      0.000000000
      0.000000000
      0.000000000
      0.000000000
     0.1340961322
   -0.01527790221
   -0.01908855334
   0.007375067509
 -0.0006052318945
     0.5738302282
     0.1039829911
   -0.07419124905
   0.008133727135
   0.001009573926
      2.100797376
     0.6312588474
    -0.1191639667
   -0.02239688727
   0.006400466664
      1.579789068
      2.232859125
    0.09856311577
    -0.1387900396
    0.01745226208
    -0.9973381135
      4.155094741
      1.278612742
    -0.3906418289
    0.03081196877
     0.3280860760
      3.868652591
      3.904757590
    -0.7029500515
    0.03262057600
  -0.007810520046
     0.5067233048
      6.640108272
    -0.8350855301
  -0.001132277927
   -0.02660433782
     -3.857171803
      5.643689256
    -0.5767162335
    -0.1033303119
    0.01077294310
      3.551635635
     -1.296495230
   -0.05680856576
    -0.3097597147
  -0.002414199752
     -1.766067611
     -5.009245815
     0.3946677583
    -0.6170789677
  0.0003486835398
     0.5245141471
      2.006497156
     0.9158869597
    -0.8878028230
 -2.908485155E-05
   -0.07071143878
      2.652601955
     0.8477959733
    -0.8476407430
 -2.160544911E-07
   -0.01551317097
     -3.685956542
     -1.485785589
    -0.4377679990
  5.199519370E-07
    0.01246881237
      2.390868027
     -2.783082566
   -0.06678229088
    0.05000000000
     0.1000000000
     0.1500000000
     0.2000000000
     0.2500000000
   Q=    0.0000
