    0.04233079653
   -0.03496404665
    0.01175555255
  -0.001330648385
 -3.802430895E-05
     0.1684736349
   -0.05914168542
   0.003992078411
   0.002410986573
 -0.0003903414541
     0.7243435380
   -0.09627185746
  -0.006522917327
   0.004631267981
 -0.0004193581896
     0.7239761127
     0.1308658623
   -0.06428027821
   0.009955277367
 -0.0002699754673
   -0.05942743568
     0.4166646932
   -0.08662854562
   0.001564637174
   0.001618570932
   -0.09136818754
     0.6145413949
   -0.06685061637
   -0.02746653405
   0.006173472905
    0.05617468430
     0.4913410670
    0.05982056601
    -0.1078565309
    0.01570856052
   -0.01221693667
    -0.4014290815
     0.2768908034
    -0.2521654204
    0.02941801666
  0.0002626691152
   -0.07161794808
     0.3089748144
    -0.4135359593
    0.04306619187
  0.0005667144613
     0.2176404532
    0.04945806517
    -0.4382190431
    0.05117130463
 -0.0001780921260
    -0.1328995364
    -0.3409103787
    -0.1326951644
    0.05778076119
  3.028767045E-05
    0.04331133428
   -0.02923220670
     0.3515950368
    0.07998353373
 -3.098890716E-06
  -0.006770678427
     0.3737485152
     0.3750987034
     0.1166180457
  1.103906866E-07
 -0.0008040573150
    -0.3661902086
    -0.3298653118
     0.1204689393
  2.531865887E-08
  0.0008457240423
     0.2018106559
    -0.6261693856
    0.05858232845
    0.05000000000
     0.1000000000
     0.1500000000
     0.2000000000
     0.2500000000
   Q=    0.0000
