      2.153659474
     -1.921699290
     0.7312147505
    -0.1164688570
   0.004334840071
      9.783614457
     -3.852493494
     0.6085486128
    0.02912119026
   -0.01340649924
      37.75945261
     -7.063496518
     0.6412339751
    0.06967779732
   -0.01828791063
      53.03054625
     -1.168967655
     -1.335759795
     0.4454199648
   -0.05954259024
     -1.720544125
      9.215745522
     -2.673290156
     0.8281925588
    -0.1355201217
     -8.767634500
      18.77900647
     -2.623070538
      1.957283164
    -0.3823330214
      4.004960515
      32.45003025
      3.772964435
      5.134902841
     -1.014706505
    -0.5252593885
      2.522190867
      22.94942011
      13.56633652
     -2.388803998
    -0.1219931965
     -31.26848832
      37.23856653
      29.35106913
     -4.744822717
    0.07367480116
      28.66501583
      16.52930545
      43.44882026
     -8.011136666
   -0.01793860009
     -13.66992892
     -27.58537096
      34.96968189
     -11.88732751
   0.002685650069
      3.837043080
     -12.85815616
     -1.088725953
     -15.51788257
 -0.0002336579036
    -0.4278460639
      43.25614571
     -24.90939839
     -16.49677692
  1.607405598E-07
    -0.1620869737
     -41.30631921
     -7.419220976
     -11.97948112
  3.806343194E-06
     0.1084646437
      24.23967812
      5.391681997
     -4.177828424
    0.05000000000
     0.1000000000
     0.1500000000
     0.2000000000
     0.2500000000
   Q=    0.0000
