     0.3638325555
    -0.3671710811
     0.1703778586
   -0.03808715554
   0.003164846928
      1.950246190
    -0.9561617333
     0.2645025965
   -0.03329846103
  0.0006399654876
      7.900119061
     -2.238115091
     0.5062367423
   -0.05858800392
  0.0004032351721
      15.10990075
     -2.974982469
     0.4782713655
    0.01548522520
   -0.01583714973
     -1.303475004
     -2.633540868
     0.2888355035
     0.2371031282
   -0.06078616353
     -2.168435501
     -1.480832328
    0.06983547712
     0.9616635646
    -0.1843315807
     0.8866609948
      8.766668103
     0.9272244508
      3.040559576
    -0.4428340607
   -0.04079962638
      6.473979818
      6.267092292
      7.978871810
    -0.7976280609
   -0.06083531413
     -12.86966960
      11.23721415
      16.51538792
    -0.8950255342
    0.02475564444
      9.553736781
      6.438456941
      23.55770241
   -0.03635686899
  -0.005323744502
     -4.058323811
     -5.785897068
      18.01341680
      2.063116071
  0.0007217326536
      1.005060347
     -7.480552320
     -2.763039061
      4.211374210
 -5.119225386E-05
   -0.05730417071
      15.65092508
     -15.99129670
      4.270191404
 -2.769525868E-06
   -0.07179470165
     -14.03592628
     0.2415696722
      2.066190353
  1.470163861E-06
    0.03864618657
      8.206519325
      12.66922361
     0.2531217412
    0.05000000000
     0.1000000000
     0.1500000000
     0.2000000000
     0.2500000000
   Q=    0.0000
