      0.000000000
      0.000000000
      0.000000000
      0.000000000
      0.000000000
    -0.4580644575
     0.2050843285
   -0.04858147825
   0.004455861378
  6.940816031E-05
     -1.684704799
     0.2573380057
   0.002007748211
  -0.009213101133
   0.001129542796
     -3.381346089
   -0.05888085834
    0.09120786603
   -0.01725047788
   0.001593277747
     0.2836911841
     -1.064636986
     0.1665803626
   -0.02716161728
   0.004587968551
     0.3301839337
     -1.769514383
    0.02570496177
   -0.06636569178
    0.01483233775
    -0.1598913589
     -2.051975906
    -0.4457197035
    -0.2522400536
    0.03919519164
   0.007904046231
    0.01270717985
     -1.388420401
    -0.7905064255
    0.07134504119
    0.01292044076
      1.952277907
     -2.007026067
     -1.821397560
    0.06586090039
  -0.005412894315
     -1.809579972
     -1.015863001
     -2.832160482
   -0.06739663987
   0.001187136446
     0.8428464536
      1.406650981
     -2.454545790
    -0.3715652965
 -0.0001623291154
    -0.2207102147
      1.203537118
   -0.01581529269
    -0.6928965826
  1.135169392E-05
    0.01449736745
     -3.077788419
      1.919533123
    -0.7247167785
  7.035862007E-07
    0.01538578654
      2.863904487
     0.3463819478
    -0.4050835093
 -3.485253634E-07
  -0.008504692755
     -1.688966174
     -1.112432758
   -0.08946132152
    0.05000000000
     0.1000000000
     0.1500000000
     0.2000000000
     0.2500000000
   Q=    0.0000
