      0.000000000
      0.000000000
      0.000000000
      0.000000000
      0.000000000
    -0.2953733339
     0.1719280663
   -0.06174553464
    0.01138681813
 -0.0006761544308
    -0.9658037909
     0.3021166010
   -0.06528889502
   0.002990686842
   0.001126385938
     -1.417682118
     0.4242397328
   -0.05643553950
   -0.01544081486
   0.005052323760
     0.1869222697
     0.5262479211
    0.03740820300
   -0.08639007084
    0.01805535639
     0.1560355718
     0.2750541720
     0.2802834038
    -0.2882285075
    0.05248666636
   -0.05647013214
    -0.9902969662
     0.4571722229
    -0.7893789574
     0.1327181143
  -0.005341788019
    -0.4595655471
   0.002915826110
     -1.833274428
     0.2917340749
   0.008138931980
      1.233660596
    -0.8711104783
     -3.354622142
     0.5602494133
  -0.002776290201
    -0.9372375276
     -1.097248898
     -4.200811636
     0.9670722673
  0.0005533412244
     0.3879708628
     0.3339811680
     -2.493919817
      1.536548640
 -7.089978111E-05
   -0.09224212817
     0.9886982202
      1.415662150
      2.171438689
  4.506218772E-06
   0.003403435755
     -1.598554206
      2.777080459
      2.454510110
  4.060609717E-07
   0.007954394706
      1.422816806
    -0.7280083035
      1.867748024
 -1.711107343E-07
  -0.004235631743
    -0.8755981812
     -2.241841579
     0.6875159328
    0.05000000000
     0.1000000000
     0.1500000000
     0.2000000000
     0.2500000000
   Q=    0.0000
