     -1.045352516
     0.4903230194
   -0.08090481275
   -0.01314191964
   0.005388516077
      1.988913394
    -0.3306486626
    0.08464649259
   -0.03748478537
   0.006679219151
     -17.74973046
      3.734889341
    -0.6236834392
    0.05451506980
  -0.002309600207
      34.04902192
     -4.044179334
    -0.2915451001
     0.4167223317
   -0.07796643205
     -16.76631997
     -3.967205007
     -6.085355518
      2.712005770
    -0.3797670154
      4.875439522
     -34.39239948
     -20.31317422
      8.885643193
     -1.181937707
     -2.611720019
     -50.44005475
     -48.66210268
      23.70958096
     -3.150283652
      1.067420165
      75.54879504
     -48.27802014
      52.22320531
     -7.294440379
    -0.2952497084
     -51.89578903
      39.64736900
      96.82131780
     -14.89373936
    0.05841194714
      23.88979902
      64.26050686
      129.5480749
     -26.94011841
  -0.007807484664
     -6.839849793
     -41.20683162
      74.72313335
     -44.56894094
  0.0005435569475
     0.8495130341
     -7.114198893
     -56.54045216
     -66.58563792
  4.208593305E-05
     0.2897097682
      28.31829004
     -80.21398890
     -79.11218163
 -2.124843825E-05
    -0.2343898886
     -27.07767300
      35.07809111
     -61.19793192
  4.135464214E-06
    0.09211106273
      16.87587870
      58.99427108
     -22.11088159
    0.05000000000
     0.1000000000
     0.1500000000
     0.2000000000
     0.2500000000
   Q=    0.0000
