      0.000000000
      0.000000000
      0.000000000
      0.000000000
      0.000000000
      180.6274228
     -97.10190472
      32.76563186
     -6.232035510
     0.5019577414
      624.0934658
     -151.5688815
      27.51975426
     -2.399921261
  -0.004855712878
      706.6226205
     -73.49314918
      3.284541600
      1.455871038
    -0.2741319419
     -212.6007137
      103.5768649
     -41.19699246
      10.16387044
     -1.121485985
     -6.633281732
      433.3375548
     -131.2640405
      26.18387399
     -2.501224257
      24.98051880
      398.3181381
     -172.4537561
      42.25974097
     -4.483252385
     -5.512649861
     -324.3491525
     -108.7913515
      66.66453923
     -8.172199799
    -0.4121537583
     -61.07534872
      170.5739191
      102.7653995
     -13.58158714
     0.4724858149
      160.7352567
      365.5890336
      171.4066619
     -19.79457009
    -0.1208485940
     -84.60377633
     -212.4335307
      205.8081187
     -21.00266137
    0.01678793168
      20.46362916
     -296.4161779
      90.22288646
     -14.72900850
 -0.0009657598584
     0.6219892158
      541.6372148
     -65.11309453
     -4.482625107
 -0.0001427370509
     -2.612826089
     -443.1667824
     -128.2203725
      5.015935737
  4.880627338E-05
      1.203416959
      237.0543860
     -148.1879556
      6.461608271
    0.05000000000
     0.1000000000
     0.1500000000
     0.2000000000
     0.2500000000
   Q=    0.0000
