      14.29645860
     -16.56320042
      8.779392425
     -2.330188543
     0.2493623829
      110.4501776
     -56.13028359
      17.72265165
     -3.070798139
     0.2155163734
      411.2952752
     -119.6488328
      30.17797322
     -5.009330059
     0.3897889872
      920.9538270
     -149.8670053
      27.50862898
     -3.168859329
     0.1045229856
     -147.7913495
      10.11878616
     -7.841703629
      3.331325806
    -0.5330122065
     -83.42074199
      263.5063420
     -61.39621561
      13.74425766
     -1.717755838
      49.21073286
      569.1148233
     -84.27109564
      27.26228438
     -3.874371974
     -7.260775897
     -121.5143842
      82.92160397
      42.16105966
     -7.152510195
     -1.422258030
     -345.4073085
      359.1885642
      72.39757830
     -10.58849646
     0.9180535495
      351.2061781
      379.2354501
      121.7534831
     -9.317983758
    -0.2220620598
     -166.6383905
     -367.9601621
      169.8655413
      4.480480159
    0.03197985278
      43.53338104
     -311.1863013
      151.4195373
      35.19383061
  -0.002454398605
     -2.863955347
      705.9004884
      68.83915375
      70.73712884
 -8.014179105E-05
     -2.871946247
     -600.3297326
     -204.3283595
      82.28621357
  5.715860095E-05
      1.536304002
      321.9906418
     -418.3580491
      45.18541656
    0.05000000000
     0.1000000000
     0.1500000000
     0.2000000000
     0.2500000000
   Q=    0.0000
