      2.036771592
     -1.865250714
     0.7596678085
    -0.1406781304
   0.008519941533
      8.755680583
     -3.779834466
     0.7815471696
   -0.03732904931
  -0.006607054296
      33.85307386
     -7.770681864
      1.289027284
   -0.08188147705
  -0.006539128948
      40.72428477
     -5.029116395
    0.07672877667
     0.2502701000
   -0.04970984091
     -11.54322911
     -2.372278140
    -0.8892014109
     0.7061840768
    -0.1227866289
     -1.314768737
     0.7532064929
     -2.863539216
      1.987461582
    -0.3185356837
      1.275087141
      19.94757407
     -2.314972393
      4.854258020
    -0.7253803320
   -0.08302232783
      5.145486595
      8.749140926
      11.48808733
     -1.434646444
   -0.09999104825
     -19.92145651
      20.68145021
      23.43428412
     -2.229852165
    0.04292350476
      16.28481492
      14.64266646
      33.98379136
     -2.500641270
  -0.009374793649
     -7.092922225
     -13.02158381
      27.35419727
     -1.886249631
   0.001257253760
      1.714188249
     -14.73011329
     -1.728778699
     -1.102360252
 -8.165518156E-05
   -0.05084839959
      31.07692662
     -21.68201360
     -1.288067382
 -7.012065363E-06
    -0.1498057361
     -27.22492669
     -2.976324229
     -1.778240044
  2.923964941E-06
    0.07496217617
      15.40971657
      11.57794334
    -0.9910940286
    0.05000000000
     0.1000000000
     0.1500000000
     0.2000000000
     0.2500000000
   Q=    0.0000
