    0.09041943662
   -0.08107507515
    0.03200001017
  -0.005582503967
  0.0002941711691
     0.3922903840
    -0.1626171534
    0.02958517187
 -0.0003171403367
 -0.0003531708521
      1.637814171
    -0.3221540522
    0.03996788455
  -0.001429914160
 -0.0001254654979
      2.248980513
   -0.05736461804
   -0.03391039614
   0.008230116133
 -0.0008996022049
     0.1657880411
     0.4637833024
   -0.05067819008
   0.005570960945
  -0.001652996482
    -0.5115014259
      1.123183940
    0.06041478757
    0.01209012440
  -0.006784921606
     0.2211269246
      1.816242808
     0.5187403366
    0.07359443305
   -0.02164116395
   -0.03212117474
    -0.1776867060
      1.386061944
     0.3273372172
   -0.05194165874
  -0.004685281106
     -1.344918386
      1.604086614
     0.8898649812
   -0.08810133426
   0.003414172935
      1.326767424
     0.4707486893
      1.488459302
   -0.09800648586
 -0.0008623304723
    -0.6529501596
     -1.128721831
      1.424105595
   -0.05306226966
  0.0001324636235
     0.1891439631
    -0.6047325722
     0.2824708908
    0.02665556034
 -1.207691795E-05
   -0.02359305006
      1.993295468
    -0.8729932883
    0.06754736922
  1.467622263E-07
  -0.006630992706
     -1.904946004
    -0.5377992878
    0.03977237409
  1.650729461E-07
   0.004873293351
      1.115861234
    0.09173967534
   0.006825469569
    0.05000000000
     0.1000000000
     0.1500000000
     0.2000000000
     0.2500000000
   Q=    0.0000
