      0.000000000
      0.000000000
      0.000000000
      0.000000000
      0.000000000
      14.18118390
     -6.521509481
      1.584680769
    -0.1239054136
   -0.01210968282
      52.13982075
     -8.683017402
    -0.3153913622
     0.5967342615
   -0.09954701780
      119.1959717
     -1.947285240
     -5.419393171
      2.006105956
    -0.2628559858
     -61.15010881
      25.16643791
     -18.36850161
      5.671187679
    -0.6786455129
      13.98408121
      7.541203514
     -44.02418975
      13.89287397
     -1.559825519
     -1.596451665
     -32.19583409
     -94.35208779
      30.42839133
     -3.269771871
    -0.3524015381
     -22.32684013
     -129.4734767
      57.36116516
     -6.201479168
     0.1938499050
      23.99574184
     -54.14744491
      94.62798932
     -10.61828725
   -0.05424622505
     -16.30708962
      96.42199738
      124.6471973
     -16.12498905
    0.01186321974
      9.549540001
      49.24037209
      91.34854345
     -22.41989617
  -0.002003785949
     -3.990822418
     -96.18222466
     -33.29274496
     -30.48649580
  0.0002567927649
      1.198165626
      64.52085652
     -100.5341225
     -38.12132364
 -2.493166618E-05
    -0.2748131238
     -30.55736051
      25.38170054
     -34.05297492
  1.800922097E-06
    0.05136751849
      12.42848271
      95.55364457
     -14.51913399
    0.05000000000
     0.1000000000
     0.1500000000
     0.2000000000
     0.2500000000
   Q=    0.0000
