     -10.00832607
      10.07521366
     -4.912174407
      1.218160232
    -0.1225456129
     -46.78366802
      24.60425724
     -7.709367987
      1.318340307
   -0.09401901830
     -166.6004352
      53.19704189
     -15.44977569
      2.922118365
    -0.2466706768
     -71.19878895
      66.19592093
     -21.05108619
      3.215523802
    -0.1599580927
      579.0336578
      145.3482112
     -30.36621386
      1.930053122
    0.07024148287
     -316.2032385
      383.8392328
     -8.832992372
     -5.557756361
     0.4477030113
      97.29423489
      385.9272700
      119.7339663
     -17.08415040
    0.04529990955
     -13.52541528
      69.99321885
      329.2412294
     -10.02559665
     -2.857118429
     -1.236619736
     -483.8467923
      442.7406002
      46.99146207
     -9.098865537
      1.092750273
      441.3345755
      101.9764973
      155.9055819
     -16.69334293
    -0.2852976737
     -218.3659534
     -370.6045767
      216.6270619
     -20.33202269
    0.04587519429
      67.12687672
     -77.38912180
      125.7564814
     -17.16496514
  -0.004715063132
     -11.12200707
      481.6188944
     -51.90621743
     -8.625348474
  0.0002024424267
    -0.6854735779
     -486.3853257
     -170.3212200
      1.254608663
  3.068813910E-05
      1.120251027
      290.3800413
     -185.7187656
      5.011253271
    0.05000000000
     0.1000000000
     0.1500000000
     0.2000000000
     0.2500000000
   Q=    0.0000
