      2.235054656
     -2.149117793
     0.9850384293
    -0.2255883765
    0.02022763927
      7.546403003
     -4.010262984
      1.231079529
    -0.1890186861
   0.008720015327
      25.53561597
     -9.682265498
      2.916409325
    -0.4706919680
    0.02544458366
      2.802792701
     -13.14973935
      3.341379679
    -0.2316532071
   -0.02091524686
     -33.41150397
     -28.90640214
      3.336465369
     0.2936967472
   -0.07381215801
      16.95733698
     -37.60903270
     -3.548385797
      1.628843134
    -0.1459903921
     -5.379674846
     -11.70496470
     -16.30622795
      2.760289507
    -0.1364278579
     0.9046026268
      4.152585442
     -26.94779031
      2.757718414
    0.03547805126
  -0.002720389033
      15.42413374
     -23.95176952
     0.7007516813
     0.5419254645
   -0.04349426233
     -18.20803920
      6.603863899
     -2.543000054
      1.541294632
    0.01340141921
      10.36984069
      22.16232268
     -3.776171609
      3.055826770
  -0.002406913710
     -3.674836589
     -12.49411064
     -4.152119041
      4.527133147
  0.0002879184808
     0.8103811857
     -7.725718235
     -3.072219873
      4.537053686
 -2.042016573E-05
   -0.06744775393
      14.20929161
      7.249685693
      2.551128029
 -1.237235458E-07
   -0.02745290446
     -10.06242784
      12.42709917
     0.5208780138
    0.05000000000
     0.1000000000
     0.1500000000
     0.2000000000
     0.2500000000
   Q=    0.0000
