      0.000000000
      0.000000000
      0.000000000
      0.000000000
      0.000000000
    -0.9712748480
     0.3974337195
   -0.07233345497
 -0.0002982780374
   0.001231423160
     -3.482814291
     0.3850935452
    0.07839768729
   -0.03387507680
   0.003159765551
     -7.190429609
    -0.5310899171
     0.3228768443
   -0.05060203557
   0.002772461582
     0.7403163545
     -3.100100399
     0.5195876902
   -0.04828137778
   0.003700680626
     0.5902456400
     -4.556588073
     0.1528773156
   -0.04084862530
    0.01068067320
    -0.3254276728
     -3.890465061
    -0.9268223354
    -0.1948598586
    0.03201555637
    0.02637476887
     0.6400380104
     -2.783793279
    -0.8210319113
    0.05554532251
    0.02228814317
      3.371354182
     -3.997076889
     -2.246936454
    0.01060566289
   -0.01012534884
     -3.385548583
     -1.931665465
     -3.965660530
    -0.2500076926
   0.002282371195
      1.624469726
      3.131241756
     -3.966321691
    -0.8124433324
 -0.0003165936376
    -0.4318952686
      2.094450168
    -0.6781872727
     -1.431331172
  2.240518900E-05
    0.02904863774
     -5.975883119
      2.635570348
     -1.547459032
  1.345135719E-06
    0.02993555312
      5.594556640
      1.166799780
    -0.9633796505
 -6.776387050E-07
   -0.01654815080
     -3.271089473
    -0.8456198747
    -0.2700532998
    0.05000000000
     0.1000000000
     0.1500000000
     0.2000000000
     0.2500000000
   Q=    0.0000
