      3.660870178
     -3.494269350
      1.596125810
    -0.3662092331
    0.03299193225
      10.30122094
     -5.707145444
      1.839731781
    -0.2966142645
    0.01386653858
      27.71295567
     -13.84341405
      4.742466795
    -0.7920204890
    0.04117233684
     -45.56736496
     -21.09095395
      5.845953206
    -0.3584869600
   -0.03682094387
     -77.44670514
     -61.17649499
      5.596611921
     0.5988810871
   -0.08359511861
      49.41705397
     -91.33100344
     -11.75381465
      2.356238929
   -0.01840682107
     -16.58149340
     -66.74810211
     -48.03945845
     0.2423250983
     0.4201763062
      2.468555133
     -4.145899648
     -91.62884686
     -12.74822288
     0.9468086677
     0.1827582536
      78.47969721
     -93.61286991
     -42.13665961
     0.1148819695
    -0.1897822708
     -76.49028510
     -1.798507438
     -72.90091420
     -4.917627446
    0.05115313409
      39.24922872
      70.79874649
     -66.13942631
     -15.33028227
  -0.008412863107
     -12.47297509
     -2.765293787
     -9.847478683
     -26.28353075
  0.0008869869560
      2.188597558
     -74.16988008
      39.31647123
     -28.41124068
 -4.105682996E-05
    0.08023563661
      83.52024566
      22.04462716
     -18.28173722
 -5.307897192E-06
    -0.1993767153
     -52.73191996
     -7.495440986
     -5.427837723
    0.05000000000
     0.1000000000
     0.1500000000
     0.2000000000
     0.2500000000
   Q=    0.0000
