      0.000000000
      0.000000000
      0.000000000
      0.000000000
      0.000000000
   -0.01435466327
   0.005659744572
  -0.001347592476
  0.0003358116757
 -6.926149624E-05
   -0.05647293496
   0.003222472213
 -0.0003237916082
   0.001045234628
 -0.0002545875241
    -0.1788281628
   -0.02506221871
  -0.005225249379
   0.005438558094
 -0.0007869023127
    -0.2417764060
    -0.1447133658
   -0.04288399036
    0.01772496732
  -0.001473023565
     0.1412158635
    -0.3918312831
    -0.1896041198
    0.03860575208
  -0.001093188303
   -0.04185321329
    -0.5387122514
    -0.5239197250
    0.04752347487
   0.003459589668
 -0.0004949482584
    -0.1512404589
    -0.8928848636
  -0.003104170548
    0.01656344225
   0.003942792903
     0.5722570983
    -0.7477277122
    -0.1316321732
    0.04248027896
  -0.001492525218
    -0.4919037187
     0.1773226424
    -0.2377367269
    0.08557379296
  0.0003259548695
     0.2379298717
     0.6174569507
    -0.1727075114
     0.1475207237
 -4.653332889E-05
   -0.06998911363
    -0.2492865049
  -0.008819319796
     0.2098833974
  3.871937127E-06
   0.009520936367
    -0.3403962611
    0.05789785313
     0.2207030464
  2.587077668E-08
   0.002000434101
     0.4808494030
     0.1179434405
     0.1457056582
 -6.870698552E-08
  -0.001648114834
    -0.3187746296
     0.1765219464
    0.04361714743
    0.05000000000
     0.1000000000
     0.1500000000
     0.2000000000
     0.2500000000
   Q=    0.0000
