     -1.464658973
     0.6639276110
    0.06321240761
    -0.1442513375
    0.03393537287
     -4.818254753
      1.891670710
     0.2592540798
    -0.3710242475
    0.07464884308
     -53.94874493
      8.467662953
      1.264454307
     -1.183688899
     0.2122112729
     -26.48942092
     0.6731171840
      5.693089676
     -2.782508271
     0.4429630883
      20.67953913
      13.58385556
      8.863563069
     -5.411753941
     0.9002663649
     -4.937272863
      20.56803714
      13.69797977
     -10.07449894
      1.829212835
     0.4904100496
     -32.09300462
      5.082297966
     -15.89545477
      3.798841729
    0.01987875570
      19.47993968
     -21.50821667
     -21.68248948
      8.434168421
   -0.01579022265
     -8.169892426
     -4.923997037
     -19.60381672
      19.13008289
   0.003288085149
      2.660506657
      14.26428886
      1.224155063
      40.82074558
 -0.0006446681841
    -0.9137847520
     -15.97616648
      17.58325447
      73.88353558
  0.0001507931239
     0.4008045608
      15.90188387
      2.324620233
      103.1028611
 -3.367819721E-05
    -0.1776424466
     -12.29443379
     -7.022910642
      102.5456576
  6.176243141E-06
    0.06592963088
      7.307017118
      9.944194920
      65.24306535
 -8.839660177E-07
   -0.01884854949
     -3.026389671
      15.31906646
      20.11499144
    0.05000000000
     0.1000000000
     0.1500000000
     0.2000000000
     0.2500000000
   Q=    0.0000
