     -8.486114788
      7.908546043
     -3.900605503
      1.037822827
    -0.1168586078
     -30.79961410
      19.26976156
     -7.216028007
      1.548463410
    -0.1483755848
     -162.3709448
      53.90346345
     -17.13747688
      3.697014700
    -0.3762826224
     -31.60282990
      62.07326535
     -25.37034997
      5.659122624
    -0.5528232827
      103.9469074
      128.4151121
     -44.51978453
      8.940480214
    -0.8275156833
     -43.98207924
      117.9161581
     -46.62159141
      10.30388946
     -1.014292639
      12.42920240
     -53.03121809
     -32.00537980
      9.425350996
     -1.098356774
     -2.164148895
      13.13521402
      11.13553915
     0.1030454447
    -0.8710703618
    0.06818530207
     -33.19139110
      82.89710055
     -18.70270955
    -0.7969552375
    0.08346999711
      38.27050143
      3.198959840
     -38.01325196
     -1.653697007
   -0.02858588402
     -23.08495851
     -96.25676548
     -43.14216161
     -4.059057529
   0.005504078380
      8.839981657
      74.40236784
      3.421988068
     -6.578941596
 -0.0007251492824
     -2.272821678
     -18.80816437
      61.58366574
     -4.243686210
  6.489879572E-05
     0.3574873108
     -8.231306446
     -12.97075729
      2.558873452
 -2.845387779E-06
  -0.006572040059
      10.21528065
     -85.50659488
      3.778248077
    0.05000000000
     0.1000000000
     0.1500000000
     0.2000000000
     0.2500000000
   Q=    0.0000
