    -0.3985964385
     0.3837243220
    -0.1715850477
    0.03709383209
  -0.002964635549
     -1.647745820
     0.8163565298
    -0.2236989680
    0.02671219962
 -0.0001378466411
     -6.034045748
      1.900999241
    -0.4671611619
    0.05407955420
  2.779067616E-05
     -5.173345448
      2.501069768
    -0.4317446760
   -0.03027747852
    0.01479155952
      6.406617417
      4.874755014
    -0.1856516267
    -0.2428699606
    0.04325720359
     -2.475703273
      7.237578069
      1.342406648
    -0.7878200445
     0.1021127760
     0.7508977157
      1.089316747
      3.796388261
     -1.764831896
     0.1951101910
    -0.1626282954
     -3.691469583
      3.922402332
     -3.434516889
     0.3046961321
    0.02037015109
      1.425237582
     0.2742701860
     -5.874694193
     0.3132296325
  0.0003133718774
     0.3342226240
     -3.779137876
     -7.501230415
   0.005630848508
 -0.0008286519664
    -0.6391948013
     -1.418798406
     -4.926309804
    -0.6792344679
  0.0002202772456
     0.3582590783
      3.894508320
      2.302698031
     -1.304758614
 -3.673343628E-05
    -0.1271188254
     -2.930748924
      5.635579172
     -1.184407733
  4.478031927E-06
    0.03279229448
      1.466644607
     -1.845913850
    -0.4136712488
 -4.082662541E-07
  -0.006353726074
    -0.5849308408
     -6.152461317
    0.04947165071
    0.05000000000
     0.1000000000
     0.1500000000
     0.2000000000
     0.2500000000
   Q=    0.0000
