    -0.8134426881
     0.7370267954
    -0.2918466086
    0.05094494487
  -0.002691184743
     -3.726237701
      1.532335431
    -0.2791443700
   0.003761278262
   0.003184283801
     -15.21109047
      2.975269487
    -0.3624782019
    0.01145881397
   0.001443125815
     -23.35418076
     0.7025355966
     0.3026893469
   -0.07981208645
    0.01012005465
     -2.534590148
     -4.685942459
     0.5093881554
   -0.08845847045
    0.02544695436
      5.734526444
     -11.29581478
    -0.6589454019
    -0.2700203037
     0.1002027965
     -2.387133888
     -18.42691363
     -5.354099028
     -1.282994175
     0.3102660284
     0.3316062479
     0.1706814655
     -14.57769508
     -4.743192164
     0.7366993752
    0.05554818227
      15.58039077
     -17.83413278
     -11.86753198
      1.305707967
   -0.03783482514
     -14.75480726
     -5.703780030
     -18.95958023
      1.712009945
   0.009444883350
      7.172262423
      12.56748131
     -16.91735309
      1.704930518
  -0.001444044554
     -2.067861356
      6.397251306
     -1.647575405
      1.469278010
  0.0001313423105
     0.2579951177
     -21.52976481
      11.39272165
      1.411611054
 -1.566259464E-06
    0.07216242285
      20.70290050
      4.861016907
      1.275187182
 -1.804155613E-06
   -0.05323045112
     -12.20708501
     -2.809976348
     0.5684163609
    0.05000000000
     0.1000000000
     0.1500000000
     0.2000000000
     0.2500000000
   Q=    0.0000
