      0.000000000
      0.000000000
      0.000000000
      0.000000000
      0.000000000
      91.79384019
     -51.78212627
      19.11241117
     -4.192706955
     0.4175053419
      125.2748573
     -43.82619823
      14.53085292
     -3.343670965
     0.3754949153
     -42.08765683
     -53.58863581
      29.75813376
     -8.437253469
      1.035511612
      92.62494742
     -49.88505599
      47.89270024
     -16.49803819
      2.178797062
     -48.69483027
      136.4974727
      98.20512759
     -40.07713078
      5.266953204
      16.26241036
      289.0440537
      225.7366875
     -88.51308109
      11.51910827
    -0.9336692946
     -45.84135081
      343.2247837
     -164.9755117
      23.41216608
    -0.9899901660
     -134.6436792
      210.7760133
     -251.4602258
      43.88959313
     0.4284939940
      138.7334726
     -123.3081488
     -276.9489775
      75.59437548
   -0.09806478153
     -71.67653845
     -199.7180951
     -123.3721923
      118.7368377
    0.01429354871
      21.68280821
      98.20465389
      166.9425782
      164.4712297
  -0.001201746774
     -3.017231213
      97.69430767
      217.4020743
      183.4942036
 -4.496783057E-06
    -0.5578073475
     -138.1287664
     -141.7856816
      140.2432929
  1.984776398E-05
     0.4647704993
      84.85355041
     -285.6074144
      53.03182879
    0.05000000000
     0.1000000000
     0.1500000000
     0.2000000000
     0.2500000000
   Q=    0.0000
