      0.000000000
      0.000000000
      0.000000000
      0.000000000
      0.000000000
    -0.5369335052
     0.2941446117
    -0.1011303837
    0.01933008772
  -0.001501416707
     -1.957156885
     0.5064971987
    -0.1032187396
    0.01066159139
  6.545447203E-05
     -3.280895388
     0.5118516025
   -0.09511109953
   0.004087494111
   0.002239020417
     0.1811201214
     0.1593411664
   -0.08115594967
   -0.03712102528
    0.01278702921
     0.4360293756
    -0.6128354900
    -0.1245585137
    -0.2014579798
    0.04386171379
    -0.1703482237
     -2.676745070
    -0.4706011260
    -0.7201605306
     0.1127374333
  -0.002976523939
    -0.6192076694
     -1.536565326
     -1.972749486
     0.2165143289
    0.01816997031
      2.734182306
     -2.161497774
     -4.040451855
     0.2863513151
  -0.006726682360
     -2.245913024
     -1.260479449
     -5.592691157
     0.1906455439
   0.001404202126
     0.9900246129
      1.046092338
     -4.075472299
    -0.1129689112
 -0.0001868271465
    -0.2512890794
      1.786835830
     0.9365432156
    -0.3996796854
  1.276104419E-05
    0.01545159045
     -3.627618796
      3.878100697
    -0.3308649719
  8.464388842E-07
    0.01796308070
      3.323410321
    -0.2986310987
   0.003319042453
 -4.062145891E-07
  -0.009929855671
     -2.000637070
     -3.203112784
     0.1095747846
    0.05000000000
     0.1000000000
     0.1500000000
     0.2000000000
     0.2500000000
   Q=    0.0000
