   -0.07616539717
    0.06638574777
   -0.02498415830
   0.003878902543
 -0.0001144554274
    -0.2902837339
     0.1174014501
   -0.01783825699
  -0.001696675553
  0.0005927787463
     -1.104595601
     0.2254876839
   -0.02119564851
  -0.004131668352
  0.0009989700692
    -0.4827416957
    0.04899044434
    0.05239878424
   -0.02273565660
   0.002601497064
      1.164536141
     0.2323496476
     0.1392543510
   -0.04500296639
   0.002941621947
    -0.5603231150
     0.7192650866
     0.4491635190
   -0.07213187279
 -0.0007520249195
     0.1656348604
     0.6318600821
     0.9472219277
   -0.02191737193
   -0.01679437233
   -0.02473044122
    0.02098295812
      1.161262116
     0.1930960018
   -0.05083479950
 -0.0006864279194
    -0.5867481469
     0.5574635895
     0.5492871010
    -0.1055982533
   0.001399163465
     0.5771496061
    -0.3932821260
     0.7818082724
    -0.1785816622
 -0.0004019444227
    -0.3083313075
    -0.2959060833
     0.5516044208
    -0.2620088610
  7.028062260E-05
     0.1063503738
     0.1654441146
   -0.09921226805
    -0.3312147692
 -8.266746670E-06
   -0.02297367371
     0.2959323839
    -0.5226530487
    -0.3393130496
  5.648063320E-07
   0.001649548923
    -0.4577868541
   -0.05230985472
    -0.2489433652
  9.559948108E-09
  0.0009499236825
     0.3329760132
     0.3838514839
   -0.09458593639
    0.05000000000
     0.1000000000
     0.1500000000
     0.2000000000
     0.2500000000
   Q=    0.0000
