      0.000000000
      0.000000000
      0.000000000
      0.000000000
      0.000000000
      26.01283664
     -7.711765415
     -1.066637484
      1.270594519
    -0.2297803179
     -5.330876842
      35.28656043
     -20.42443407
      5.284857816
    -0.5153184582
     -102.2564770
      134.4229966
     -45.86226587
      7.495116854
    -0.3951937979
      150.3786367
      308.8597062
     -62.42604290
      3.043316340
     0.6293077909
     -44.71562160
      464.4805108
      5.468968745
     -24.27799405
      4.053951532
      14.82795528
      51.25692202
      248.4480793
     -91.90093100
      11.40754244
     -1.947828755
     -58.03104054
      507.3540165
     -207.3864797
      23.69123833
    -0.4707630387
     -55.42209573
      467.3985637
     -359.9603457
      38.42375068
     0.3280618401
      106.4486102
     -266.0280818
     -453.2947611
      45.73418916
   -0.09204534797
     -73.25104396
     -494.2333292
     -324.0048985
      35.13496780
    0.01595130858
      28.31200141
      511.2168932
      138.3230605
      11.86255590
  -0.001777791340
     -6.564705951
     -197.5712851
      419.4694195
      5.537506213
  9.994482367E-05
     0.6666707454
      14.94044096
     -148.8986558
      19.78520802
  5.998990334E-06
     0.1410854183
      21.30840578
     -491.7308707
      16.05097549
    0.05000000000
     0.1000000000
     0.1500000000
     0.2000000000
     0.2500000000
   Q=    0.0000
