      0.000000000
      0.000000000
      0.000000000
      0.000000000
      0.000000000
      1.456917358
    -0.4965880151
    0.01018254523
    0.04135204301
  -0.008371703832
      5.020498339
    -0.2603877361
    -0.3747849480
     0.1493993499
   -0.01891415156
      10.27361745
      1.255591932
     -1.201280423
     0.3491309592
   -0.03787411879
     -7.834811032
      4.214899554
     -2.950788108
     0.7544932526
   -0.06887284281
      2.569243366
     0.4753849339
     -6.421088972
      1.421291139
    -0.1017852248
    -0.4494826506
     -7.590130677
     -13.20154878
      2.177949995
    -0.1159919257
   -0.07181963885
     -5.394759007
     -18.70558886
      2.382839744
   -0.09891906591
    0.06059738010
      8.508074104
     -10.49435867
      2.033850559
   -0.08035368400
   -0.01903692616
     -6.144812535
      9.560837724
      2.335832758
   -0.06318001681
   0.003955570541
      2.945574862
      8.104262734
      2.706214089
    0.01860567299
 -0.0005767329697
    -0.9461206217
     -9.527006642
    -0.3602100251
    0.09712114157
  5.508497794E-05
     0.1841094530
      2.540378846
     -3.377591566
   -0.08849215519
 -1.872024261E-06
  -0.006299444405
      1.517512105
      1.222553956
    -0.3789720182
 -4.473556514E-07
   -0.01007252843
     -1.814463859
      4.269697039
    -0.2676193420
    0.05000000000
     0.1000000000
     0.1500000000
     0.2000000000
     0.2500000000
   Q=    0.0000
