      0.000000000
      0.000000000
      0.000000000
      0.000000000
      0.000000000
     0.7166146342
     -1.976983672
      1.623287660
    -0.6089448899
    0.08965497371
     -14.51816271
     -3.640295806
      4.203177890
     -1.470915850
     0.1968598682
     -95.54241491
     -15.03870400
      12.67947128
     -3.877230143
     0.4832235191
      54.78825362
     -51.77418142
      30.57486240
     -9.003521397
      1.092581139
     -16.86440167
     -17.48550288
      60.03669809
     -19.66199621
      2.372029385
      3.172874098
      77.49451402
      112.4177934
     -39.50620775
      4.827725342
     0.2696154217
      14.93598061
      142.7704034
     -67.83421592
      9.216722591
    -0.3054282854
     -40.16002218
      44.85350142
     -98.43374788
      16.74182645
    0.09826871846
      30.49615687
     -92.48764903
     -109.7405240
      28.61160624
   -0.02084863007
     -15.39329942
     -30.23054961
     -55.82336105
      45.14980475
   0.003107322876
      5.176619016
      56.91273224
      51.96890549
      63.13070892
 -0.0003079976965
     -1.084112654
     -21.52469014
      70.34251177
      70.36849590
  1.358056072E-05
    0.08445582038
    -0.9993551748
     -37.06698369
      52.25630684
  1.623359946E-06
    0.03209537744
      4.361913868
     -64.01602465
      18.55246096
    0.05000000000
     0.1000000000
     0.1500000000
     0.2000000000
     0.2500000000
   Q=    0.0000
