     -37.27766701
      36.66736932
     -17.36828361
      4.183824240
    -0.4041205602
     -128.2526022
      71.95714479
     -24.17760479
      4.252541531
    -0.2724850607
     -397.1409037
      175.1824044
     -57.47266895
      10.22511140
    -0.6965096718
     -34.08042041
      264.8705414
     -74.87033588
      8.334200001
   -0.09077506108
      677.2416661
      534.3559930
     -85.27392093
      1.443046210
     0.7924458356
     -353.2731506
      692.3689486
      8.792478113
     -21.21498824
      2.552918731
      111.4649460
      276.6779279
      222.1370613
     -52.44449517
      4.329611750
     -17.84213647
     -33.80417923
      465.1606840
     -79.20610706
      5.419626264
    -0.3975192686
     -393.8205989
      510.2735536
     -70.01520930
      4.595196244
      1.017913467
      420.2733999
     -41.29594016
     -2.850690800
      2.429816834
    -0.2953117151
     -227.5534018
     -466.5560561
      83.62294729
      1.527563229
    0.05101828574
      76.68110178
      143.8363755
      150.8452244
      5.371871897
  -0.005800136264
     -15.44060762
      299.3971366
      94.14125936
      17.00506182
  0.0003598069359
     0.6512834793
     -386.5813610
     -194.6593457
      26.80102417
  1.349968619E-05
     0.8093654188
      249.4905105
     -317.0480313
      17.04770714
    0.05000000000
     0.1000000000
     0.1500000000
     0.2000000000
     0.2500000000
   Q=    0.0000
