    -0.7598565022
     0.6144126162
    -0.1944079772
    0.01712324298
   0.001549773338
     -3.134609991
      1.028248967
   -0.02608341704
   -0.05585358432
   0.007808088647
     -13.70956472
      1.503043567
     0.2647160460
    -0.1082341620
   0.007920027553
     -16.53608997
     -3.329266708
      1.442683001
    -0.1857969032
 -0.0002060647627
     -2.782869868
     -10.83137620
      1.825370076
    0.06127685235
   -0.04634299215
      4.366736202
     -16.91423899
     0.5734569357
     0.8085099654
    -0.1489593630
     -1.980751690
     -13.81209690
     -3.848119810
      2.499886293
    -0.3527807893
     0.3728108751
      8.160548751
     -10.24245153
      5.030045805
    -0.6760096183
   0.003797615881
      5.336612137
     -10.57162939
      7.069509266
     -1.147261091
   -0.02098801412
     -8.224094663
     -1.002771980
      5.912488935
     -1.853050569
   0.006162075964
      4.644428576
      10.11602605
    -0.6395257239
     -2.949016112
  -0.001031609036
     -1.493426543
     0.8019344252
     -8.190057214
     -4.377234454
  0.0001064523281
     0.2430710518
     -11.52506726
     -5.767631239
     -5.276521591
 -4.181135538E-06
    0.02137853644
      11.70543485
      8.053031133
     -4.327506310
 -7.899239202E-07
   -0.02731930138
     -6.754621292
      12.24782686
     -1.753619597
    0.05000000000
     0.1000000000
     0.1500000000
     0.2000000000
     0.2500000000
   Q=    0.0000
