      0.000000000
      0.000000000
      0.000000000
      0.000000000
      0.000000000
      21.14451331
     -13.79643605
      6.240054846
     -1.679594066
     0.1977249768
     -64.81821368
      4.052015921
      3.823774475
     -1.428891742
     0.1567015060
     -130.5500176
     -32.33051927
      15.36584311
     -2.647479162
     0.1339089851
     -159.8476331
     -84.04228434
      7.003078539
      3.178620671
    -0.6821054436
      97.92825300
     -239.9316381
     -43.30115235
      21.94686874
     -2.790853948
     -30.46933581
     -423.2341951
     -231.3390424
      70.67500883
     -7.760952277
     0.4048491095
     -43.71587792
     -523.1444694
      147.5336423
     -17.10148725
      2.550104190
      368.4079953
     -494.8511889
      226.8919310
     -34.42357142
    -0.9985816132
     -329.3955629
      92.39435455
      246.8283419
     -64.87290913
     0.2186765824
      159.2555649
      427.0529596
      95.92841721
     -113.1642706
   -0.03069212634
     -45.35970645
     -101.1177437
     -211.0043708
     -174.4619741
   0.002400195489
      5.274721417
     -311.4797267
     -253.4859641
     -214.6722990
  5.371143078E-05
      1.728955171
      363.3766899
      215.7776979
     -177.9456164
 -4.996367813E-05
     -1.175747462
     -219.0441342
      414.6946258
     -71.87033584
    0.05000000000
     0.1000000000
     0.1500000000
     0.2000000000
     0.2500000000
   Q=    0.0000
