      0.000000000
      0.000000000
      0.000000000
      0.000000000
      0.000000000
     0.8673756833
    -0.2801779196
  0.0005488644027
    0.02221252630
  -0.003867133757
      3.073013405
   -0.06168097782
    -0.2267940193
    0.06886255812
  -0.006380665380
      7.135702113
      1.203620935
    -0.6154849588
     0.1117176443
  -0.007387027644
     -1.417037340
      4.377432998
     -1.059415169
     0.1359155052
  -0.006659353876
    -0.1625772484
      5.229870191
     -1.042739740
     0.1072906605
  -0.003393812119
     0.2245290984
      1.845569156
    -0.6466994754
    0.05742912611
  -0.002941230275
   -0.04009406403
     -1.666109761
     0.4080743653
    0.03370424472
   -0.01775988050
  -0.008090654814
     -1.293389788
      2.507012912
     0.3132652922
   -0.07183927261
   0.005567136504
      1.889261191
      2.446356046
      1.204430966
    -0.1668613401
  -0.001371073100
    -0.9760864896
     -2.607335580
      1.949277382
    -0.2560630731
  0.0001943846353
     0.2561182931
     -1.811850818
      1.059098343
    -0.2927613143
 -1.301365341E-05
  -0.008953146764
      4.622654311
    -0.6623001041
    -0.2662587907
 -1.126890069E-06
   -0.02300810300
     -4.111615672
     -1.341193170
    -0.1586038375
  4.750738153E-07
    0.01168179573
      2.297198462
     -1.235830884
   -0.03053487025
    0.05000000000
     0.1000000000
     0.1500000000
     0.2000000000
     0.2500000000
   Q=    0.0000
