      0.000000000
      0.000000000
      0.000000000
      0.000000000
      0.000000000
    0.03769007823
   -0.01156098143
  -0.001366734759
   0.001810738124
 -0.0003336679342
    -0.2271835142
    0.09994882848
   -0.03732185750
   0.008479396294
 -0.0008462834859
     -1.684288335
     0.2782784255
   -0.06278578858
    0.01195195784
  -0.001191295032
     -1.067646843
    0.03139320207
   -0.06266178558
    0.02242084336
  -0.002512414882
     0.7814100899
    -0.7833787706
    -0.1742735041
    0.05756495642
  -0.004355913638
    -0.2125922000
     -2.734529421
    -0.6866831581
     0.1165231633
  -0.003174047936
   -0.01613232442
     -1.667698703
     -2.107116765
     0.1165688361
   0.009209736738
    0.02652494224
      3.982659631
     -3.108121490
    -0.1989909093
    0.03822834638
  -0.009133853480
     -3.052280538
     -1.003705151
    -0.8762704183
    0.06381667551
   0.001862248395
      1.334172904
      2.492316054
     -1.353620922
    0.04669125889
 -0.0002441311918
    -0.3400948948
      1.216137526
    -0.8505162490
   -0.03078839138
  1.641955013E-05
    0.02381467412
     -4.098291135
     0.3928881948
    -0.1189500380
  1.055850945E-06
    0.02127564617
      3.848704488
      1.095968456
    -0.1396855303
 -4.961076747E-07
   -0.01168850780
     -2.214716369
      1.115656439
   -0.07842434144
    0.05000000000
     0.1000000000
     0.1500000000
     0.2000000000
     0.2500000000
   Q=    0.0000
