      0.000000000
      0.000000000
      0.000000000
      0.000000000
      0.000000000
      57.99654316
     -27.21544853
      6.889353826
    -0.6657263459
   -0.01867958395
      188.8002819
     -25.64085810
     -3.182113928
      2.073047388
    -0.2436013666
      265.8233493
      42.20026231
     -21.96024323
      3.734961276
    -0.1837768343
     -83.67751597
      195.0863928
     -37.54347915
      2.443937796
     0.1588494115
      7.102136788
      317.2288606
     -15.33957260
     -6.337529419
      1.073570893
      10.55827269
      155.3037226
      78.09281114
     -24.47004676
      2.545068529
     -4.230229609
     -259.3654265
      178.3944776
     -45.49154388
      4.175379794
     0.6944358248
      114.0454656
      136.6357200
     -61.61036875
      5.186784425
  -0.007348953650
     -4.411698616
     -39.94006537
     -61.36025876
      3.823740093
   -0.02187899325
     -17.39718678
     -171.8491573
     -24.46871201
    -0.9664339458
   0.005274274801
      8.768256085
      138.7648699
      42.26796878
     -6.335950217
 -0.0006481723632
     -1.995770256
     -18.77836782
      72.80605999
     -6.266286372
  3.222672429E-05
    0.04968983352
     -35.06680930
     -58.08642380
     0.1559451015
  4.297704400E-06
     0.1341246918
      30.39860380
     -113.8017093
      1.924262390
    0.05000000000
     0.1000000000
     0.1500000000
     0.2000000000
     0.2500000000
   Q=    0.0000
