     -8.903805075
      7.811274704
     -3.828522151
      1.052507360
    -0.1253650095
     -9.646199831
      10.36340790
     -5.143710963
      1.353541958
    -0.1464698364
     -49.38833387
      32.96960696
     -15.41207759
      3.756529130
    -0.3596541625
      454.3692655
      39.59950663
     -26.19728431
      4.683637916
    -0.2391971993
      236.2295174
      254.4908017
     -49.48511464
      2.553861932
     0.3339217441
     -203.0155325
      454.8308763
     -3.473503143
     -13.33182894
      1.875151952
      76.05637243
      435.7040998
      144.7414639
     -40.17810796
      3.925440190
     -12.15263564
     -103.2414822
      367.9940744
     -63.26523590
      5.790573466
    -0.7347815861
     -324.0820958
      393.2408016
     -39.12545909
      6.279097970
     0.8839821690
      350.7190251
      65.27022677
      59.69380518
      6.183718679
    -0.2399637794
     -182.0701979
     -329.2575416
      190.4281482
      8.064257148
    0.03892679719
      56.39626495
     -79.53998724
      189.1583484
      13.54346256
  -0.003930428364
     -8.864484027
      455.1668808
     -17.35918743
      16.88481361
  0.0001428496222
    -0.9346920134
     -454.9065238
     -215.8112676
      12.90710031
  3.189315986E-05
      1.080829705
      267.9483834
     -197.8360825
      5.432789123
    0.05000000000
     0.1000000000
     0.1500000000
     0.2000000000
     0.2500000000
   Q=    0.0000
