     0.2531436759
    -0.2249369864
    0.08607718117
   -0.01393588560
  0.0005635951474
      1.141030908
    -0.4561672986
    0.07396926466
   0.002582963906
  -0.001395365062
      4.692026415
    -0.8674142732
    0.07964100669
   0.005490123079
  -0.001337798049
      6.582064890
   -0.07761995117
    -0.1625587608
    0.04056457964
  -0.003827848516
    -0.1880512163
      1.332501980
    -0.2913807872
    0.04870701755
  -0.005342258006
     -1.091325406
      2.591778264
    -0.2000725182
    0.08120992162
   -0.01384876806
     0.5055150140
      4.258519467
     0.6376500817
     0.2251719630
   -0.03475625394
   -0.06966957167
   -0.08278295104
      2.875597998
     0.8142004733
   -0.06641223716
   -0.01386798505
     -3.630048546
      4.242279103
      2.256210443
   -0.05212998513
   0.008873846879
      3.437677620
      1.787216729
      3.973066193
     0.1352719059
  -0.002181580952
     -1.653701880
     -3.103764590
      3.946026001
     0.5649377508
  0.0003272517433
     0.4640186409
     -1.803401076
     0.8021287753
      1.035648530
 -2.837372181E-05
   -0.05059248648
      5.451521547
     -2.377340047
      1.118098597
 -5.823416327E-09
   -0.02017727944
     -5.097963768
     -1.363332636
     0.6879098219
  4.656479874E-07
    0.01324255932
      2.948966717
     0.3545341151
     0.1926378691
    0.05000000000
     0.1000000000
     0.1500000000
     0.2000000000
     0.2500000000
   Q=    0.0000
