      0.000000000
      0.000000000
      0.000000000
      0.000000000
      0.000000000
      20.84024871
     -11.18818464
      3.866837030
    -0.7834035247
    0.07156769057
     -6.286920727
      2.337349546
    -0.8234943623
     0.1654981697
   -0.01222855421
      17.46960470
     0.4833355832
    -0.4445561775
    0.07177069525
  -0.006913915242
     -53.90159702
      31.49753205
     -10.68151471
      2.483183652
    -0.2885591950
      27.19390516
      1.363050620
     -21.73941619
      7.708466456
     -1.018906282
     -7.242886219
     -131.2520888
     -64.59130832
      24.62820736
     -3.233498906
    -0.1539976263
     -17.19484209
     -135.1582413
      56.78773516
     -8.233495918
     0.6637393920
      94.53822415
     -99.72710290
      100.6199391
     -18.78844241
    -0.2397279618
     -78.35303389
      42.59587707
      128.3732690
     -38.33457513
    0.05048429836
      36.44656941
      76.34385492
      68.65026105
     -69.16830637
  -0.006862133603
     -10.01762968
     -7.303648599
     -79.97018863
     -106.3929615
  0.0005086267700
      1.052361619
     -78.73107011
     -112.8722175
     -127.0798796
  1.656279902E-05
     0.4178791616
      82.52706835
      67.78903605
     -100.5826060
 -1.141828038E-05
    -0.2613073078
     -46.65889098
      144.3336603
     -38.59166113
    0.05000000000
     0.1000000000
     0.1500000000
     0.2000000000
     0.2500000000
   Q=    0.0000
