     -1.054909629
     0.9238495338
    -0.3416416421
    0.05107288188
  -0.001438556448
     -4.754931516
      1.811632343
    -0.2466700183
   -0.02557052444
   0.006725221300
     -19.43259309
      3.199826542
    -0.1602443477
   -0.04772887044
   0.005931337387
     -28.54674871
     -1.019495842
     0.9724926523
    -0.1710519076
    0.01211013075
     -3.695465686
     -9.403615091
      1.359149574
    -0.1022766704
    0.01390842801
      7.211540367
     -17.95631923
    -0.2810956813
   -0.04149230435
    0.06337599285
     -3.060306845
     -22.33499798
     -6.547070548
    -0.5027426987
     0.2433380637
     0.4678283039
      3.391880816
     -17.86176175
     -3.073049405
     0.6972997901
    0.05246446003
      16.72149048
     -21.41290507
     -9.254512984
      1.505320546
   -0.04391825397
     -17.18163823
     -5.844717223
     -16.21068776
      2.576613701
    0.01139036944
      8.649224981
      16.52338540
     -15.92468098
      3.687293992
  -0.001786336257
     -2.573554765
      5.523536858
     -3.813145544
      4.491977413
  0.0001692581813
     0.3529747267
     -24.25699747
      8.522521485
      4.442657553
 -3.588801039E-06
    0.07263897473
      23.87139449
      7.410270170
      3.028590112
 -1.967895438E-06
   -0.06022566542
     -14.09545086
      2.875691553
     0.9754631173
    0.05000000000
     0.1000000000
     0.1500000000
     0.2000000000
     0.2500000000
   Q=    0.0000
