     -1.317679697
      1.187567178
    -0.5013814440
     0.1024416573
  -0.007654299107
     -3.481066258
      1.748868906
    -0.4606602726
    0.04743321013
   0.001444239653
     -10.27424318
      4.031350329
     -1.152207772
     0.1427079956
 -0.0004660101798
      22.50221060
      4.415532233
    -0.9661438587
   -0.09791584512
    0.03046353344
      31.84272202
      18.70841616
    -0.4047288126
    -0.4951211161
    0.03818573906
     -21.31927982
      33.25699945
      6.987729353
    -0.9840812298
   -0.04133027927
      7.118045227
      32.46735607
      22.29680668
     0.9483755097
    -0.3581528539
    -0.9895723411
      6.317282422
      40.96223878
      9.248234744
    -0.7911789931
    -0.1101906490
     -39.01577377
      41.40838340
      26.65426517
    -0.5844709389
    0.08929398867
      35.74090232
      3.392085487
      44.08742543
      1.747841005
   -0.02317398288
     -17.75023041
     -28.92401475
      38.61660430
      6.775887993
   0.003715995829
      5.466037257
     -4.387227374
      2.017339705
      11.84303049
 -0.0003774309047
    -0.8909842814
      38.35996854
     -27.66378794
      12.14920580
  1.456601741E-05
   -0.07240810054
     -40.89010082
     -7.997004278
      6.832186911
  2.919488803E-06
     0.1004176790
      25.48824140
      13.92107916
      1.544848713
    0.05000000000
     0.1000000000
     0.1500000000
     0.2000000000
     0.2500000000
   Q=    0.0000
