      0.000000000
      0.000000000
      0.000000000
      0.000000000
      0.000000000
     -63.17289241
      28.12858945
     -6.047514584
     0.1178872422
     0.1198100469
     -124.0671084
     -2.373637446
      14.54842620
     -5.049962634
     0.5953528145
     -100.9718642
     -112.5305306
      48.59254983
     -9.962806301
     0.8166537633
     -37.76771080
     -340.6859910
      92.98272691
     -13.21508471
     0.6263071889
      19.63439169
     -541.0028964
      87.87864977
    -0.7329185114
     -1.542309691
     -14.86684033
     -64.74190974
     -61.02588800
      49.76586026
     -7.982896870
      3.972675050
      200.4569326
     -270.2773546
      163.6425994
     -21.62542421
    -0.2142800017
     -43.33064532
     -385.9668897
      351.8291602
     -43.17051170
    -0.1795272169
     -59.99768890
      81.68734086
      500.7185299
     -66.41166625
    0.06584394527
      53.52573292
      482.9743947
      383.3729395
     -83.29691110
   -0.01202854486
     -21.00551873
     -383.3681373
     -150.4937261
     -93.74831779
   0.001298519945
      4.424245171
      93.79599768
     -522.5830727
     -108.4232527
 -5.678291027E-05
    -0.2190743745
      28.23235926
      158.0141061
     -107.9192548
 -7.927525621E-06
    -0.1897251613
     -28.76911612
      655.1279643
     -54.25046100
    0.05000000000
     0.1000000000
     0.1500000000
     0.2000000000
     0.2500000000
   Q=    0.0000
