      1.107223583
      2.923219583
     -2.338921880
     0.7329797281
   -0.08541720698
      37.82019221
     -18.31544810
      3.266850325
   -0.08476790594
  -0.002314751707
      499.9106853
     -62.24626776
     -2.428183986
      1.700357238
   -0.05834820583
      369.8363612
      55.16246588
     -13.84405258
     -1.570578329
     0.5783935764
     -19.89732386
      106.2647090
      18.67093041
     -11.59075977
      1.473978977
     -62.66299574
      196.7040491
      82.94978854
     -27.91410126
      2.854021699
      34.16569432
      426.6383724
      211.3749731
     -51.58357358
      4.485764925
     -6.466757970
     -207.4593106
      340.3668505
     -65.24171699
      5.765819617
    -0.1244440837
     -82.35855756
      151.5304200
     -47.48744450
      7.317458336
     0.3843659097
      143.5644182
     -73.48698172
      2.077017193
      11.82359585
    -0.1100095937
     -80.65569589
     -57.40677319
      101.1772461
      24.65368619
    0.01795047370
      25.11345229
     -105.9106479
      152.6361384
      50.82948759
  -0.001745393903
     -3.515149556
      266.2820434
     -10.17902163
      74.67515471
  4.160713585E-05
    -0.7283218728
     -247.7725325
     -156.7666592
      63.34332412
  1.940160138E-05
     0.6029231034
      141.8756347
     -74.45556487
      23.44914955
    0.05000000000
     0.1000000000
     0.1500000000
     0.2000000000
     0.2500000000
   Q=    0.0000
