    0.05316159485
   -0.04519834918
    0.01580971693
  -0.002006591592
 -7.369719696E-06
     0.2370208392
   -0.08587063933
   0.008395398579
   0.002447779804
 -0.0004396634515
      1.020990642
    -0.1434289451
  -0.003903933481
   0.004870182540
 -0.0004163731841
      1.481419391
     0.1369250378
   -0.07489776176
    0.01053633284
 -0.0003074883697
     0.2949611358
     0.6698447691
   -0.09573877689
 -0.0002755552936
  0.0009765461369
    -0.4265769995
      1.181057655
    0.01890538336
   -0.02572970837
   0.001974356454
     0.1794864144
      1.249966670
     0.4050714883
   -0.05465346863
  0.0006061252369
   -0.02932413539
    -0.3489335461
      1.019531222
   -0.02051006181
  -0.007574955464
  -0.002099592647
    -0.8078040994
      1.125101553
     0.1702131902
   -0.02340405589
   0.002303900788
     0.9036492096
     0.2171317080
     0.4754554044
   -0.03870441986
 -0.0006198894991
    -0.4699203037
    -0.9113876693
     0.6413451923
   -0.03967387911
  9.947912228E-05
     0.1438276908
    -0.2183556913
     0.3724719327
   -0.01873541111
 -9.769439654E-06
   -0.02131987963
      1.240557862
    -0.1829933078
    0.01143550861
  2.855839058E-07
  -0.003184329171
     -1.240598561
    -0.5060742936
    0.02746584447
  9.555120896E-08
   0.003053829963
     0.7318349207
    -0.4213935970
    0.01811927347
    0.05000000000
     0.1000000000
     0.1500000000
     0.2000000000
     0.2500000000
   Q=    0.0000
