      0.000000000
      0.000000000
      0.000000000
      0.000000000
      0.000000000
      18.45551638
     -8.978269469
      2.485242219
    -0.3200690124
   0.008755265509
      71.28003291
     -12.49732918
     0.4264731091
     0.3733550561
   -0.05386792453
      134.3028153
      3.969383167
     -4.992146339
     0.9181773929
   -0.04405643634
     -15.62153197
      57.96714653
     -10.93327136
     0.6562816552
    0.05054864455
     -10.95518486
      112.7851655
     -5.361965015
     -1.943588690
     0.3062191633
      7.458699920
      108.5991875
      26.27301013
     -7.628971169
     0.6895710858
     -1.168720944
     -61.20390818
      80.20127600
     -13.82103068
     0.9971241267
    -0.2430979658
     -33.58254425
      90.80184997
     -13.89749416
     0.9682987668
     0.1622220326
      53.67748509
      19.08921796
     -2.976725793
     0.5423308529
   -0.04053161765
     -29.35476562
     -92.43178304
      18.45556637
     0.2039570431
   0.005999298043
      8.581748211
      2.592458177
      31.64559368
      1.174560051
 -0.0004728849733
    -0.8644168057
      85.32910123
      17.23312901
      3.699057500
 -1.484999414E-05
    -0.4439648007
     -90.42449419
     -40.37190959
      5.703260067
  1.119605501E-05
     0.2745871694
      53.59311064
     -63.08828460
      3.472240115
    0.05000000000
     0.1000000000
     0.1500000000
     0.2000000000
     0.2500000000
   Q=    0.0000
