      1.935648707
     -1.834375421
     0.8657809620
    -0.2052258872
    0.01793130382
      3.783665191
     -2.891985783
      1.158738309
    -0.1934614930
   0.002606180977
      7.247374708
     -8.881809923
      3.352649337
    -0.4122863321
   -0.01298015787
     -70.63741491
     -20.03514004
      4.648323187
     0.2922113145
    -0.1443605610
     -84.89403229
     -70.82248014
      2.823573751
      2.351801780
    -0.3508660914
      58.31171924
     -119.6615985
     -19.45686845
      6.331278807
    -0.5797689378
     -20.37600943
     -97.25434596
     -65.13743603
      7.846148528
    -0.6525516473
      3.139735867
      9.703849553
     -114.1858291
     -1.327252051
    -0.8825687307
     0.2001111717
      90.15300311
     -107.2576241
     -29.95448026
     -2.698091897
    -0.2303955107
     -92.30844123
     -2.477989608
     -67.92704707
     -8.828288018
    0.06268090333
      47.87901256
      84.05950078
     -75.57301760
     -20.21704721
   -0.01031175483
     -15.19256273
      2.773895083
     -24.65144318
     -31.40717893
   0.001079451249
      2.613891129
     -97.58362557
      38.14756772
     -32.23533192
 -4.790566710E-05
     0.1293773029
      106.3893434
      35.66266883
     -19.91766486
 -6.909263678E-06
    -0.2532481274
     -65.98964417
      5.281291179
     -5.737585717
    0.05000000000
     0.1000000000
     0.1500000000
     0.2000000000
     0.2500000000
   Q=    0.0000
