      0.000000000
      0.000000000
      0.000000000
      0.000000000
      0.000000000
     0.3214146431
    -0.2713391375
     0.1436836614
   -0.04093735846
   0.004767539301
      1.123700710
    -0.6314645153
     0.2663779281
   -0.06241998646
   0.005830095841
     0.7770786490
     -1.148194711
     0.5303505837
    -0.1179390950
   0.008973164158
      2.249418510
     -1.848907750
      1.081289790
    -0.1910180794
   0.005209419126
     -1.373351562
     0.2758203891
      2.203848671
    -0.1907769874
   -0.02197158916
     0.3587562236
      6.018149298
      4.758039169
     0.2143473704
   -0.09479596598
    0.02723917306
      2.485350725
      7.906842394
      1.698745343
    -0.1957533756
   -0.04242392307
     -6.183916984
      5.965538186
      4.383799672
    -0.1872554738
    0.01456123013
      4.790903729
     -1.540370144
      6.241090199
     0.1601583450
  -0.003024387801
     -2.178297335
     -3.642924824
      4.337904437
     0.9064240411
  0.0004170235454
     0.6127483715
     0.5482689006
    -0.8630016136
      1.667753333
 -3.323230677E-05
   -0.07616384960
      3.894817317
     -3.826033425
      1.775885601
 -5.167563475E-07
   -0.02108893408
     -4.720152278
   -0.09110851926
      1.050292814
  6.576472975E-07
    0.01578621393
      3.111389289
      2.930370362
     0.2530710377
    0.05000000000
     0.1000000000
     0.1500000000
     0.2000000000
     0.2500000000
   Q=    0.0000
