     0.1521368326
    -0.1347611882
    0.05216717740
  -0.008725086726
  0.0003895213247
     0.6215690662
    -0.2559685488
    0.04418464567
  0.0009659569821
 -0.0008501551892
      2.452343735
    -0.5027301809
    0.05962664011
   0.002170563204
  -0.001117332875
      2.210630610
    -0.1482053108
   -0.06900144898
    0.03031544136
  -0.003670060080
     -1.390361352
   -0.06505484013
    -0.1796142523
    0.05838302131
  -0.005203651723
     0.3652082774
    -0.2944753042
    -0.4887492891
     0.1088104256
  -0.005708177681
   -0.06369341658
     0.4023795791
    -0.8287388648
     0.1280110864
   0.001482653827
    0.01225523310
    0.04720811228
    -0.5132542460
     0.1218317491
    0.02307552009
  -0.003201795820
    -0.3236801924
     0.4531041510
     0.2083112283
    0.07998867318
  0.0007331038451
     0.2420100374
     0.8919346873
     0.4460574850
     0.2083623235
 -0.0001023485768
   -0.07331722884
    -0.3865421740
     0.5747175837
     0.4200648225
  2.853105883E-06
  -0.003880755899
    -0.7101480900
     0.2142786077
     0.6278702329
  2.389344197E-06
    0.01410248192
      1.095226348
    -0.2570314927
     0.6557061000
 -6.851638778E-07
  -0.007389100240
    -0.8118376418
    -0.2162029697
     0.4342862549
  1.139704110E-07
   0.002423275685
     0.3969449151
   -0.05962167832
     0.1405343179
    0.05000000000
     0.1000000000
     0.1500000000
     0.2000000000
     0.2500000000
   Q=    0.0000
