   -0.08433203911
    0.07725337970
   -0.03205981450
   0.006149014769
 -0.0003826356127
    -0.2811445978
     0.1319514992
   -0.03107025399
   0.001821634621
  0.0003936669059
    -0.7932816225
     0.2846981505
   -0.06747766715
   0.003306659406
   0.001070347836
      1.105842736
     0.3933626951
   -0.04358777661
   -0.02480232149
   0.005059402395
      2.917129584
      1.619420713
    0.07174063160
   -0.09248874588
    0.01054640832
     -1.806981372
      3.371148636
     0.8330691039
    -0.2228788462
    0.01492595266
     0.6134219626
      3.141402085
      2.383746485
    -0.2809967348
    0.01052109008
   -0.09652378836
    -0.5993545655
      3.741963422
   -0.03645785602
   0.006187477920
  -0.004050263700
     -2.325923389
      2.736817055
     0.6699263618
    0.04685638980
   0.006214947309
      2.494137214
    -0.5057711990
      1.527711793
     0.2209074401
  -0.001734858681
     -1.320397805
     -1.944714192
      1.787889584
     0.5851333611
  0.0002905561223
     0.4287315806
   -0.02735520609
     0.8167715342
      1.022280207
 -3.131331071E-05
   -0.07805902285
      2.482521145
    -0.8439857912
      1.187560847
  1.579850540E-06
  -0.001321237852
     -2.767210012
     -1.075223862
     0.8334135322
  1.577588629E-07
   0.006368503960
      1.737877779
    -0.1478935919
     0.2694966411
    0.05000000000
     0.1000000000
     0.1500000000
     0.2000000000
     0.2500000000
   Q=    0.0000
