      0.000000000
      0.000000000
      0.000000000
      0.000000000
      0.000000000
      29.06375490
     -17.93674343
      7.567204178
     -1.967945173
     0.2372630234
     -35.71705666
     -6.375822243
      8.921583947
     -3.297445249
     0.4619610335
     -347.8674784
     -35.54622131
      34.77517371
     -10.68589225
      1.327523736
      160.2352690
     -152.1997947
      87.37952782
     -25.31777531
      3.039037533
     -39.89501899
     -70.48963412
      183.1295681
     -57.40235770
      6.748230013
      5.834391035
      181.2409092
      352.8013275
     -113.9855988
      13.56603598
     0.7514354581
      32.83501175
      442.5246007
     -188.6996174
      25.69858347
    -0.5320759831
     -61.68056044
      109.9950824
     -262.4291857
      46.82081126
     0.1552831763
      44.35204109
     -330.7324989
     -288.1287533
      80.72231831
   -0.03444049331
     -26.40830262
     -57.44953708
     -153.0638711
      127.1458353
   0.005891026071
      11.24885157
      230.2298062
      120.4336340
      174.5191918
 -0.0007618013212
     -3.408917305
     -166.9559793
      165.7597846
      188.3809657
  7.276613016E-05
     0.7594578938
      76.67518785
     -78.53612837
      133.4394553
 -4.649809590E-06
    -0.1241904901
     -27.02409658
     -101.5278488
      43.97384273
    0.05000000000
     0.1000000000
     0.1500000000
     0.2000000000
     0.2500000000
   Q=    0.0000
