      0.000000000
      0.000000000
      0.000000000
      0.000000000
      0.000000000
     -24.34424741
      15.39887843
     -6.582285689
      1.648887891
    -0.1780033813
     -56.57023173
      25.37802927
     -8.920583098
      1.698218839
    -0.1115431510
     -90.17470924
      51.88840722
     -13.46055625
      1.090807633
     0.1141468339
      139.9522011
      81.88040835
     0.2366439754
     -6.171321348
      1.124584004
     -52.39780453
      149.2672252
      65.00142416
     -27.53340950
      3.560037907
      13.28004469
      155.3834108
      229.3932980
     -72.63618099
      8.476504765
    0.04972404725
      41.52370322
      407.4612416
     -139.5212993
      16.94131759
     -1.101857362
     -153.7676718
      296.2363140
     -210.5833621
      30.10394227
     0.4273371926
      138.8533442
     -192.7322580
     -239.5188564
      47.82609018
   -0.09700962501
     -72.67359044
     -262.3327300
     -137.4354140
      68.17753726
    0.01459046046
      23.58112390
      230.2492586
      114.7246755
      87.98932500
  -0.001363484333
     -4.227808780
     -16.84017629
      202.4982819
      98.11382901
  3.239114257E-05
   -0.07898239777
     -73.51479053
     -109.9209857
      78.62692994
  1.425241507E-05
     0.3296938670
      59.09837892
     -244.0312638
      31.03013864
    0.05000000000
     0.1000000000
     0.1500000000
     0.2000000000
     0.2500000000
   Q=    0.0000
