      0.000000000
      0.000000000
      0.000000000
      0.000000000
      0.000000000
     0.1561021718
   0.004454723930
   -0.04124170323
    0.01504421146
  -0.001503158232
     0.6524705532
     0.2047574126
    -0.1319385580
    0.02033955295
  0.0002500388678
      2.518490882
     0.9480922746
    -0.2308233474
  -0.008519388378
   0.006465532315
      1.473989433
      2.995822799
   -0.04991205451
    -0.1402549580
    0.02096743672
    -0.9679810393
      4.955705019
      1.202236696
    -0.4515394831
    0.04335062393
     0.3387316230
      3.770085670
      3.956714889
    -0.9111637369
    0.06343178354
   -0.01508006022
     0.1168567257
      6.730278734
     -1.342987529
    0.05748412310
   -0.02483686524
     -3.593494691
      5.755929492
     -1.499330281
   -0.01850294368
    0.01055434686
      3.479207519
     -1.342891808
     -1.162813775
    -0.2174256519
  -0.002408120454
     -1.765281339
     -5.328010891
    -0.1966657759
    -0.5317489603
  0.0003510324697
     0.5292494553
      2.213521747
      1.375640022
    -0.7882484767
 -2.946664211E-05
   -0.07181661578
      2.638497031
      1.650468199
    -0.6975407200
 -1.966718507E-07
   -0.01552140955
     -3.708255639
     -1.837804335
    -0.2702457967
  5.214042121E-07
    0.01250710921
      2.386247339
     -3.740079587
    0.01804199242
    0.05000000000
     0.1000000000
     0.1500000000
     0.2000000000
     0.2500000000
   Q=    0.0000
