    0.02266532448
   -0.01938213314
   0.007187983361
  -0.001088761497
  2.687543388E-05
    0.07832992155
   -0.03186070947
   0.004620728685
  0.0005983994259
 -0.0001865894457
     0.2996136603
   -0.06263830608
   0.005834574916
   0.001387871184
 -0.0003276402261
   -0.03703651817
   -0.01040253303
   -0.01600734520
   0.007269660869
 -0.0008022030007
    -0.4562018288
    -0.1267304298
   -0.04324381559
    0.01430698349
 -0.0006417808664
     0.2603745762
    -0.3553783913
    -0.1637959949
    0.02028193404
   0.001728897992
   -0.08254092493
    -0.3811738937
    -0.3821909161
   -0.01327563755
    0.01027417869
    0.01183616047
   -0.03587285678
    -0.5470870453
    -0.1349756223
    0.02790351486
  0.0008632715956
     0.3787795871
    -0.3826735407
    -0.3472148688
    0.05486331458
 -0.0008835323643
    -0.3568465054
    0.07365930319
    -0.5075180211
    0.08716994984
  0.0002377189951
     0.1820142549
     0.2368928712
    -0.3828055367
     0.1201511148
 -3.940725093E-05
   -0.05859029583
  -0.001469843811
    0.04205879876
     0.1476242535
  4.253079467E-06
    0.01080140089
    -0.3134226974
     0.3243276021
     0.1540663866
 -2.179929594E-07
  0.0001090626466
     0.3657829488
    0.04997623230
     0.1172760746
 -2.112513668E-08
 -0.0008629096675
    -0.2395185857
    -0.1898519070
    0.04547628780
    0.05000000000
     0.1000000000
     0.1500000000
     0.2000000000
     0.2500000000
   Q=    0.0000
