      0.000000000
      0.000000000
      0.000000000
      0.000000000
      0.000000000
     -26.90413081
      15.91848902
     -6.278892454
      1.487264468
    -0.1598682272
     -46.71926343
      19.85431254
     -7.601291116
      1.844582916
    -0.2023356231
      43.00609507
      32.56621865
     -16.65748277
      4.177935375
    -0.4511756650
     -24.85063943
      71.47343782
     -30.86938640
      7.546434618
    -0.8070798510
      12.16765327
      26.06169872
     -47.22872049
      13.81967961
     -1.512568928
     -3.425363325
     -99.74013426
     -77.88512196
      24.25769549
     -2.643123522
    0.02285222444
      8.977794493
     -95.54496926
      35.50338734
     -4.358666599
     0.2431653830
      31.54613584
     -19.60650722
      42.35724771
     -7.178269948
   -0.08890716656
     -27.74773775
      48.90057553
      37.94367682
     -11.96947556
    0.01895040671
      13.33998504
      2.408527575
      5.201512374
     -19.61038412
  -0.002671025936
     -3.927299547
     -1.434318438
     -33.94801152
     -29.25427865
  0.0002221479431
     0.5465804451
     -21.61696066
     -14.80684224
     -33.80813405
  5.631667071E-07
    0.09909127893
      25.71969537
      26.30401385
     -24.69311130
 -3.611695047E-06
   -0.08475708839
     -16.04710636
      15.58693686
     -8.263027788
    0.05000000000
     0.1000000000
     0.1500000000
     0.2000000000
     0.2500000000
   Q=    0.0000
