      0.000000000
      0.000000000
      0.000000000
      0.000000000
      0.000000000
      37.89930788
     -15.05191384
      1.985627136
     0.5102828878
    -0.1447248058
      44.20826846
      17.83915854
     -14.78841864
      4.094585230
    -0.4012357555
     -65.73018803
      108.3691985
     -36.32108812
      5.586778902
    -0.2427312085
      116.6430764
      253.1970273
     -46.63927047
      1.097427994
     0.6314410113
     -36.76551410
      397.8874770
      15.59284212
     -21.57705440
      3.215179022
      12.68363936
      47.92008632
      233.0325364
     -72.57728807
      8.065877369
     -1.590517713
     -43.14599016
      451.5865928
     -145.5683293
      14.81287094
    -0.4523244610
     -55.11789287
      402.8231727
     -225.0580260
      20.80043295
     0.2966195995
      96.11980247
     -233.8555905
     -254.0876958
      18.65096884
   -0.08215549817
     -64.80986384
     -401.7147737
     -171.2437874
      1.766100988
    0.01421216349
      24.98500518
      428.7427276
      84.68922185
     -24.95472918
  -0.001588826473
     -5.798293388
     -165.8245185
      230.5837250
     -35.55115063
  8.879449580E-05
     0.5631252330
      4.875214743
     -104.1256715
     -19.72414303
  5.925124942E-06
     0.1498000205
      27.65393438
     -266.7123688
     -3.714694528
    0.05000000000
     0.1000000000
     0.1500000000
     0.2000000000
     0.2500000000
   Q=    0.0000
