    0.09736264832
     0.6575107495
    -0.7812880759
     0.3275605755
   -0.04802592437
      2.516886044
      1.850780921
     -2.024739855
     0.6627903553
   -0.07370228377
      23.83568372
      7.878606156
     -6.218756276
      1.640331796
    -0.1620595268
      49.13181345
      30.79393250
     -12.94917265
      2.485572857
    -0.1929717171
      21.50319527
      62.84308414
     -18.12400954
      2.844709434
    -0.1892487587
     -18.56379576
      63.12785845
     -15.56638496
      1.979583125
   -0.09124268395
      7.345781507
      23.92806363
      1.109968028
    -0.9570552241
     0.1191286962
     -1.325285387
     -13.92333473
      36.35988048
     -5.299300612
     0.3556780872
   -0.02053896950
     -24.37661083
      54.95323812
     -6.702916877
     0.4978054109
    0.07800679640
      31.54741371
     0.9780763686
     -2.203994177
     0.6203792388
   -0.02308579551
     -17.77801634
     -48.14520497
      6.679397443
     0.9692462105
   0.003965123218
      5.944997069
      14.05623580
      16.91953129
      1.975078056
 -0.0004342748408
     -1.111979074
      28.23496799
      11.31526327
      3.684251042
  2.273469224E-05
  -0.004309104944
     -35.57093651
     -21.80785267
      4.279793782
  1.990127416E-06
    0.08246335764
      22.34488672
     -31.07194725
      2.150745263
    0.05000000000
     0.1000000000
     0.1500000000
     0.2000000000
     0.2500000000
   Q=    0.0000
