      0.000000000
      0.000000000
      0.000000000
      0.000000000
      0.000000000
     0.5042601463
    -0.1751926965
    0.01053627568
   0.009587991104
  -0.001862871985
      1.684935830
   -0.06388839331
    -0.1080211659
    0.03411448681
  -0.003252230611
      3.683247218
     0.5725409712
    -0.2948020979
    0.05393317477
  -0.003903370058
    -0.4551280856
      2.181641883
    -0.4920350228
    0.06616419823
  -0.005056440205
    -0.2294270324
      2.870684924
    -0.3880168847
    0.06151949768
  -0.009443465031
     0.1541079191
      1.519933673
     0.1085040522
    0.09327272127
   -0.02837570724
   -0.01877681714
    -0.6543386926
      1.060347726
     0.2558419055
   -0.08432187629
  -0.008282026725
     -1.257977611
      2.056542174
     0.6773929423
    -0.2152788681
   0.004340973835
      1.458619775
      1.120668096
      1.252906748
    -0.4567757670
  -0.001021234134
    -0.7331147892
     -1.945009944
      1.283607739
    -0.7987740647
  0.0001448640408
     0.1997843445
    -0.6542559791
     0.2810804293
     -1.124934721
 -1.048165072E-05
   -0.01430940851
      2.650663911
    -0.6193682285
     -1.188223256
 -5.874770668E-07
   -0.01353621844
     -2.548579126
    -0.6574957478
    -0.8083263741
  3.081849813E-07
   0.007548418352
      1.483754708
    -0.6616557531
    -0.2531279447
    0.05000000000
     0.1000000000
     0.1500000000
     0.2000000000
     0.2500000000
   Q=    0.0000
