     0.4080104985
    -0.2486198311
    0.01889281358
    0.02291736860
  -0.004760088648
      1.591684923
    -0.1843816473
    -0.2343754442
    0.08845637876
  -0.007249400143
      9.116627536
     0.5452083231
    -0.8313091329
     0.1572288251
  -0.002754044879
      15.22938351
      7.339569326
     -2.071147903
    0.07037429331
    0.03430037601
      16.22371969
      21.12183612
     -1.723701982
    -0.6759525580
     0.1393348503
     -11.44740807
      35.33410465
      3.409615225
     -2.562991221
     0.3484871511
      4.406911814
      24.96696814
      15.07861243
     -6.017765282
     0.7148443020
    -0.8294304208
     -16.62549453
      25.10101228
     -10.78694382
      1.279861604
    0.01666022690
     -8.051784434
      17.11947301
     -15.15967854
      2.080490094
    0.03585470047
      14.36779656
     -5.490152168
     -14.39071099
      3.210848010
   -0.01137363361
     -8.592074901
     -16.28663911
     -2.346503245
      4.948845853
   0.002011627490
      2.970958469
      3.520520141
      14.77636845
      7.404855031
 -0.0002278373632
    -0.5855256949
      14.47101005
      12.58682941
      9.229694763
  1.340948035E-05
    0.01368287898
     -16.93962963
     -14.18646876
      7.778626086
  6.985168284E-07
    0.03559397713
      10.33893619
     -22.17197247
      3.175254321
    0.05000000000
     0.1000000000
     0.1500000000
     0.2000000000
     0.2500000000
   Q=    0.0000
