     -9.517820259
      9.762157910
     -4.794161238
      1.195733645
    -0.1205812726
     -37.87487695
      20.82113233
     -7.032366575
      1.303631328
   -0.09788061063
     -130.9974616
      50.67051295
     -16.57301854
      3.240541898
    -0.2642048954
     -178.3823219
      75.04541153
     -22.66771753
      3.576239591
    -0.1678604380
      12.91876242
      88.62533218
     -30.98730300
      3.555458894
     0.1160687883
      31.60887300
      20.19596817
     -41.54593096
     -1.657577585
      1.306689363
     -13.34137273
     -177.3976953
     -72.22475516
     -23.54780987
      4.089648745
     0.9717480457
     -46.60130066
     -124.8176827
     -84.77890622
      8.089570339
     0.7189369839
      152.6966919
     -112.4693771
     -193.8856868
      9.213431258
    -0.3129577246
     -119.2690315
     -54.46468894
     -288.3890870
   -0.03026226649
    0.06849796264
      51.47939725
      38.23126800
     -237.1717275
     -22.17564275
  -0.009380386379
     -12.85389582
      116.5469022
      18.84172268
     -43.40161876
  0.0006750627225
     0.7326366533
     -210.2905897
      213.7061821
     -39.60210189
  3.436985252E-05
     0.9299212701
      184.5087386
      7.302242242
     -12.55900182
 -1.895410040E-05
    -0.5013881719
     -107.2279371
     -173.4532605
      2.897187530
    0.05000000000
     0.1000000000
     0.1500000000
     0.2000000000
     0.2500000000
   Q=    0.0000
