      0.000000000
      0.000000000
      0.000000000
      0.000000000
      0.000000000
    -0.6261319418
    0.05822503363
     0.1068546765
   -0.04404502652
   0.004697384582
     -2.474800321
    -0.5247013745
     0.3997339971
   -0.06821978854
  0.0004788584849
     -8.394957258
     -2.793763674
     0.7513841837
  0.0002666826921
   -0.01633282496
     -3.261082682
     -8.959127096
     0.3889337934
     0.3478145892
   -0.05690275145
      2.455192641
     -14.12737395
     -2.851078326
      1.195729572
    -0.1239995099
    -0.9134999235
     -9.954256154
     -9.935317161
      2.489292746
    -0.1984298540
    0.05157483255
     0.3211551429
     -17.07153807
      3.818339135
    -0.2324803735
    0.06362318988
      9.237365251
     -14.98312522
      4.433115539
    -0.1341151663
   -0.02781778895
     -9.181551306
      2.835582834
      3.405602695
     0.1943971569
   0.006390079055
      4.675677250
      14.00922279
     0.2529549518
     0.7034657191
 -0.0009308728162
     -1.392913545
     -5.018038096
     -4.218418582
      1.031862126
  7.722530582E-05
     0.1816574984
     -7.911729800
     -4.413008326
     0.6981223679
  8.096499959E-07
    0.04525727324
      10.41889990
      5.246326215
   -0.07639734624
 -1.434635549E-06
   -0.03447652239
     -6.588044848
      10.06143484
    -0.3068022688
    0.05000000000
     0.1000000000
     0.1500000000
     0.2000000000
     0.2500000000
   Q=    0.0000
