    -0.1028556982
    0.09281110937
   -0.03620546572
   0.006088391270
 -0.0002881339381
    -0.4926470286
     0.1976644455
   -0.03334158125
 -0.0003592291823
  0.0004544457567
     -2.073823635
     0.3715503547
   -0.03449369388
 -0.0003681670054
  0.0001214395295
     -3.567439572
  -0.003107705519
    0.06526325364
  -0.009208318822
  0.0005756819851
    -0.8639466373
     -1.022545133
    0.08337186591
   0.002249579388
   0.001388363280
      1.134263704
     -2.261105191
    -0.2057029071
   0.004138194789
    0.01017896420
    -0.4492953810
     -3.153110495
     -1.133449203
    -0.1146000928
    0.03881280256
    0.06474964759
     0.1453116893
     -2.691995293
    -0.6200273518
    0.09820516049
   0.008567335161
      2.624974431
     -3.042253992
     -1.726080479
     0.1732788237
  -0.006495613390
     -2.546595622
    -0.7563204833
     -2.886357886
     0.2104462540
   0.001656680660
      1.258939529
      2.185538804
     -2.686634510
     0.1676508620
 -0.0002580015788
    -0.3718306632
     0.8945159038
    -0.4067319959
    0.08602746241
  2.435704778E-05
    0.05084821950
     -3.508495464
      1.711448947
    0.06286107378
 -5.098463469E-07
    0.01049675705
      3.444534528
     0.9058643762
    0.08615310344
 -2.849160829E-07
  -0.008717100554
     -2.048226831
    -0.2782125525
    0.04963227607
    0.05000000000
     0.1000000000
     0.1500000000
     0.2000000000
     0.2500000000
   Q=    0.0000
