      0.000000000
      0.000000000
      0.000000000
      0.000000000
      0.000000000
    0.01165492335
   -0.02309014226
    0.01541639676
  -0.004340164583
  0.0004110184165
    0.03342317800
   -0.07785773877
    0.03307913215
  -0.004904196999
 -1.026633609E-06
    -0.2043237372
    -0.2150000605
    0.05179150877
  0.0004435883426
  -0.001254705772
    -0.2744440014
    -0.5626959238
    0.02112005698
    0.02670168869
  -0.004621284630
     0.1381460151
    -0.8506617296
    -0.1981955727
    0.09471239913
   -0.01096875385
   -0.04730448281
    -0.4589752738
    -0.6640650803
     0.2166271598
   -0.01974791755
   0.003022483942
    0.03165157047
     -1.080930124
     0.3908153857
   -0.02641291800
   0.002996091334
     0.4253551962
    -0.8666355811
     0.5796933947
   -0.01760176118
  -0.001358509246
    -0.4457423831
     0.3353518179
     0.6417791516
    0.02640166329
  0.0003208185107
     0.2383523308
     0.8782847340
     0.3543489565
     0.1072666071
 -4.821783038E-05
   -0.07510681826
    -0.5401950694
    -0.3165275206
     0.1757848329
  4.280885643E-06
    0.01166732039
    -0.1868985039
    -0.5995873663
     0.1530668369
 -3.171438006E-08
   0.001368405820
     0.4035201426
     0.3513605089
    0.04867011231
 -6.150607864E-08
  -0.001461739300
    -0.2707174770
     0.9219927424
   -0.01199424690
    0.05000000000
     0.1000000000
     0.1500000000
     0.2000000000
     0.2500000000
   Q=    0.0000
