      0.000000000
      0.000000000
      0.000000000
      0.000000000
      0.000000000
     -1.666984105
     0.7698067200
    -0.1896179614
    0.01683578679
  0.0007223898565
     -10.22723300
      1.889260316
    -0.1230321849
   -0.03366200604
   0.005016376758
     -34.39864251
     0.9684340864
     0.5300378990
    -0.1001392149
   0.002060036444
    -0.1449330911
     -9.528028712
      1.484268659
   0.008365450496
   -0.02136534588
      4.941072017
     -20.43071183
    -0.2396692557
     0.6124344179
   -0.07068289637
     -2.206769057
     -32.86886339
     -7.013473085
      1.704273796
    -0.1216225528
     0.1609085992
      5.868662798
     -21.85932195
      2.628647503
    -0.1139848598
     0.1442459783
      21.10259655
     -26.01044419
      1.052816743
    0.01645735141
   -0.06410906981
     -21.29785764
     -8.252966733
     -3.546287441
     0.1600724959
    0.01437551413
      10.30304405
      23.78621003
     -9.362712163
    0.06732125571
  -0.001993811145
     -2.780649949
      7.528754312
     -9.193800089
    -0.5821278904
  0.0001430772766
     0.2168173635
     -33.46166720
    -0.8312529579
     -1.494023555
  7.536904682E-06
     0.1712258036
      32.24934579
      11.52386245
     -1.869105662
 -4.020577384E-06
   -0.09669720752
     -18.61379744
      15.26583372
     -1.051316219
    0.05000000000
     0.1000000000
     0.1500000000
     0.2000000000
     0.2500000000
   Q=    0.0000
