      0.000000000
      0.000000000
      0.000000000
      0.000000000
      0.000000000
    -0.6614411307
     0.2347831251
  -0.003446159329
   -0.02371789028
   0.005205508418
     -2.137099576
     0.1733910301
     0.1852016553
   -0.09123557225
    0.01332868872
     -3.283265797
    -0.2065315282
     0.6775660354
    -0.2530598452
    0.03010990328
      7.035870771
    -0.1172033240
      2.086247626
    -0.6254065003
    0.05525321860
     -3.024590446
      4.851207548
      5.808854621
     -1.242898644
    0.06813715608
     0.7363356450
      10.27837286
      13.55734941
     -1.758808780
    0.02060019759
    0.04120020695
      4.525582061
      20.83947083
     -1.276556084
    -0.1460762553
   -0.07790191819
     -11.14445495
      14.55877197
     0.3794911348
    -0.4697319888
    0.02761141175
      9.028271394
     -7.393375870
      1.387840229
     -1.009277580
  -0.005947834492
     -4.377224694
     -11.83610813
     0.3916039396
     -1.824537865
  0.0008589361810
      1.337620748
      8.408703410
     0.2654155127
     -2.645574246
 -7.577819824E-05
    -0.2144009045
      2.378558782
      1.329887907
     -2.677768719
  8.101988055E-07
   -0.01898251121
     -6.339485903
     -2.044293565
     -1.584902776
  1.035478174E-06
    0.02451244471
      4.671856480
     -4.597538739
    -0.3861333804
    0.05000000000
     0.1000000000
     0.1500000000
     0.2000000000
     0.2500000000
   Q=    0.0000
