    -0.3360365802
     0.3171759393
    -0.1396466884
    0.02983271297
  -0.002382995385
     -1.301215312
     0.6386346952
    -0.1711998054
    0.02024920216
 -0.0002331270885
     -4.933765791
      1.483142116
    -0.3606489534
    0.04577318628
  -0.001129620600
     -3.638650819
      1.674525197
    -0.3107078043
  -0.006874666502
   0.007521485562
      4.310546408
      3.113373831
    -0.2065038890
    -0.1140733149
    0.02131755313
     -1.614078645
      4.151013789
     0.6964169370
    -0.3941383395
    0.04874467478
     0.4575359114
    -0.1005701076
      2.072859152
    -0.8391989512
    0.08454981815
   -0.09291643246
     -1.422126731
      2.163592311
     -1.558955120
     0.1110007931
    0.01052594503
     0.4269188290
     0.5034781919
     -2.609993024
    0.04649637714
  0.0005478585468
     0.3734341229
     -2.058650108
     -3.350279385
    -0.2515283012
 -0.0005561655465
    -0.4402937921
     -1.148620656
     -2.404145086
    -0.8421565174
  0.0001406735694
     0.2319565056
      2.614251294
     0.7591086457
     -1.455958813
 -2.314042900E-05
   -0.08088415663
     -1.941777197
      2.648066599
     -1.530175238
  2.800021255E-06
    0.02059636675
     0.9327993217
    -0.6871622663
    -0.8973854653
 -2.514060683E-07
  -0.003865531187
    -0.3315347789
     -2.979523905
    -0.2135428853
    0.05000000000
     0.1000000000
     0.1500000000
     0.2000000000
     0.2500000000
   Q=    0.0000
