     0.3816617237
    -0.3149752802
     0.1044593497
   -0.01124736502
 -0.0004273833795
      1.596241353
    -0.5477448186
    0.03230267148
    0.02307281506
  -0.003498256907
      6.907851547
    -0.8534017683
   -0.08301265956
    0.04375862650
  -0.003313580330
      8.681514620
      1.379498870
    -0.6256610437
    0.08139135805
 -0.0005891757849
      1.555498305
      5.026072345
    -0.7739492317
   -0.02555879243
    0.01660391139
     -2.375054506
      8.267187844
   -0.06268574185
    -0.3220708038
    0.04864496877
      1.051913545
      7.427344633
      2.332546644
    -0.9190550951
    0.09992897380
    -0.1899386002
     -3.647712502
      5.791072809
     -1.630214524
     0.1516871549
  -0.005078833318
     -3.397450418
      5.913990528
     -1.867560813
     0.1802951407
    0.01182952265
      4.637311611
     0.6695361271
    -0.9109545377
     0.1878064682
  -0.003376161377
     -2.549863099
     -5.302715860
      1.476083183
     0.2489803135
  0.0005583909350
     0.8088463360
    -0.6394847726
      3.399491380
     0.4821743251
 -5.690863207E-05
    -0.1288474619
      6.388557004
      1.558302904
     0.8132335405
  2.092326207E-06
   -0.01316255463
     -6.493559970
     -3.747413468
     0.8631735744
  4.574449002E-07
    0.01545125927
      3.792139166
     -5.117820322
     0.4241358577
    0.05000000000
     0.1000000000
     0.1500000000
     0.2000000000
     0.2500000000
   Q=    0.0000
