    0.05336506335
   -0.04312413895
    0.01398541514
  -0.001390421217
 -8.330822448E-05
     0.2010542319
   -0.06798061118
   0.002394973792
   0.003585928774
 -0.0005291036433
     0.8870500432
    -0.1054247790
   -0.01398571851
   0.006762452264
 -0.0005463471990
     0.7536100969
     0.2155889970
   -0.09233296710
    0.01282521729
 -6.037455691E-05
   -0.02686178162
     0.6021737409
    -0.1188077381
  -0.003151405572
   0.003429821745
    -0.1123313080
     0.8978210020
   -0.08372576829
   -0.05796157254
    0.01225388697
    0.07066113206
     0.6095426667
    0.09691186595
    -0.2101325104
    0.03122647677
   -0.01743963177
    -0.6893249463
     0.3290485233
    -0.5012667961
    0.06051156385
   0.001330762300
    0.09262735339
     0.2585096702
    -0.8752989036
    0.09290425103
  0.0004445939652
     0.1697443364
   -0.05415780712
     -1.023892435
     0.1161560667
 -0.0001773992502
    -0.1306607316
    -0.3746983128
    -0.4748417226
     0.1349920073
  3.300186521E-05
    0.04748810892
    0.05717138163
     0.5788307508
     0.1802761066
 -3.734855040E-06
  -0.009005647786
     0.3052122605
     0.7984076635
     0.2482850486
  2.070391283E-07
 -2.959376525E-05
    -0.3142191573
    -0.4923535245
     0.2453960938
  1.348821429E-08
  0.0006205511580
     0.1651577145
     -1.082054706
     0.1148775314
    0.05000000000
     0.1000000000
     0.1500000000
     0.2000000000
     0.2500000000
   Q=    0.0000
