      0.000000000
      0.000000000
      0.000000000
      0.000000000
      0.000000000
     -11.81536809
      6.276139920
     -2.106848055
     0.4040670936
   -0.03372798746
     -7.486237400
      1.067172003
     0.1506826830
    -0.1002912855
    0.01246226673
     -10.91828770
     -1.342361086
     0.7365840272
    -0.1122531357
  0.0008641796140
      11.66258701
     -19.47792160
      5.436088514
    -0.8004262539
    0.03798206407
     -5.185726624
     -26.18388504
      8.434928752
     -1.068597447
    0.01315144263
     0.7873653537
      21.91301293
      13.72393058
     -1.642886569
   0.009095619411
     0.2598488187
      16.51952773
      23.12632196
     -1.016907122
     0.1157726612
    -0.1610074069
     -23.53913477
      8.801808745
      2.023267313
      1.125662114
    0.04452401579
      14.45461516
     -11.04007241
      4.951169906
      4.637947053
  -0.008083981938
     -5.624679104
      4.420607384
      7.676396988
      12.12161618
  0.0009907503431
      1.362910134
     -9.615180149
      6.415694274
      22.15909919
 -6.441708874E-05
    -0.1050708887
      15.31679022
     -6.933552346
      27.47701879
 -3.864048759E-06
   -0.07374237460
     -13.44665897
     -4.670377851
      20.49782232
  1.836570867E-06
    0.04190026605
      7.882163690
      11.12355383
      6.912761037
    0.05000000000
     0.1000000000
     0.1500000000
     0.2000000000
     0.2500000000
   Q=    0.0000
