      6.523259353
     -5.809906940
      2.731607233
    -0.6865215475
    0.07210903067
      22.11183635
     -13.49587073
      4.710974580
    -0.9115796307
    0.07713869327
      127.5634089
     -37.90413537
      10.68593617
     -2.090651401
     0.1983434958
      11.95705140
     -33.54165101
      13.42100074
     -2.904031386
     0.2752142461
     -62.44894563
     -73.43774320
      24.49006026
     -4.808089257
     0.4500968845
      26.74445207
     -58.75126208
      24.31365686
     -6.169689267
     0.7162174449
     -6.991111809
      46.96737500
      19.28528990
     -9.532599469
      1.417836949
     0.9825692688
     -35.28740817
     -2.061357503
     -14.41087173
      2.994271502
    0.05631178133
      38.41312844
     -56.99409307
     -22.42810676
      6.574468600
   -0.06997831403
     -31.16927803
     -15.13918789
     -28.48401455
      13.41639748
    0.01998002713
      16.25171048
      63.32464397
     -9.854100999
      24.36922668
  -0.003559962104
     -5.706460565
     -41.16913919
      17.55126136
      37.30847800
  0.0004379725761
      1.331501679
      3.698624825
      4.277267874
      42.50516698
 -3.436986417E-05
    -0.1563685510
      12.95637835
     -5.291527887
      30.22382492
  5.704705642E-07
   -0.02344087014
     -11.83210658
      14.17099879
      9.804120224
    0.05000000000
     0.1000000000
     0.1500000000
     0.2000000000
     0.2500000000
   Q=    0.0000
