      0.000000000
      0.000000000
      0.000000000
      0.000000000
      0.000000000
     -6.511703408
      2.367066954
    -0.2062086946
    -0.1102993690
    0.02436292611
     -15.39161735
     0.3178829612
      1.245267771
    -0.4158540057
    0.04433089431
     -14.07580458
     -5.331923576
      2.919952353
    -0.6603237240
    0.05546434216
      7.523663306
     -12.03248515
      5.347009154
    -0.9494514041
    0.04787938485
     -1.853610622
     -12.49825214
      8.437176141
    -0.6237331258
   -0.05537688327
    -0.1522270389
     -1.344360360
      11.19658840
      1.730567974
    -0.2840905641
     0.2322979633
      15.24457365
      10.30804333
      7.962884055
    -0.4690432475
   -0.07176879077
     -10.75475234
      3.043485392
      17.36419556
  -0.005146903866
    0.01378812359
      4.521687740
     -6.434940522
      22.46150404
      1.904268437
  -0.001988280036
     -1.460047239
      1.352659245
      12.11746535
      5.096557981
  0.0002392219301
     0.4255411899
      4.954103651
     -9.872478811
      7.403764136
 -2.487581531E-05
    -0.1128029237
     -5.361972956
     -16.26148567
      6.258156952
  1.982010830E-06
    0.02258471767
      2.353305398
      8.175998591
      2.457774885
 -4.455440566E-08
  -0.001544005935
   -0.09381208638
      21.27947629
    0.02519046530
    0.05000000000
     0.1000000000
     0.1500000000
     0.2000000000
     0.2500000000
   Q=    0.0000
