      9.670554394
     -10.63435778
      5.212611183
     -1.241073008
     0.1156511423
      60.61737477
     -28.85655671
      8.179668778
     -1.224561989
    0.07316308271
      177.2333535
     -56.39203993
      15.90716639
     -2.921282316
     0.2383829325
      219.7392867
     -96.61562209
      27.46474824
     -3.897123831
     0.1638536669
     -1262.335791
     -213.3996104
      46.26798757
     -2.733052103
    -0.1493517126
      689.0877191
     -783.8815086
      36.06353158
      7.918303904
    -0.7852141365
     -211.1203942
     -876.6421563
     -193.4455158
      32.00022605
    -0.5852327044
      28.78381060
     -169.9687430
     -622.3378635
      31.02821684
      3.336660419
      2.942809889
      1087.987092
     -938.5529809
     -53.81392344
      12.09120194
     -2.429618369
     -978.1582370
     -293.2840671
     -254.1445832
      21.73961834
     0.6257864951
      478.0299903
      790.7386684
     -409.5999782
      20.64082881
   -0.09943804851
     -144.5096505
      263.9805013
     -311.8846228
      2.174635623
    0.01002317634
      22.91798478
     -1142.192580
      25.57820001
     -26.95386721
 -0.0003926133753
      1.987064270
      1110.402436
      398.5807074
     -45.01947665
 -7.307490172E-05
     -2.563751245
     -649.7934236
      530.1693859
     -30.68752726
    0.05000000000
     0.1000000000
     0.1500000000
     0.2000000000
     0.2500000000
   Q=    0.0000
