      0.000000000
      0.000000000
      0.000000000
      0.000000000
      0.000000000
      101.5967203
     -57.67191592
      21.29789026
     -4.614391063
     0.4444519179
      402.2650804
     -115.0687648
      28.65757503
     -4.665926410
     0.3507185820
      549.4434924
     -123.8845631
      31.05513449
     -5.178111648
     0.3826821193
     -152.4407568
     -101.5838327
      25.45705689
     -2.512339939
   -0.05651134899
     -19.26310665
      56.51536330
     -27.83317068
      10.47884745
     -1.610506274
      18.61498383
      390.9451608
     -108.6516762
      39.98244990
     -5.625273488
     -1.916439785
     -115.0570882
     -124.4093615
      107.9349576
     -15.10564505
     -1.172562904
     -179.3356385
     0.7923530246
      235.8000097
     -32.48422267
     0.5344222589
      179.6326045
      328.4793747
      386.4331154
     -56.93371630
    -0.1132551851
     -75.86682133
      38.59237535
      389.9921322
     -82.28592494
    0.01385674566
      14.71274776
     -476.1420956
      32.14909994
     -101.8987229
 -0.0005538405982
      2.106821483
      592.3489212
     -326.4630557
     -111.1403725
 -0.0001706409440
     -2.761602294
     -442.2328675
     -59.44140052
     -91.11634703
  4.814705805E-05
      1.174658841
      233.2573884
      177.4653536
     -36.48975185
    0.05000000000
     0.1000000000
     0.1500000000
     0.2000000000
     0.2500000000
   Q=    0.0000
