      0.000000000
      0.000000000
      0.000000000
      0.000000000
      0.000000000
    -0.2787425355
     0.1661992657
   -0.06427373427
    0.01417656235
  -0.001321012668
     -1.025412604
     0.3122589904
   -0.08214747363
    0.01306767578
 -0.0007299018605
     -1.629444361
     0.3908308160
    -0.1119224857
    0.01661603162
 -9.603346391E-05
    -0.1206119955
     0.3312359544
    -0.1683254665
   0.005115217842
   0.005200653469
     0.3373115024
    -0.2025384675
    -0.3019256590
   -0.07462593024
    0.02231319630
    -0.1128311548
     -1.841889574
    -0.6899933992
    -0.3700758264
    0.05999845191
  -0.005125035149
    -0.5984948261
     -1.462151568
     -1.133631556
     0.1091641269
    0.01292096974
      1.928890926
     -1.534630394
     -2.424089925
     0.1091917428
  -0.004606065414
     -1.531013915
    -0.4464312629
     -3.395241954
   -0.04671371776
  0.0009531614057
     0.6748705380
     0.7310530382
     -2.489921470
    -0.3913674365
 -0.0001274985812
    -0.1755083474
     0.8887866773
     0.5212685697
    -0.7314907938
  9.070770152E-06
    0.01390311641
     -2.133386974
      2.356906517
    -0.7327809907
  4.661107902E-07
    0.01067397051
      2.041093733
    -0.1608379751
    -0.3640538481
 -2.564396079E-07
  -0.006240529842
     -1.253311556
     -2.048293324
   -0.05109557192
    0.05000000000
     0.1000000000
     0.1500000000
     0.2000000000
     0.2500000000
   Q=    0.0000
