      0.000000000
      0.000000000
      0.000000000
      0.000000000
      0.000000000
     -2.843422943
      1.397151592
    -0.3959167291
    0.05421741836
  -0.002034277744
     -11.64666555
      2.156614822
    -0.1373656920
   -0.04323989143
   0.007006253063
     -23.99427640
    -0.1254098918
     0.6744131108
    -0.1251722053
   0.005226076232
      1.046335252
     -9.028642253
      1.627921808
   -0.07365116891
   -0.01104616513
      2.856552401
     -18.92008560
     0.6324516224
     0.3760734976
   -0.05286746141
     -1.493795038
     -21.35622086
     -5.025631535
      1.340047004
    -0.1097512660
     0.1634971407
      7.423358604
     -15.61670238
      2.294638166
    -0.1378684004
    0.07667580083
      11.04776205
     -18.80174265
      1.811274957
   -0.08923066044
   -0.03891176047
     -12.91854503
     -4.610488845
    -0.9259970194
    0.01237242595
   0.009116505508
      6.578591817
      18.14992224
     -4.998266567
    0.02996721916
  -0.001303099126
     -1.848353397
      1.566588057
     -6.250196927
    -0.2529568199
  9.840866639E-05
     0.1694017686
     -19.63492867
     -2.055410532
    -0.7882656419
  3.941336036E-06
     0.1019259800
      20.00472779
      7.987658220
     -1.125233469
 -2.501348848E-06
   -0.06065826869
     -11.74491658
      11.52836183
    -0.6689598466
    0.05000000000
     0.1000000000
     0.1500000000
     0.2000000000
     0.2500000000
   Q=    0.0000
