     -3.860275422
     0.1354452025
      1.131963698
    -0.5544071871
    0.08732231903
      66.25292131
     -33.11452875
      11.99631499
     -2.655718497
     0.2639903777
      273.2617887
     -89.14284614
      25.54890731
     -5.030249327
     0.4918110828
      1307.625852
     -225.9912124
      52.99554863
     -9.929940787
     0.9301205846
     -661.7913764
     -122.0131529
      61.24021345
     -13.41572464
      1.114470668
      151.2103864
     -158.3416221
      95.18871510
     -14.80920256
     0.3075359459
     -20.85608267
      394.9054877
      69.21679263
      12.23403073
     -4.365926980
      4.142042293
     -39.10330989
      91.50485754
      98.52916534
     -16.00539869
     -1.347581436
     -141.0472700
      44.06927163
      285.3870746
     -36.37606680
     0.3497566556
      113.4372478
      251.9791912
      483.1026415
     -59.87169688
   -0.05491811835
     -36.94978399
      29.31131234
      472.3108897
     -78.40293185
   0.003217607680
     0.3030447898
     -420.3466020
      11.57424035
     -88.56954002
  0.0008071054313
      5.784482686
      534.5932883
     -404.4768142
     -96.99585712
 -0.0002903023599
     -3.340128850
     -399.3100882
     -46.90264782
     -85.23427779
  5.291653386E-05
      1.173905143
      207.0304881
      262.0512799
     -36.99584710
    0.05000000000
     0.1000000000
     0.1500000000
     0.2000000000
     0.2500000000
   Q=    0.0000
