      0.000000000
      0.000000000
      0.000000000
      0.000000000
      0.000000000
    -0.9217994542
     0.2336912006
    0.05614359078
   -0.04401464197
   0.006869514082
     -2.910385945
    -0.2250161719
     0.3825865082
    -0.1098565965
    0.01070579391
     -6.925105323
     -1.845132240
     0.9137270352
    -0.1834509987
    0.01454107553
      1.669496827
     -5.485313194
      1.597097808
    -0.2535258840
    0.01727031778
   -0.05836065315
     -6.013249139
      1.869763955
    -0.2542354948
    0.01867759407
    -0.1749158221
    -0.5863245067
      1.766650307
    -0.1424149102
    0.03895110788
    0.05067859216
      2.397826058
     0.7836736497
     0.1862349132
     0.1509010133
 -0.0004317411831
    0.02253794576
     -2.223302979
     0.5577921522
     0.5341024400
  -0.003016712929
     -1.054560644
     -2.765471175
     0.3747030034
      1.422263658
  0.0008890549296
     0.6437458158
      3.010986092
    -0.3227148319
      2.839434198
 -0.0001337009170
    -0.1752577824
      1.000155628
    -0.8081538700
      4.227200951
  8.981382807E-06
   0.003470900637
     -3.513970498
    -0.8163611247
      4.452030989
  8.767185309E-07
    0.01788192693
      3.153896547
      1.347773572
      2.909935054
 -3.536841583E-07
  -0.008786110088
     -1.713813227
      3.326957320
     0.8613837618
    0.05000000000
     0.1000000000
     0.1500000000
     0.2000000000
     0.2500000000
   Q=    0.0000
