      0.000000000
      0.000000000
      0.000000000
      0.000000000
      0.000000000
      81.86086002
     -48.35573107
      19.04460095
     -4.483475280
     0.4752203409
      133.5800668
     -54.24584018
      19.68167490
     -4.525208197
     0.4693031866
     -26.37821650
     -82.19066932
      37.65904059
     -8.955848991
     0.9323378098
     -48.37193982
     -130.7647280
      51.78443104
     -12.26420655
      1.353988327
      16.16645447
     -49.64779586
      50.09217340
     -17.89525894
      2.473234462
     -1.638860471
      76.59061668
      25.95101984
     -27.74659962
      4.987500256
     -1.054352275
     -104.5335429
     -52.28126156
     -46.08667611
      11.03319024
     0.6142527175
      95.86330273
     -140.6154633
     -74.28372229
      24.21109196
    -0.1848960979
     -63.15058904
     -2.047239944
     -83.65973369
      49.11382904
    0.03722212810
      28.16867770
      115.8076878
     -24.96546603
      87.66286943
  -0.005168496158
     -8.244167799
     -71.18955685
      47.77674714
      128.2259359
  0.0004395469821
      1.278917055
     -6.549068605
      30.85993855
      138.3414053
 -1.932558621E-06
     0.1302327807
      37.17364401
     -13.76185337
      95.39631949
 -6.670733867E-06
    -0.1563094282
     -29.73183784
     -2.597651305
      31.24825392
    0.05000000000
     0.1000000000
     0.1500000000
     0.2000000000
     0.2500000000
   Q=    0.0000
