     -2.124632791
      2.347561439
     -1.195808672
     0.3055764989
   -0.03173949048
     -13.17039488
      6.764892453
     -2.179732469
     0.3977351363
   -0.03105791779
     -42.48521658
      15.23468880
     -4.775979445
     0.9232777678
   -0.07457302282
     -47.92451815
      28.88486612
     -8.522645728
      1.178270250
   -0.04081139121
      281.2237430
      66.57130057
     -12.93499498
     0.4456656042
    0.09816845148
     -152.8215229
      198.1221382
     -4.762407098
     -3.414732490
     0.3621320070
      47.38282983
      194.9325151
      58.70374037
     -10.64779245
     0.4212803033
     -6.751466484
      16.67772462
      160.5005243
     -11.19427033
    -0.4697010296
    -0.5346768509
     -222.3244655
      213.6646771
      8.984123462
     -2.710055959
     0.5161629587
      208.5769492
      43.79404584
      55.01928046
     -5.629624984
    -0.1364382333
     -104.4311765
     -183.1048410
      88.68870122
     -6.886189450
    0.02210284086
      32.41507513
     -27.08979509
      65.70497924
     -4.828737961
  -0.002294604719
     -5.482567278
      222.5221386
     -7.048151785
     0.2409408503
  0.0001030803128
    -0.2714554298
     -227.7926625
     -86.36864373
      4.999352234
  1.389906992E-05
     0.5202291580
      136.3248346
     -107.2237002
      4.467575192
    0.05000000000
     0.1000000000
     0.1500000000
     0.2000000000
     0.2500000000
   Q=    0.0000
