     -7.252820847
      8.322770460
     -4.090723875
     0.9508329043
   -0.08325488397
     -54.73087255
      24.87147054
     -6.487411008
     0.7955629990
   -0.02465974613
     -165.9871872
      44.64042653
     -9.919161460
      1.420495132
   -0.09384114546
     -355.5720126
      62.21056377
     -11.43764085
      1.108989558
  -0.005055179354
      734.7316867
      50.96842693
     -10.46014685
    -0.1672806856
     0.1321076958
     -363.5249288
      311.9247093
     -7.952438958
     -3.954559205
     0.2547381867
      104.5508298
      364.9150221
      94.01327445
     -12.40685563
    -0.2406950720
     -13.48764438
      163.5006358
      274.8870686
     -4.635177805
     -2.933797332
     -1.552592658
     -562.6154735
      426.9613992
      43.58981516
     -8.175469808
      1.181097347
      478.3572609
      128.9014810
      141.8401614
     -13.95816561
    -0.3000298316
     -229.6489643
     -346.5643556
      198.7482633
     -14.51975123
    0.04755014273
      69.26939592
     -131.4471510
      125.8931249
     -7.354988024
  -0.004834368081
     -11.23886813
      527.2209295
     -34.64999029
      4.857304322
  0.0002034256171
    -0.7709351669
     -511.3197477
     -164.8964612
      14.09372355
  3.188723608E-05
      1.160271271
      300.5500884
     -215.2909428
      11.55206462
    0.05000000000
     0.1000000000
     0.1500000000
     0.2000000000
     0.2500000000
   Q=    0.0000
