      0.000000000
      0.000000000
      0.000000000
      0.000000000
      0.000000000
      209.7751828
     -119.3949938
      44.19397659
     -9.365910013
     0.8436025318
      44.10605986
     -81.16335989
      36.08839389
     -7.114663646
     0.4900561816
     -635.1812952
     -247.4595132
      93.55233890
     -14.50521652
     0.8121635162
      30.41458657
     -590.4371811
      106.7505785
     -7.725903714
   -0.04185031545
      40.54593240
     -619.2069503
      48.88919088
      2.273439169
    -0.5372258890
     -23.59236173
     -79.10227833
     -94.26089926
      20.00208833
     -1.377926573
      2.692989612
      38.95971790
     -259.3692446
      32.76296408
    -0.9619917202
      1.361767398
      211.7120426
     -422.9791642
      24.38589198
      1.840642173
    -0.7080566060
     -238.8388049
     -103.5278903
     -37.45369941
      8.536865391
     0.1697015554
      124.3312158
      438.0632208
     -93.37080317
      17.06120676
   -0.02483548261
     -36.17274740
     -69.61881048
     -86.35186164
      24.89166280
   0.001968141127
      3.887558852
     -307.8609886
     -36.15403179
      24.31508087
  5.509051423E-05
      1.705058677
      349.7267531
      128.9740593
      10.42312685
 -4.504634432E-05
     -1.097676441
     -213.0285066
      218.7094180
     -1.129916738
    0.05000000000
     0.1000000000
     0.1500000000
     0.2000000000
     0.2500000000
   Q=    0.0000
