      0.000000000
      0.000000000
      0.000000000
      0.000000000
      0.000000000
      7.844184315
     -4.580025039
      1.773428166
    -0.4060413804
    0.04126484521
      30.01632188
     -8.618774013
      2.087540688
    -0.3095980822
    0.01803016052
      67.14940532
     -10.31998010
      1.416170229
    0.01004031689
   -0.02934610093
     -47.07858955
     -1.658088418
     -3.622840043
      1.672882778
    -0.2376329310
      13.43883705
     -13.59352044
     -19.36279137
      6.720724875
    -0.7999119814
     -2.404053237
     -31.02496009
     -59.66750272
      18.44143447
     -2.073272210
    -0.2052355393
     -18.58637260
     -104.2104554
      38.82434656
     -4.617392978
     0.2458311986
      33.30841086
     -69.02226767
      66.99052321
     -9.225416615
   -0.08369928082
     -26.83365466
      63.48939185
      89.99329619
     -16.49611193
    0.01852016716
      14.22454239
      61.59620768
      66.49882797
     -26.44005886
  -0.002841434178
     -4.922711981
     -73.39853031
     -29.08463893
     -38.05994180
  0.0002901679353
      1.068433497
      29.23191271
     -81.23807887
     -45.97707742
 -1.416104794E-05
    -0.1003160011
     -2.908663043
      25.55200938
     -38.64320718
 -1.237962846E-06
   -0.02329488672
     -2.419356428
      85.62430833
     -15.74756485
    0.05000000000
     0.1000000000
     0.1500000000
     0.2000000000
     0.2500000000
   Q=    0.0000
