    0.03781128145
   -0.01685002691
  -0.003867782369
   0.002848866589
  4.423014029E-05
     0.8046290411
    -0.1876422607
   -0.02328522157
   0.004260660087
   0.003165638127
      7.433890232
    -0.1154603997
    -0.2398824979
   -0.02835614988
    0.01865999860
      31.12725145
      4.050076560
    -0.5861220486
    -0.3102564468
    0.06539552008
      32.97603170
      22.52432956
     0.9612138064
     -1.264707076
     0.1468405218
     -23.93263315
      48.64042277
      10.97099712
     -3.019798066
     0.2134030006
      8.613927003
      51.25449739
      32.59643610
     -3.924662859
     0.1816274855
     -1.362785026
     -11.17794485
      53.81732080
    -0.4926807157
     0.1632133320
   -0.07199232763
     -34.57040511
      41.60135022
      10.14828079
     0.7997101951
    0.09428191441
      37.44818556
     -3.330877510
      23.87824548
      3.355155159
   -0.02589431503
     -19.64761370
     -29.72476729
      29.05533237
      8.627866185
   0.004264923755
      6.237991569
     -4.963353743
      13.74415940
      14.87257153
 -0.0004445324215
     -1.059069516
      42.91174639
     -13.46581963
      17.06659771
  1.914842898E-05
   -0.06275562260
     -45.34210604
     -17.63989663
      11.83097057
  2.977547255E-06
     0.1075021480
      27.78367102
     -3.548443293
      3.796139157
    0.05000000000
     0.1000000000
     0.1500000000
     0.2000000000
     0.2500000000
   Q=    0.0000
