      0.000000000
      0.000000000
      0.000000000
      0.000000000
      0.000000000
     -93.18619508
      48.92432992
     -15.89799409
      2.864869602
    -0.2119208886
     -230.2623108
      62.15595292
     -13.44836124
      1.575873258
   -0.04051974858
     -138.2690322
      73.89883283
     -19.80788416
      2.265209251
 -0.0009626423708
      48.57738064
      129.0074208
     -21.38832580
    -0.9460127393
     0.5801087350
      9.484767138
      71.87659559
      2.453815092
     -10.56218502
      1.899285290
     -6.660889377
     -198.4821282
      26.14616554
     -33.20962389
      4.925816140
     0.4262469513
      40.66163090
      5.133725475
     -85.51083159
      10.56848216
     0.4810599088
      69.66436756
      1.977748146
     -174.7763394
      18.11604722
    -0.1951734614
     -64.25298425
     -82.64165864
     -247.2188715
      24.73451686
    0.03971190001
      26.02976667
     -60.46263720
     -201.5195839
      28.49895119
  -0.004801564294
     -4.995192096
      183.3743697
      23.64619278
      31.37560166
  0.0002038309870
    -0.6669636723
     -203.0460339
      203.5639822
      37.33681051
  5.544210443E-05
     0.9194570770
      150.6921079
     -4.228043998
      37.74925556
 -1.624959193E-05
    -0.4017705070
     -82.38023510
     -180.9495232
      18.73601093
    0.05000000000
     0.1000000000
     0.1500000000
     0.2000000000
     0.2500000000
   Q=    0.0000
