    -0.8561729554
     0.6960760175
    -0.2210826174
    0.01990978046
   0.001625936223
     -3.670158620
      1.198935655
   -0.03517490672
   -0.06162628977
   0.008437570202
     -15.97714963
      1.706200561
     0.3067691111
    -0.1173838536
   0.007699080564
     -22.18141629
     -3.947652350
      1.630111941
    -0.1861256740
  -0.002149220895
     -7.037015476
     -14.18356651
      1.915038209
     0.1278249953
   -0.04698571133
      7.756643988
     -23.89125648
    -0.5322066709
     0.9467884894
    -0.1220043834
     -3.224154581
     -21.07417471
     -7.929689733
      2.384693230
    -0.2204115596
     0.5662265500
      9.310690617
     -17.84896170
      3.730062750
    -0.2802374867
    0.01695759374
      10.88114425
     -17.61233285
      3.423963703
    -0.2371666069
   -0.03560004115
     -14.03806592
     -1.369983935
     0.1841229424
    -0.1102295127
    0.01011845773
      7.661745386
      15.44905140
     -5.506042161
    -0.1092302039
  -0.001678649184
     -2.443836017
      1.250622664
     -8.709195402
    -0.5654725749
  0.0001732544012
     0.4018312321
     -18.04418030
     -2.803506861
     -1.380036354
 -6.910513199E-06
    0.03252222052
      18.72436231
      10.07633188
     -1.694960055
 -1.274276132E-06
   -0.04433566008
     -11.09229208
      12.86910974
    -0.9000672549
    0.05000000000
     0.1000000000
     0.1500000000
     0.2000000000
     0.2500000000
   Q=    0.0000
