      0.000000000
      0.000000000
      0.000000000
      0.000000000
      0.000000000
 -1.707300597E-06
  9.194373372E-07
 -3.239996037E-07
  6.882296123E-08
 -6.966217075E-09
 -1.595504379E-05
  3.845625318E-06
 -7.565479822E-07
  1.132668425E-07
 -1.218184055E-08
 -7.054633734E-05
  4.848943661E-06
 -3.531468098E-07
  1.793398299E-07
 -3.987374276E-08
 -4.710556974E-05
 -1.570434661E-05
  8.226248116E-08
  9.494587211E-07
 -1.453753412E-07
  3.314846453E-05
 -5.867568929E-05
 -9.132686215E-06
  3.680059886E-06
 -3.277323294E-07
 -9.347339456E-06
 -0.0001132920455
 -4.483395651E-05
  8.209033057E-06
 -3.842026188E-07
 -5.220618461E-07
 -6.292363812E-05
 -0.0001154797628
  9.193841238E-06
  1.471873290E-07
  1.087754467E-06
  0.0001625688698
 -0.0001499710146
 -5.400608873E-06
  1.586654331E-06
 -3.849637668E-07
 -0.0001284235577
 -2.511599989E-05
 -3.715866812E-05
  3.199838247E-06
  8.002261228E-08
  5.766789604E-05
  0.0001227527880
 -5.748782060E-05
  3.360919910E-06
 -1.073474112E-08
 -1.527694866E-05
  2.257406300E-05
 -3.476452214E-05
  1.311398508E-06
  7.666196938E-10
  1.343011992E-06
 -0.0001539951100
  1.773835930E-05
 -1.575982154E-06
  3.613316270E-11
  8.167530216E-07
  0.0001548240704
  4.710663512E-05
 -2.853604491E-06
 -2.032676869E-11
 -4.811288219E-07
 -9.166359706E-05
  4.145800048E-05
 -1.829240114E-06
    0.05000000000
     0.1000000000
     0.1500000000
     0.2000000000
     0.2500000000
   Q=    0.0000
