     -3.130495191
      2.909845213
     -1.158037607
     0.2131925762
   -0.01597125466
     -16.33046280
      5.981694527
    -0.9254511175
    0.04353351571
  -0.009258533337
     -65.71820791
      8.805136373
    -0.7184996701
     0.3462710340
   -0.08780739671
     -163.8087021
     -11.16731631
      1.708819889
      1.138575827
    -0.2226825405
     -103.4589018
     -86.54750907
     -3.431396602
      4.286444248
    -0.4396016998
      87.00434137
     -186.3877708
     -38.60703969
      9.041608193
    -0.3354689944
     -32.45457046
     -200.0625446
     -116.5502262
      7.758311306
     0.8926210843
      5.059221096
      35.16084066
     -200.5447492
     -15.16294224
      4.209448284
     0.3543713498
      145.2258487
     -174.8529334
     -70.73379611
      10.02948663
    -0.3859583780
     -152.9182470
     -10.04108207
     -132.9707428
      17.63539082
     0.1040528457
      79.10675084
      132.0111299
     -134.4856781
      25.79466998
   -0.01691833852
     -24.70625881
      24.21810035
     -33.48533841
      32.78151898
   0.001724851830
      4.008497198
     -182.5640454
      76.41362498
      34.78707255
 -6.568819856E-05
     0.3551529524
      190.9340440
      61.61744224
      26.07422211
 -1.355224829E-05
    -0.4638439559
     -116.5414919
      11.43217617
      9.444325689
    0.05000000000
     0.1000000000
     0.1500000000
     0.2000000000
     0.2500000000
   Q=    0.0000
