     0.3913252547
    -0.3575154984
     0.1478910929
   -0.02817379387
   0.001711662299
      1.295418852
    -0.6084540807
     0.1427260221
  -0.007867926082
  -0.001942252145
      3.686416973
     -1.321121626
     0.3101237676
   -0.01357335333
  -0.005292469586
     -4.934932827
     -1.806171871
     0.1912023035
     0.1180613995
   -0.02405811804
     -12.92503981
     -7.275953551
    -0.3431512001
     0.4287646505
   -0.05041250572
      7.997066744
     -14.84505962
     -3.749539827
      1.020543920
   -0.07535181760
     -2.707457474
     -13.66826226
     -10.55290950
      1.282824914
   -0.07300857154
     0.4231511811
      2.320352646
     -16.48058153
     0.1725129875
    -0.1066890110
    0.01909041883
      10.50774241
     -12.18372431
     -3.091092919
    -0.4264219277
   -0.02773066726
     -11.12872184
      2.117129122
     -7.144961619
     -1.491558827
   0.007706763823
      5.867650526
      8.644034687
     -8.361942530
     -3.549665682
  -0.001287706936
     -1.899918827
     0.1885768869
     -3.639167093
     -5.872738633
  0.0001383838937
     0.3442323967
     -11.09817333
      4.106578640
     -6.585352349
 -6.909750611E-06
   0.006714560818
      12.34253888
      4.668168181
     -4.504677813
 -7.133153051E-07
   -0.02851268916
     -7.751786610
     0.1161344869
     -1.425501249
    0.05000000000
     0.1000000000
     0.1500000000
     0.2000000000
     0.2500000000
   Q=    0.0000
