      0.000000000
      0.000000000
      0.000000000
      0.000000000
      0.000000000
      37.97937235
     -22.09257552
      8.505846290
     -1.953200663
     0.2023168214
      70.30003946
     -26.30960534
      8.981663465
     -1.990453639
     0.2021323758
     -3.770430708
     -39.05835486
      17.32615463
     -4.035494708
     0.4101960483
     -8.762692501
     -67.77383588
      25.95551423
     -5.812258826
     0.5907939110
     -1.221389803
     -26.58498058
      29.40661484
     -8.548687759
     0.9687706991
      1.465404497
      71.70245048
      31.28213059
     -12.15148919
      1.562478050
    -0.2913691004
     -30.92583784
      18.41322948
     -14.57386126
      2.689924571
   0.006765415680
      3.659721589
     -28.58868340
     -13.21908567
      5.204490284
   0.008415504669
      1.735054614
     -7.171442307
     -4.320386770
      10.66568938
  -0.002039184374
    -0.7345803589
      34.49999151
      16.89920044
      20.41468160
  0.0002101071504
   -0.08820438896
     -38.18498087
      20.49566899
      32.09729927
  7.786187673E-06
     0.2030373406
      29.33705267
     -12.97985956
      35.91543899
 -7.147699809E-06
    -0.1093241306
     -17.27521106
     -11.97845383
      24.30011005
  1.506669387E-06
    0.03782724269
      7.890602879
      17.15145651
      7.357909034
    0.05000000000
     0.1000000000
     0.1500000000
     0.2000000000
     0.2500000000
   Q=    0.0000
