      0.000000000
      0.000000000
      0.000000000
      0.000000000
      0.000000000
    -0.3881644088
     0.1076419659
    0.01691724585
   -0.01688613723
   0.002805047863
     -1.336703421
   -0.03158515105
     0.1458547714
   -0.04688118754
   0.005063290582
     -3.105707751
    -0.6289507613
     0.3934911816
   -0.09279868956
   0.008333742897
      1.799831771
     -1.910685155
     0.8237340735
    -0.1651595054
    0.01173078347
    -0.5263699275
     -1.262440988
      1.466913131
    -0.2488531331
    0.01066642670
    0.06100104986
      1.466872875
      2.705957925
    -0.2768188660
  -0.001257110969
    0.02399800976
      1.543103599
      3.699448156
   -0.06789412097
   -0.02455442193
   -0.01280922946
     -1.792830190
      1.790467820
     0.3203851752
   -0.03829201743
   0.003468328082
      1.111145754
     -2.157643778
     0.3239099371
   -0.02216660070
 -0.0006694153896
    -0.4997899037
     -1.115669033
    -0.2466016890
   0.005661686805
  9.572344903E-05
     0.1625265276
      1.942038627
    -0.4002747512
    0.01634773779
 -9.585682082E-06
   -0.03560128165
    -0.9633219225
    0.08627158512
    0.02364526117
  4.788535495E-07
   0.003586784678
     0.1184635321
     0.1696908703
    0.02908776091
  4.210657174E-08
  0.0008499153342
     0.1445011839
    0.06685109563
    0.01241390891
    0.05000000000
     0.1000000000
     0.1500000000
     0.2000000000
     0.2500000000
   Q=    0.0000
