      0.000000000
      0.000000000
      0.000000000
      0.000000000
      0.000000000
     0.1921291100
   -0.04439831412
   -0.01538984384
    0.01038249160
  -0.001564672416
     0.6181491304
    0.06305654590
   -0.08965558066
    0.02503773358
  -0.002330033599
      1.548257956
     0.4357934141
    -0.2135791615
    0.04111947071
  -0.002812381352
    -0.5043474096
      1.272996815
    -0.3788924988
    0.05279376045
  -0.001876323286
    0.08173468502
      1.286430505
    -0.4757410567
    0.03585473721
   0.002794595196
    0.02184577360
    -0.1210519984
    -0.5823367316
   -0.04392651013
    0.01177686846
   -0.01255399443
    -0.6537020679
    -0.5674804323
    -0.2490639146
    0.01788904213
   0.002099503616
     0.2835044847
     0.1125540056
    -0.5179670088
  -0.005166833926
 -2.671070033E-05
   0.004155053632
     0.6658867084
    -0.5342625127
   -0.09070624125
 -4.998593354E-05
   -0.03479590505
    -0.3754814601
    -0.1054034613
    -0.2358070919
  8.736933746E-06
   0.006850155887
    -0.3757616720
     0.3962687054
    -0.3674692824
 -1.933854257E-07
   0.004032805001
     0.6806047574
     0.3872472329
    -0.3727655936
 -2.001354289E-07
  -0.003292623689
    -0.5130914913
    -0.3719146931
    -0.2192898103
  5.003844308E-08
   0.001259589962
     0.2430463075
    -0.7976982907
   -0.05109003216
    0.05000000000
     0.1000000000
     0.1500000000
     0.2000000000
     0.2500000000
   Q=    0.0000
