     -8.218600140
      6.385389163
     -2.076826266
     0.1658581663
    0.03267200492
     -2.685256084
     -3.523697449
      4.892350127
     -1.958826767
     0.2647179490
      29.14144998
     -37.43073650
      18.84249445
     -4.729044816
     0.4757753344
      411.8953978
     -170.2942037
      54.18670486
     -9.933549795
     0.7594815422
     -539.0361963
     -316.2154688
      83.61162510
     -10.55104576
     0.3660889646
      231.3094868
     -559.7664170
      70.44298262
      2.084725080
     -1.444897201
     -70.51812033
     -119.4125541
     -89.52665423
      44.03311477
     -6.072827304
      13.14234397
      174.4897397
     -278.3147085
      120.8673351
     -14.51815070
    -0.7599686485
      68.31098194
     -310.9451587
      226.5056398
     -26.31777958
    -0.3612023173
     -159.7032894
      158.1856169
      285.2008925
     -37.53608034
     0.1379151118
      108.1966135
      326.8463502
      186.2827849
     -45.07946416
   -0.02739111203
     -43.37668698
     -319.3680798
     -130.2647782
     -51.25040708
   0.003669417815
      11.46886836
      88.31145189
     -276.9481234
     -61.93529931
 -0.0003337039660
     -1.864759684
      38.21878390
      139.1845995
     -59.77106463
  1.538042665E-05
    0.05573383172
     -48.95598703
      335.2119999
     -27.26373764
    0.05000000000
     0.1000000000
     0.1500000000
     0.2000000000
     0.2500000000
   Q=    0.0000
