      0.000000000
      0.000000000
      0.000000000
      0.000000000
      0.000000000
      8.981458531
     -4.317811485
      1.210333617
    -0.1776571180
    0.01047137613
      24.19125405
     -4.635268178
     0.4786354924
   0.005271832965
 -0.0009139046412
      21.83467840
     -1.991902831
    0.06176218300
   -0.05510291371
    0.02568109575
     -16.33902028
    -0.2165562873
    -0.9382999334
    -0.1454183131
     0.1011315536
      4.223304601
     -1.367839184
     -4.873921796
    -0.8831388368
     0.4005169715
    -0.3266085715
      3.234218654
     -14.71865330
     -3.832119477
      1.276636584
    -0.2356423529
     -18.26366949
     -26.00449715
     -10.89507535
      3.451644692
     0.1127113412
      16.32253152
     -25.46435371
     -19.50925419
      8.257322999
   -0.03088117360
     -10.23690050
      11.09155774
     -18.50388458
      17.73001455
   0.006173304331
      4.822236371
      23.72474218
      1.970731029
      32.95689450
 -0.0009244604991
     -1.654412831
     -28.06147295
      19.12605647
      49.32919783
  9.925957805E-05
     0.3930941251
      14.59204929
      2.984826055
      53.75843103
 -5.999706332E-06
   -0.05029165802
     -3.229685574
     -9.044808000
      36.94612503
 -2.508181823E-07
  -0.005209852101
    -0.9051766585
      4.869987875
      11.86527452
    0.05000000000
     0.1000000000
     0.1500000000
     0.2000000000
     0.2500000000
   Q=    0.0000
