     -26.86522107
      25.28391235
     -12.23679452
      3.131952029
    -0.3351647661
     -86.92117581
      51.66874341
     -18.08120397
      3.581975878
    -0.3175300435
     -371.1679665
      124.8493192
     -40.30463065
      8.727853459
    -0.8774894532
      223.9780003
      112.8054894
     -53.00517026
      11.46090794
     -1.030625396
      279.0032661
      312.6827694
     -91.83325758
      15.31735380
     -1.186406265
     -174.8130440
      371.8541578
     -67.49550599
      8.413714768
    -0.4896874178
      58.79622053
      175.0998057
      23.74907052
     -10.38133284
      1.624471723
     -9.390162383
     -26.36261484
      196.1702055
     -50.56517328
      7.549702631
    -0.3914136483
     -235.6482137
      290.4338904
     -95.08083248
      21.10885687
     0.6100338187
      247.8231370
      49.33315892
     -98.45155363
      49.21593738
    -0.1701075208
     -130.0476090
     -268.8522879
    -0.8763725502
      96.70387813
    0.02826779142
      41.43982391
     -7.402119319
      153.0202525
      153.8334343
  -0.002999007824
     -7.225532100
      272.8023778
      137.7471610
      182.9534933
  0.0001447599142
    -0.2440769539
     -282.1188297
     -155.9923792
      143.6321678
  1.587325388E-05
     0.6259592455
      165.8523405
     -284.3050337
      55.73960594
    0.05000000000
     0.1000000000
     0.1500000000
     0.2000000000
     0.2500000000
   Q=    0.0000
