      0.000000000
      0.000000000
      0.000000000
      0.000000000
      0.000000000
      55.78167486
     -28.19995268
      8.631231768
     -1.406236288
    0.08713828700
      63.51097578
     -3.563814728
     -4.635493493
      1.804021457
    -0.2170125632
      224.7852951
      26.22231497
     -17.52149837
      3.886926461
    -0.3381845946
     -72.03206182
      191.5582257
     -56.21890786
      9.934819479
    -0.8309066634
      13.51602528
      236.6583965
     -77.99406652
      16.15999425
     -1.592847341
      1.884220390
     -81.98124153
     -100.3082532
      31.85022439
     -3.874748000
     -1.400395264
     -56.88212101
     -103.0435919
      58.43552620
     -9.362065419
     0.2075117369
      24.30179996
      66.40106913
      97.66526889
     -22.70891884
    0.01714867595
      9.371905151
      135.4661443
      135.2181558
     -50.36018310
   -0.01157010622
     -9.340777086
     -117.4144260
      83.31080936
     -96.57258768
   0.002115577279
      2.945833953
      12.45734278
     -57.85580286
     -152.5786745
 -0.0001695092769
    -0.1282960699
      51.19630215
     -68.66204771
     -179.2307632
 -1.190239343E-05
    -0.3024488780
     -56.47425148
      21.85501731
     -132.9691901
  6.128209800E-06
     0.1641844240
      34.87447332
      3.595162611
     -45.70918740
    0.05000000000
     0.1000000000
     0.1500000000
     0.2000000000
     0.2500000000
   Q=    0.0000
