      0.000000000
      0.000000000
      0.000000000
      0.000000000
      0.000000000
   0.006499296707
   -0.01281882071
   0.009533809410
  -0.003257874653
  0.0004281009705
    0.02949038739
   -0.03956864944
    0.02224716536
  -0.006116981395
  0.0006367989515
    0.04765432188
   -0.08773567270
    0.05081315837
   -0.01269890380
  0.0009959667209
     0.3557270610
    -0.1120806049
     0.1172338139
   -0.02266194977
  0.0004037660518
    -0.1915707639
     0.1860622906
     0.2844029765
   -0.02468939990
  -0.004215334785
    0.04876537248
     0.7175287171
     0.6713531867
    0.02863740366
   -0.01911612861
   0.003560264528
     0.3506662124
      1.127311176
     0.2278561308
   -0.05173927584
  -0.005701726940
    -0.8294069778
     0.9160546240
     0.5769247197
    -0.1063677807
   0.001978910504
     0.6520103586
    -0.2231982630
     0.7890381102
    -0.1864159142
 -0.0004162781956
    -0.3026835284
    -0.6669481667
     0.4665187314
    -0.2974715771
  5.835412149E-05
    0.08761080261
     0.2640090726
    -0.2084028566
    -0.4192437001
 -4.827546905E-06
   -0.01201016054
     0.4104460398
    -0.4207553734
    -0.4634761334
 -2.953714592E-08
  -0.002414314844
    -0.5876867082
   0.009836828812
    -0.3384268519
  8.537854312E-08
   0.002050201491
     0.4023762657
     0.1759612592
    -0.1182612978
    0.05000000000
     0.1000000000
     0.1500000000
     0.2000000000
     0.2500000000
   Q=    0.0000
