      9.787234517
     -9.506561357
      4.578842934
     -1.133940669
     0.1142339862
      37.37665785
     -20.10332040
      6.232651254
     -1.021509611
    0.06691907395
      146.3891220
     -42.76759645
      11.50726143
     -2.110082237
     0.1846897085
      33.38945132
     -26.74034220
      8.583519162
     -1.404783756
    0.08398502641
     -7.093425069
     -33.55289594
      6.452762735
    -0.3690578973
   -0.03293052007
     -8.017779097
      19.17095796
     -11.85981822
      2.992749231
    -0.3362211023
      4.374407692
      61.09175393
     -24.04596242
      6.099629544
    -0.8556569459
    -0.6220239241
     -16.15805953
     -11.02445257
      9.144062081
     -2.223299887
    -0.1341900147
     -30.09071862
      38.70300714
      10.81691828
     -5.659972378
    0.08250338909
      31.51037739
      46.29418903
      11.45588402
     -13.06706662
   -0.01960835636
     -14.87226513
     -45.61074549
      6.293185204
     -24.74303275
   0.002774996935
      3.831976139
     -21.49117471
      4.999222268
     -35.92533821
 -0.0002058174545
    -0.2363501446
      60.09240156
      14.96453019
     -35.79320142
 -8.293347262E-06
    -0.2559025730
     -51.79036937
     -16.17908598
     -20.26507517
  5.080272011E-06
     0.1340196580
      27.51284713
     -54.74306387
     -4.165772803
    0.05000000000
     0.1000000000
     0.1500000000
     0.2000000000
     0.2500000000
   Q=    0.0000
