      0.000000000
      0.000000000
      0.000000000
      0.000000000
      0.000000000
      67.74602463
     -37.46695560
      13.27773663
     -2.735153370
     0.2505560818
      284.7060604
     -75.90481095
      17.24709739
     -2.612331358
     0.1977085371
      383.5158583
     -67.57451257
      16.10219926
     -3.155019685
     0.3179081010
     -53.33769078
     -32.79222020
      17.47715929
     -4.341464756
     0.4268148138
     -38.55998324
      116.8794909
      7.139758967
     -3.990766734
     0.2823744036
      20.29724104
      365.2206417
      23.08967296
     -1.115363198
    -0.7941888490
     -1.428386249
     -66.31461155
      95.04813557
      23.45026074
     -4.878994901
     -1.410642721
     -209.1681600
      141.0655742
      95.01781134
     -13.65760677
     0.6079943880
      202.1758879
      161.3198667
      202.9497005
     -26.84068637
    -0.1319259846
     -91.95792401
     -91.63811580
      247.8302464
     -40.47366998
    0.01743384625
      22.30283892
     -256.2689269
      71.99295555
     -50.00279902
  -0.001066480477
    -0.3862861877
      444.2264708
     -172.8203532
     -53.83845311
 -0.0001146368117
     -2.144860936
     -372.7301433
     -93.11925801
     -44.37520849
  4.348082551E-05
      1.053948915
      206.8440044
      42.31322580
     -17.94370336
    0.05000000000
     0.1000000000
     0.1500000000
     0.2000000000
     0.2500000000
   Q=    0.0000
