 -2.022760979E-11
  2.094447512E-11
 -1.115598227E-11
  3.190397033E-12
 -3.880597776E-13
 -8.653848197E-11
  5.672126880E-11
 -2.396367827E-11
  5.821165249E-12
 -5.958537027E-13
 -3.345091267E-10
  1.733878591E-10
 -6.919691355E-11
  1.522915312E-11
 -1.314731742E-12
  2.224120696E-10
  4.121642759E-10
 -1.471509817E-10
  2.233670036E-11
 -9.474437642E-13
  3.535583432E-09
  1.281450550E-09
 -2.503727222E-10
  1.180945909E-11
  1.488916155E-12
 -2.048252099E-09
  3.224687277E-09
 -8.417782389E-11
 -5.746878405E-11
  6.587763873E-12
  6.630281180E-10
  2.912443288E-09
  9.406859389E-10
 -1.819341286E-10
  9.079935170E-12
 -9.897398011E-11
 -1.531914987E-10
  2.524030738E-09
 -2.119849250E-10
 -2.030555817E-12
 -6.383951171E-12
 -2.901573473E-09
  3.182115537E-09
  7.875182665E-11
 -3.423412185E-11
  7.132806682E-12
  2.878509818E-09
  5.159556782E-10
  7.695788992E-10
 -7.877486481E-11
 -1.923641449E-12
 -1.472843372E-09
 -2.784972185E-09
  1.306077155E-09
 -1.023204667E-10
  3.149518003E-13
  4.636133756E-10
 -1.300562379E-10
  9.890448221E-10
 -7.848737976E-11
 -3.300518672E-14
 -7.988097221E-11
  3.009372066E-09
 -1.146980883E-10
 -1.047278274E-11
  1.520611297E-15
 -3.330869103E-12
 -3.182933273E-09
 -1.307406909E-09
  5.485704943E-11
  1.932436434E-16
  7.315646334E-12
  1.926183575E-09
 -1.463716618E-09
  5.075008662E-11
    0.05000000000
     0.1000000000
     0.1500000000
     0.2000000000
     0.2500000000
   Q=    0.0000
