      7.176675416
     -5.920725882
      2.135223020
    -0.3420142170
    0.01700226449
      22.15736916
     -7.076885147
     0.7431638896
     0.1295826805
   -0.02649985216
      43.45844186
     -9.818935465
      1.590738056
    -0.1249793954
 -0.0001572399656
      72.69662038
     -1.619003738
     -2.181686093
     0.6467519366
   -0.06369283035
      12.51203942
      25.13167468
     -5.971935787
     0.7268535252
   -0.03900414510
     -19.92338214
      56.97038903
     -5.549658758
     0.4041909138
   -0.06324976716
      8.308851266
      52.74005390
      7.836830103
    -0.2119679018
    -0.2069066896
     -1.286740975
     -8.736744035
      35.27196523
      1.768960134
    -0.7599403541
    -0.1351764218
     -44.71627258
      56.41104762
      10.73115096
     -1.894769752
     0.1173504439
      46.18107150
      24.01226421
      26.30714354
     -3.401267544
   -0.03056369335
     -23.28011090
     -51.56772997
      33.25486229
     -4.645504034
   0.004797093055
      6.919082942
     -12.55478785
      15.28488216
     -5.223215882
 -0.0004550257968
    -0.9490300694
      64.87276253
     -9.680459962
     -4.857507082
  1.002478731E-05
    -0.1909400526
     -63.50095446
     -22.31237472
     -2.836692443
  5.155149124E-06
     0.1584158953
      36.98417736
     -24.45065703
    -0.4623963366
    0.05000000000
     0.1000000000
     0.1500000000
     0.2000000000
     0.2500000000
   Q=    0.0000
