      24.62820265
     -20.45091518
      8.670635259
     -1.838787597
     0.1433005902
      116.1417746
     -62.83694386
      17.98106865
     -2.336469252
    0.06084479427
      722.2760461
     -174.3316936
      32.80018490
     -3.010581585
   -0.02155913902
      465.4340899
     -141.6464751
      25.63781064
    0.06811550185
    -0.5775611177
     -327.0207640
     -287.8120596
      33.96926235
      7.646311045
     -1.972484755
      75.79653791
     -293.5374128
     -26.02763603
      31.96878281
     -4.943323705
     -12.76405698
      325.8428478
     -83.06235108
      71.50576440
     -9.612574003
      3.667330759
      12.45011408
      1.085439058
      140.4041894
     -15.51638070
     -1.175287246
     -131.6428713
      56.11919949
      235.8117443
     -17.39531684
     0.2648084507
      85.64920736
      165.7411650
      286.0416726
     -6.030882222
   -0.03463150263
     -22.59990796
      68.79754151
      224.7476316
      24.87066407
  0.0007239457536
     -2.393256085
     -347.3144818
      16.93632614
      67.88125661
  0.0008180390187
      4.885253138
      395.5735359
     -187.9486904
      90.82475489
 -0.0002257990768
     -2.448858265
     -275.0154926
     -42.74185371
      65.89568365
  3.719078715E-05
     0.7977217536
      134.7237640
      123.8882840
      20.93376688
    0.05000000000
     0.1000000000
     0.1500000000
     0.2000000000
     0.2500000000
   Q=    0.0000
