    0.08570043262
   -0.08118046886
    0.03420137415
  -0.006712087293
  0.0004937728835
     0.4787840306
    -0.1997230721
    0.04049696720
  -0.003102042049
  0.0001311631571
      2.241979702
    -0.3929633762
    0.04928243254
  -0.008874219783
   0.001541535177
      5.640532495
    0.02927528950
   -0.02307812955
   -0.02035803546
   0.003197106907
      3.348095862
      2.116394423
    0.08264552704
   -0.07976476263
   0.003408042826
     -2.908906858
      5.210549161
      1.078326633
    -0.1409626633
   -0.01404420670
      1.069061269
      6.852001413
      3.552412207
    0.09894248971
   -0.07686159606
    -0.1564818665
    -0.4099135142
      6.709907814
      1.236816549
    -0.1981653224
   -0.01609487674
     -5.543352728
      6.253811916
      3.635061309
    -0.3225970091
    0.01378587037
      5.441101390
     0.6459158665
      6.021308251
    -0.3037526098
  -0.003592480163
     -2.730990917
     -4.272552585
      5.545417527
   -0.03376827047
  0.0005713777289
     0.8299723595
     -1.443994689
     0.8516686930
     0.3550232108
 -5.639003844E-05
    -0.1260007155
      6.823654800
     -3.650969244
     0.4984018726
  1.768359268E-06
   -0.01651675469
     -6.916008737
     -1.848044124
     0.2688298387
  5.281067425E-07
    0.01714411944
      4.191533629
      1.005547607
    0.03733177716
    0.05000000000
     0.1000000000
     0.1500000000
     0.2000000000
     0.2500000000
   Q=    0.0000
