     -14.91905268
      16.20035087
     -8.154388878
      2.075180761
    -0.2139688130
     -45.51288659
      25.57731497
     -9.354058597
      1.866480571
    -0.1411821184
     -39.67019630
      52.61604703
     -23.98189176
      5.073863513
    -0.3908976136
      1.625577197
      104.5070912
     -32.49087776
      3.876259072
  -0.006803740438
      69.10702963
      148.2812417
     -28.85051615
    -0.1458746924
     0.6435201457
     -31.69685061
      82.54226332
     -2.559734445
     -11.34974401
      2.279835897
      9.880372285
     -14.96202866
      31.97790749
     -32.23729485
      5.192663475
     -1.817316821
     -2.935262202
      66.51828677
     -60.30671873
      9.430423569
    0.07506375693
     -20.24160113
      46.23995788
     -73.59030308
      14.32798344
    0.06509095643
      28.10467530
     -48.22350318
     -47.93033972
      19.02111651
   -0.02321887101
     -17.93933127
     -29.92937127
      9.956893484
      21.64166663
   0.004522225455
      7.019406006
      36.75496681
      46.35306588
      19.36702171
 -0.0005905426383
     -1.774214082
     -2.826813684
      5.111004726
      10.95095883
  5.015224515E-05
     0.2439044557
     -15.17053406
     -35.64327026
     0.6522087754
 -1.538873526E-06
    0.01571542595
      13.48783108
     -2.706241411
     -2.662669710
    0.05000000000
     0.1000000000
     0.1500000000
     0.2000000000
     0.2500000000
   Q=    0.0000
