      5.429150276
     -4.140489827
      1.830863933
    -0.4698725954
    0.05345112466
     -8.025124609
     0.6997702576
     0.6471009406
    -0.2811283316
    0.03363946155
     -25.25474362
     -2.189570597
      4.061474776
     -1.141097437
    0.09255006791
     -508.6119811
      17.26926842
      4.953643165
    -0.4275101418
    -0.1173630066
     -47.75004443
     -131.9315884
      14.37014950
      2.566871431
    -0.6031189507
      109.6846939
     -255.2808599
     -28.00423759
      13.96974669
     -1.400287253
     -46.50074927
     -353.8726498
     -128.3978691
      24.58574707
     -1.184266017
      7.067717337
      53.38741301
     -279.3485110
      12.72831246
      2.233869255
     0.7932052023
      252.6117490
     -273.0521054
     -62.03678984
      11.89294304
    -0.6587149932
     -256.9894621
     -77.45073507
     -188.2019044
      28.58778064
     0.1700544922
      128.3596141
      204.0653443
     -258.7347296
      50.12471550
   -0.02651334382
     -37.74587862
      125.3700125
     -106.7878922
      70.26587821
   0.002478251336
      4.935719951
     -392.2130519
      146.9150913
      80.03158229
 -4.414728190E-05
      1.204062359
      372.5564945
      138.6964379
      64.40393910
 -3.073134071E-05
    -0.9321071637
     -217.1222025
      14.20334143
      25.27306319
    0.05000000000
     0.1000000000
     0.1500000000
     0.2000000000
     0.2500000000
   Q=    0.0000
