     0.8581700191
    -0.8070495152
     0.3626978979
   -0.08194953167
   0.007393528829
      2.707242736
     -1.410831274
     0.4202502435
   -0.06497124587
   0.003698088043
      9.570829516
     -3.383403580
      1.010382525
    -0.1782059427
    0.01336254056
    -0.8480752594
     -3.897165611
      1.098792497
    -0.1361344316
   0.008429292096
     -12.90771356
     -9.113702308
      1.260068854
    -0.1323644916
    0.02790961197
      7.000728322
     -12.38512687
     -1.004160563
    -0.1630524553
     0.1085204776
     -2.196994120
     -5.348962033
     -5.838188584
     -1.063845394
     0.3824181106
     0.3326237936
     -1.419362804
     -11.35285841
     -3.705539336
      1.047256811
    0.01606938198
      9.415077646
     -12.32886061
     -8.019434833
      2.430762511
   -0.02228095055
     -9.200022594
     0.4919379149
     -10.67447095
      4.905562761
   0.006250300602
      4.851612149
      10.19232930
     -6.328215115
      8.533429133
  -0.001068520672
     -1.621740958
     -3.740983613
      2.381645072
      12.14399088
  0.0001207156656
     0.3255177973
     -5.702532969
      4.694448504
      12.87118413
 -7.290417295E-06
   -0.01207783200
      8.159616220
      1.067237267
      8.791669226
 -3.469989010E-07
   -0.01845809444
     -5.580261285
     0.8051801855
      2.846457910
    0.05000000000
     0.1000000000
     0.1500000000
     0.2000000000
     0.2500000000
   Q=    0.0000
