     -17.87632276
      17.09041957
     -8.211032220
      2.047135821
    -0.2094849913
     -67.07643129
      37.08672940
     -11.91380235
      2.089067784
    -0.1578960879
     -284.8064575
      84.23179852
     -23.52963496
      4.620262314
    -0.4473681369
     -63.79362173
      60.28351958
     -23.08124208
      5.020611353
    -0.4847873286
      7.883818366
      88.51281706
     -32.32623780
      6.948206506
    -0.6853760000
      20.20610059
     -20.49482039
     -21.51081474
      6.912655856
    -0.7029071214
     -10.05953236
     -159.7143994
     -28.16772451
      6.498824685
    -0.1699726900
      1.349768358
      33.62457790
     -49.53120943
     -5.053810277
      2.668345024
     0.2913526149
      65.30796740
     -60.09615749
     -35.24441031
      10.51255680
    -0.1755032056
     -66.06668836
     -46.35444743
     -76.09827033
      27.04715323
    0.04170026948
      31.13407514
      46.57034495
     -82.00341281
      53.09082311
  -0.005985264195
     -8.218411717
      59.31853883
     -15.41854888
      80.69956581
  0.0004645901024
     0.6083002977
     -125.5513588
      53.50002724
      89.80269104
  1.385349705E-05
     0.5161066404
      109.9453689
      32.59608647
      64.45299363
 -1.066193027E-05
    -0.2875025403
     -61.44676067
      3.354661148
      21.93968980
    0.05000000000
     0.1000000000
     0.1500000000
     0.2000000000
     0.2500000000
   Q=    0.0000
