      60.35804515
     -55.18009900
      25.81849343
     -6.309646064
     0.6317656811
      219.3042103
     -126.3862545
      41.78700745
     -7.486526725
     0.5621676586
      1072.594836
     -323.4513561
      90.29806227
     -16.86927875
      1.469153561
      81.44927305
     -292.5704537
      109.9071919
     -21.00519328
      1.613992358
     -541.5059167
     -598.9036934
      187.8402373
     -30.04005023
      1.927552401
      238.4766947
     -464.9800977
      181.0970635
     -26.95059737
      1.432037487
     -63.65095279
      298.5460690
      146.2301327
     -20.22213623
      1.056800730
      8.944843862
     -259.9761095
     -10.06815677
     0.5310452850
      1.452928023
     0.5440235522
      336.8072732
     -406.2863540
      4.318950382
      6.062150635
    -0.6366664754
     -277.4907452
     -131.0737721
     -36.16715713
      16.89877348
     0.1777897907
      141.9511878
      464.5065296
     -23.48644258
      36.39627306
   -0.03082552826
     -47.98218011
     -228.2191690
      13.91647878
      66.04163569
   0.003634608361
      10.37776743
     -76.52423799
     -75.34622791
      83.92700735
 -0.0002591773415
    -0.8964938788
      168.9621050
      29.86359304
      57.48107510
 -5.526051181E-07
    -0.3207581705
     -120.8646557
      238.6115327
      13.59772058
    0.05000000000
     0.1000000000
     0.1500000000
     0.2000000000
     0.2500000000
   Q=    0.0000
