      0.000000000
      0.000000000
      0.000000000
      0.000000000
      0.000000000
     0.1472917707
   0.009872329503
   -0.04776318581
    0.01932431599
  -0.002444617233
     0.4843438899
     0.2206200331
    -0.1557445887
    0.03611882433
  -0.002622561667
      1.662309252
     0.8380287510
    -0.3279214703
    0.04773666928
  -0.001104175710
    -0.4579488833
      2.185991420
    -0.4946686054
    0.02196802298
   0.006863868611
    0.08932063349
      2.318213737
    -0.4079304795
    -0.1143526393
    0.02963580339
    0.03689725637
    -0.2033556528
    -0.2016876968
    -0.4785891845
    0.07770788107
   -0.02128531677
     -1.124705394
   -0.09329859551
     -1.245406578
     0.1539893943
   0.004325238536
     0.6296915486
     0.3296619730
     -2.293961979
     0.2334088332
 -0.0003261603674
    -0.1007702657
     0.2600285248
     -2.691360689
     0.2787034715
 -4.085221308E-05
   -0.03615938242
    -0.8915847866
     -1.313794004
     0.3036430828
  1.276955489E-05
    0.01794197374
     0.2053796256
      1.257453640
     0.3807610177
 -1.072649912E-06
 -0.0003034669659
     0.3961203067
      1.952801629
     0.5104926449
 -8.675794148E-08
  -0.002090453046
    -0.3706159252
    -0.9785907425
     0.5065508795
  3.647343621E-08
  0.0008990650125
     0.1450346124
     -2.468588968
     0.2405466105
    0.05000000000
     0.1000000000
     0.1500000000
     0.2000000000
     0.2500000000
   Q=    0.0000
