      0.000000000
      0.000000000
      0.000000000
      0.000000000
      0.000000000
      3.333028341
     -2.266041887
      1.012399521
    -0.2578050160
    0.02777144916
     -8.557055962
     -1.450293632
      1.721097555
    -0.5192888622
    0.05597723583
     -81.36294593
     -8.018459762
      6.369877176
     -1.542671137
     0.1403005955
      53.38394784
     -38.32245089
      16.39095461
     -3.491146581
     0.2747996553
     -17.42116685
     -9.302754123
      34.39235225
     -7.609316813
     0.4777337819
      3.385442902
      68.26420296
      80.40221556
     -15.01911905
     0.5474104702
     0.2903749144
      19.38237555
      129.3847518
     -23.30816355
   -0.07080000961
    -0.3510499576
     -47.28063665
      74.03262784
     -33.04965801
     -2.379525628
     0.1167606657
      37.28890942
     -69.75552258
     -47.57826782
     -8.128520307
   -0.02499835925
     -18.70177275
     -57.97052536
     -43.89830694
     -17.93363491
   0.003713973208
      6.157450802
      68.37302341
      10.73291945
     -26.37027723
 -0.0003612873987
     -1.229628378
     -20.18707141
      50.51848847
     -23.73600822
  1.353795624E-05
    0.05879864162
     -7.289377710
     -17.32658057
     -10.66437621
  2.598459439E-06
    0.05734458282
      9.696225274
     -62.65906706
     -1.103216392
    0.05000000000
     0.1000000000
     0.1500000000
     0.2000000000
     0.2500000000
   Q=    0.0000
