      0.000000000
      0.000000000
      0.000000000
      0.000000000
      0.000000000
     -97.36024022
      50.47051772
     -15.96644560
      2.733804978
    -0.1856568018
     -462.4479317
      102.4782792
     -14.92943267
     0.5523299290
    0.08636878165
     -1107.624995
      62.01711112
      8.661639450
     -2.680642367
     0.1543491779
     -77.55878083
     -259.5418726
      50.41730208
     -3.299089997
    -0.1735075840
      199.4879493
     -706.0757127
      40.23838995
      8.612605406
     -1.351354885
     -79.37034000
     -1107.134599
     -148.0468937
      42.31928753
     -3.307681803
      3.253134206
      24.84771276
     -653.1678520
      83.82753511
     -4.621958150
      6.291206867
      933.6506448
     -983.2933250
      61.35625680
     -3.773525453
     -2.578098133
     -860.3560503
     -414.1121657
     -82.78307878
     -4.074645959
     0.5610747276
      401.8151758
      892.6844284
     -304.9596607
     -14.97583587
   -0.07605908835
     -105.1169607
      389.4600584
     -364.7757319
     -46.08149210
   0.005221577993
      7.025574800
     -1367.690768
     -95.02120740
     -85.05195797
  0.0003347615877
      6.993445576
      1275.526847
      442.9052085
     -96.09868869
 -0.0001590408736
     -3.795160412
     -723.9043100
      680.3748231
     -52.58443934
    0.05000000000
     0.1000000000
     0.1500000000
     0.2000000000
     0.2500000000
   Q=    0.0000
