   -0.04414889813
    0.03900415304
   -0.01537003673
   0.002636820860
 -9.729047518E-05
   -0.09697548525
    0.04879156863
   -0.01114059616
 -0.0004022512983
  0.0004910998283
  -0.009973913751
     0.1073934991
   -0.03186819314
  -0.002686323679
   0.001649052334
      2.566900748
     0.2973119384
   -0.02202812133
   -0.03158560911
   0.005533331401
      3.451022617
      1.911730042
     0.1250973680
    -0.1079970331
   0.009974666764
     -2.383099172
      4.323111321
      1.087882037
    -0.2329385762
   0.007248524102
     0.8322103156
      4.719464345
      3.154191154
    -0.1924849497
   -0.01799773906
    -0.1270948032
    -0.6096872290
      5.219323127
     0.3950985239
   -0.06172873005
  -0.008273161138
     -3.610520313
      4.135525374
      1.759167954
   -0.06643738751
   0.009318261318
      3.710742649
    -0.2831912490
      3.210104995
    0.09142900895
  -0.002522043274
     -1.918023942
     -2.835176471
      3.229018060
     0.4953581193
  0.0004131971399
     0.6056755067
    -0.4800829423
     0.8980506491
      1.001571213
 -4.297344062E-05
    -0.1027710943
      4.114087880
     -1.902366354
      1.192893535
  1.844676145E-06
  -0.006055796415
     -4.378606351
     -1.419936143
     0.8103543998
  2.900945111E-07
    0.01045434411
      2.708023839
     0.3220244539
     0.2445169924
    0.05000000000
     0.1000000000
     0.1500000000
     0.2000000000
     0.2500000000
   Q=    0.0000
