      3.842931777
     -6.682059131
      4.080625068
     -1.176203969
     0.1345991159
      77.75071099
     -38.02832752
      12.19542676
     -2.253205684
     0.1826697662
      289.0706769
     -83.92613604
      21.18242043
     -3.748099275
     0.3468066666
      1053.832854
     -148.0672054
      28.77014554
     -5.069124125
     0.4789662004
     -175.8210190
      27.83699405
      13.47552471
     -5.107396150
     0.4268258846
     -84.80199847
      217.7459471
      27.72764961
     -5.275074672
    -0.5610392766
      50.17136537
      592.6259427
      81.98284482
      13.34902091
     -5.296879288
     -6.652236653
     -42.29026896
      273.3584670
      85.21367361
     -17.40070211
     -1.767252575
     -414.2036985
      397.4813193
      257.8535773
     -38.88958042
      1.018730058
      389.4592223
      298.7093131
      463.5623869
     -63.71937968
    -0.2422376054
     -181.9897389
     -311.6425090
      476.5019236
     -80.37392648
    0.03489525497
      47.96344753
     -331.6250499
      91.40432953
     -81.16669258
  -0.002717022345
     -3.496714852
      735.7255137
     -290.3472697
     -70.11845929
 -8.142546808E-05
     -3.052650705
     -647.1775973
     -164.6089647
     -45.60574068
  6.277039476E-05
      1.697838253
      362.7793087
     -3.885466134
     -13.83313690
    0.05000000000
     0.1000000000
     0.1500000000
     0.2000000000
     0.2500000000
   Q=    0.0000
