      0.000000000
      0.000000000
      0.000000000
      0.000000000
      0.000000000
      53.25508867
     -30.05976892
      11.09971310
     -2.425592450
     0.2384582478
      73.64257987
     -24.67243196
      7.570289150
     -1.573965610
     0.1580986246
      15.63153800
     -29.38576185
      13.19311965
     -3.321580509
     0.3781883083
     -16.30698411
     -14.76450018
      11.85714389
     -4.156566486
     0.5949068886
      2.528480906
      49.01635578
      11.58104184
     -8.475437504
      1.432489870
      1.700172289
      45.22080072
      14.53627396
     -18.21637707
      3.333139044
    -0.8332527948
     -59.64152780
      2.217391723
     -38.21640390
      7.464860930
     0.1806639159
      29.20290308
     -11.18104943
     -67.62368411
      14.74385973
   -0.02228500823
     -7.779267382
      6.691249871
     -80.37427174
      25.25502753
   0.001228986081
     0.8937717511
     -12.68487278
     -39.03616505
      37.56726717
  4.277841795E-05
   -0.02726247482
     -2.110792274
      38.21133558
      47.30535186
 -5.011773123E-06
    0.06752527857
      11.79169760
      61.22316548
      47.20761136
 -1.979718346E-06
   -0.04553028171
     -7.837903939
     -25.93559311
      33.22725786
  4.865493300E-07
    0.01275693459
      1.706295577
     -76.85382158
      12.22965920
    0.05000000000
     0.1000000000
     0.1500000000
     0.2000000000
     0.2500000000
   Q=    0.0000
