     0.1727281731
    -0.1624311201
    0.06888846036
   -0.01341094715
  0.0007957659584
     0.5474664201
    -0.2735641482
    0.07127262686
  -0.004345121856
  -0.001256414669
     0.9087240708
    -0.6044939772
     0.1694827623
  -0.002325863197
  -0.004684405440
     -5.264661656
     -1.352483581
     0.1550933714
    0.09283094102
   -0.01909468833
     -9.914363304
     -5.960155916
    -0.3009967201
     0.3580868993
   -0.04198176562
      6.435706924
     -12.62133990
     -3.091738448
     0.8655612810
   -0.06395589125
     -2.237089194
     -12.28209429
     -8.854631668
      1.174865415
   -0.06373539236
     0.3567821074
      2.862896116
     -13.94505791
     0.4517072392
   -0.07897721567
    0.01430354924
      8.297571231
     -10.01264821
     -1.934910954
    -0.2844709376
   -0.02282702033
     -9.123813598
      1.843263617
     -5.044024260
     -1.015747075
   0.006385192552
      4.849900118
      7.090057804
     -6.440343289
     -2.490168976
  -0.001067568702
     -1.570456018
     0.4203887106
     -3.482482257
     -4.253217349
  0.0001142964292
     0.2817405004
     -9.539150599
      2.753585153
     -4.926863406
 -5.584601260E-06
   0.007354292322
      10.45481847
      4.317661624
     -3.480277429
 -6.166495121E-07
   -0.02418591698
     -6.508242561
     0.9951795540
     -1.138883983
    0.05000000000
     0.1000000000
     0.1500000000
     0.2000000000
     0.2500000000
   Q=    0.0000
