      2.695652430
     -2.093308532
     0.8344596450
    -0.1649464621
    0.01143585745
      6.665869853
     -3.872761784
      1.020580861
   -0.09398644298
  -0.003394594761
      52.73951395
     -11.61006194
      1.954615973
    -0.1664878032
   0.001998278607
     -17.67703839
      1.006517357
    -0.1072516208
   0.003262296354
   0.006298638727
     -14.49554208
     -5.896800840
      2.271815962
    -0.7701451670
     0.1392962497
      9.365251798
      4.813256597
      2.982248553
     -3.126337359
     0.6280990300
     -2.038333812
      19.98321657
      8.244074771
     -11.87289033
      2.167403182
    -0.1293876404
     -49.92855617
      3.510095663
     -32.46607313
      5.789852567
     0.2050505889
      46.81666110
     -35.60110360
     -67.83034876
      12.81247682
   -0.06904738244
     -28.35574850
     -31.30961293
     -96.86615716
      24.00514212
    0.01408891932
      11.32473342
      31.15271290
     -62.99460590
      39.25308097
  -0.001937416017
     -2.932850540
      2.339693129
      34.93782810
      55.85647716
  0.0001595546961
     0.3255871278
     -25.91240688
      66.17311496
      63.26650508
  1.035874881E-06
     0.1167840677
      28.41485541
     -19.22296585
      47.83480649
 -2.912684396E-06
   -0.08196606417
     -18.72384274
     -50.09947771
      17.32442103
    0.05000000000
     0.1000000000
     0.1500000000
     0.2000000000
     0.2500000000
   Q=    0.0000
