      0.000000000
      0.000000000
      0.000000000
      0.000000000
      0.000000000
     -5.797941097
      2.856840561
    -0.7736523558
    0.07544391567
   0.005318409465
     -13.90471972
      3.472984430
    -0.3936646928
    -0.1208519275
    0.03682392824
     -2.819041249
      4.498272122
    -0.3182725143
    -0.4176320853
     0.1037681039
     -7.868513382
      11.82999736
     0.2991742107
     -1.438260853
     0.3026124631
      5.375195047
      5.377531486
      2.144761991
     -3.971149749
     0.7963831496
     -1.402000870
     -25.25316726
     -3.377156161
     -9.698876215
      1.958081109
    -0.1109423479
     -8.852928209
     -22.72518396
     -21.78799447
      4.378690722
     0.1702095167
      24.62878031
     -29.20468715
     -38.66400898
      8.748211023
   -0.05838424123
     -19.35830765
     -2.278242852
     -44.04199151
      15.86917332
    0.01204757602
      8.714370394
      18.48865027
     -20.05113658
      26.04715398
  -0.001645506275
     -2.407015538
     -1.568522088
      17.16327353
      36.26621032
  0.0001284472651
     0.2815159817
     -16.87216388
      22.13487953
      38.41079543
  2.800123855E-06
    0.09363182740
      20.03794086
     -5.791185798
      26.56497524
 -2.750229059E-06
   -0.06655614174
     -13.24022862
     -11.66782267
      8.798982151
    0.05000000000
     0.1000000000
     0.1500000000
     0.2000000000
     0.2500000000
   Q=    0.0000
