     -2.111042135
      3.718990319
     -2.341211605
     0.7022365289
   -0.08401845175
     -43.56749445
      21.97494368
     -7.364699968
      1.432141476
    -0.1212472401
     -170.3260364
      51.03590512
     -13.36627412
      2.403408889
    -0.2176587349
     -615.0482652
      91.19736163
     -18.16237574
      3.079170352
    -0.2716566764
      27.52222933
     -7.711437190
     -7.680471511
      2.543622872
    -0.1820693804
      94.03824864
     -150.4489162
     -9.194892995
      1.653240981
     0.4753491717
     -42.67691010
     -410.8794085
     -40.70717667
     -9.364976905
      3.364603477
      5.383215164
     -7.812869784
     -175.9124090
     -51.17091974
      10.91910608
      1.374265987
      337.2371374
     -290.0393147
     -155.7161176
      25.00233959
    -0.7877976096
     -303.8713036
     -221.3711372
     -289.0901655
      42.90301090
     0.1869322237
      140.7107163
      227.0786562
     -311.5733549
      57.75702975
   -0.02707230323
     -37.35257542
      251.6461102
     -80.80975929
      62.89893063
   0.002173676811
      3.070644882
     -547.9369491
      172.9967729
      56.68794499
  4.241306080E-05
      2.147043921
      478.6087210
      128.8249871
      36.12151063
 -4.480354912E-05
     -1.232882242
     -266.9460513
      50.16763045
      9.921618061
    0.05000000000
     0.1000000000
     0.1500000000
     0.2000000000
     0.2500000000
   Q=    0.0000
