   -0.04088558102
    0.04344030959
   -0.02051972448
   0.004605507594
 -0.0003833451924
    -0.2727643180
     0.1295234082
   -0.03506183675
   0.004372434887
 -9.819435572E-05
     -1.086108583
     0.2960025104
   -0.06363904523
   0.007038880381
 -2.629174661E-05
     -2.679136232
     0.4356431290
   -0.06345489045
  -0.002290945455
   0.002148650444
    0.08050887091
     0.2827748248
   -0.02767661162
   -0.03558197784
   0.008897272194
     0.4520275662
     0.1468409573
   -0.01884423882
    -0.1491275819
    0.02789008793
    -0.1740597645
     -1.439525583
    -0.1744348869
    -0.5008020154
    0.06758829783
   0.008843408946
     -1.297841426
     -1.117127876
     -1.367325304
     0.1160642890
    0.01125597349
      2.434776834
     -2.102043751
     -2.923969076
     0.1004246437
  -0.004638292014
     -1.799093885
     -1.199806727
     -4.290682300
    -0.1178537975
   0.001004291861
     0.7675177770
      1.147682994
     -3.361747081
    -0.5861499785
 -0.0001375361123
    -0.1928343439
      1.295109936
     0.4701608205
     -1.040183691
  1.008100091E-05
    0.01277340392
     -2.839552825
      2.953863943
     -1.025740989
  4.413605923E-07
    0.01275837617
      2.572752036
   -0.04869882895
    -0.5152220371
 -2.658349677E-07
  -0.007057896427
     -1.511926125
     -2.359126017
   -0.08201047038
    0.05000000000
     0.1000000000
     0.1500000000
     0.2000000000
     0.2500000000
   Q=    0.0000
