      0.000000000
      0.000000000
      0.000000000
      0.000000000
      0.000000000
     -66.44708320
      44.30168404
     -20.32570610
      5.570454151
    -0.6753320316
      18.83088360
      44.16709953
     -29.93738388
      8.829956084
     -1.035216417
      445.3940818
      152.7781842
     -84.19896289
      20.57056003
     -2.125564909
     -4.987964792
      418.0588295
     -152.2375377
      33.10261676
     -3.322996460
     -38.46681237
      454.9095543
     -195.5862391
      48.17073877
     -5.245211003
      19.44287208
      63.28530533
     -149.3388467
      57.38044832
     -7.704969896
     -1.968283333
     -26.97038515
      84.31904707
      51.23351413
     -11.73527093
     -1.236659116
     -190.3129496
      440.8559764
      25.23785714
     -19.41528534
     0.6122207359
      209.2419836
      184.4659981
     -10.99825815
     -34.06920043
    -0.1437361695
     -106.6653418
     -466.9804272
     -44.60175417
     -55.71365444
    0.02057555581
      30.14875687
      81.82407527
      34.14772255
     -72.65792072
  -0.001556757201
     -2.926903449
      265.9469897
      170.9164425
     -58.41413339
 -6.000812231E-05
     -1.532156138
     -296.4331708
     -100.3268861
     -13.15724241
  3.869617551E-05
     0.9274060509
      174.8136695
     -376.2551147
      10.11973175
    0.05000000000
     0.1000000000
     0.1500000000
     0.2000000000
     0.2500000000
   Q=    0.0000
