     0.8060072832
    -0.7715077401
     0.3465744866
   -0.07634243888
   0.006429493088
      3.199684870
     -1.593944746
     0.4434819127
   -0.05809364660
   0.001734933494
      12.31570892
     -3.733856307
     0.9413200801
    -0.1335854295
   0.005841558666
      12.11225097
     -4.278751224
     0.8857960725
   -0.03485164856
   -0.01253486521
     -7.157506164
     -6.344089288
     0.8081421177
     0.1624369884
   -0.04507155055
      1.452363676
     -6.187771506
    -0.4022612869
     0.7732541122
    -0.1237918922
    -0.2451971994
      5.662870525
     -1.589210770
      2.069292092
    -0.2522378819
     0.1006710400
      3.261607294
     0.4791273009
      4.813969567
    -0.3676035831
   -0.03773581255
     -5.381248419
      3.388114436
      9.380631643
    -0.1613573445
   0.009299493398
      3.298660422
      4.976196203
      13.10271279
     0.9189504121
  -0.001426959859
     -1.040891262
   -0.07396674137
      10.38068221
      3.122471835
  0.0001027108655
    0.08365006296
     -7.433406307
     -1.178445637
      5.481324418
  1.165369891E-05
    0.09449658198
      9.749068450
     -9.605467068
      5.885580726
 -5.234525225E-06
   -0.06079923116
     -7.423152255
     0.3783219971
      3.571131398
  9.901939524E-07
    0.02206796105
      3.968706754
      8.860962082
     0.9083166022
    0.05000000000
     0.1000000000
     0.1500000000
     0.2000000000
     0.2500000000
   Q=    0.0000
