    -0.2044402201
     0.2175265681
    -0.1088959198
    0.02625469777
  -0.002305115449
     -1.298732865
     0.6877239245
    -0.2116255988
    0.03060087710
 -0.0009158137229
     -6.166594082
      1.764829804
    -0.4155156199
    0.05119305767
 -3.873778902E-05
     -15.91779948
      2.405498884
    -0.4808580572
    0.01546833165
    0.01559764700
     -6.935672061
    -0.1863785628
    -0.6857061580
    -0.1365865616
    0.07503059161
      7.011299013
     -6.737920038
     -2.561548000
    -0.8431419034
     0.2697816003
     -2.510288743
     -17.67987907
     -8.230220558
     -3.522198270
     0.7549574443
     0.3031269342
     -4.154165443
     -17.61845056
     -10.42158742
      1.644235415
    0.06654541585
      18.11023262
     -18.44558680
     -21.80281410
      2.807815881
   -0.03964150989
     -15.56852441
     -3.868793643
     -29.95647820
      3.803288068
   0.009635527666
      7.348679295
      10.49149158
     -21.81124912
      4.279819018
  -0.001465020256
     -2.116155343
      6.327105159
      3.346279856
      4.354155960
  0.0001350250508
     0.2783710709
     -20.40084470
      18.82062852
      4.248597149
 -2.180174801E-06
    0.06558400023
      20.09494624
      1.444499777
      3.430495804
 -1.739982553E-06
   -0.05220173654
     -12.23372791
     -12.04751517
      1.457713675
    0.05000000000
     0.1000000000
     0.1500000000
     0.2000000000
     0.2500000000
   Q=    0.0000
