      4.833888390
     -7.348688911
      4.441658205
     -1.327452345
     0.1624932472
      8.679157304
     -5.693455320
      3.572681911
     -1.171893419
     0.1498370469
     -121.9059949
      3.036049428
      10.27881660
     -3.911809074
     0.4977690475
      58.57499982
     -15.58162997
      15.95397927
     -5.692509901
     0.6910324683
      319.2874524
      137.0012869
      16.36582595
     -11.46416991
      1.356277240
     -188.6653452
      431.0211672
      72.78643928
     -25.89469494
      2.372334417
      64.69072694
      325.8757569
      208.6682546
     -44.53900160
      3.945797025
     -10.94131751
     -136.9782322
      303.4714831
     -62.34507077
      7.460419461
   -0.08814978565
     -182.5374600
      233.2456645
     -75.37265217
      15.28963678
     0.5667299340
      229.4918933
     -18.82771841
     -56.54533764
      30.30483296
    -0.1671194855
     -127.1878284
     -233.7089888
      26.29803962
      54.33057342
    0.02871975690
      42.48044278
      29.93734618
      127.4966910
      82.07511175
  -0.003191618231
     -8.146324219
      218.0992946
      95.47344167
      95.70248692
  0.0001813373094
     0.1172257015
     -247.6874028
     -138.4352330
      75.99739266
  1.110810677E-05
     0.5307746607
      152.3090630
     -236.0619456
      30.64348553
    0.05000000000
     0.1000000000
     0.1500000000
     0.2000000000
     0.2500000000
   Q=    0.0000
