     -1.186020487
      1.033476706
    -0.3811928990
    0.05686300791
  -0.001602321955
     -5.219334130
      1.981483135
    -0.2625337885
   -0.03010860112
   0.007391547200
     -21.65305115
      3.479445515
    -0.1541537759
   -0.05085719152
   0.005270135336
     -31.55867696
     -1.682738091
      1.144285851
    -0.1663241812
   0.008339909291
     -7.278742981
     -12.30155276
      1.411068385
   0.006281415238
   0.001640524826
      9.787589741
     -24.52962906
     -1.267500886
     0.2956358050
    0.04702395903
     -4.033937039
     -28.61428305
     -10.18793352
     0.1422746827
     0.2527997176
     0.6423925354
      6.611033397
     -23.90984943
     -2.245555597
     0.8253155858
    0.05200055249
      19.01379177
     -25.40528813
     -8.440353760
      1.955733508
   -0.05250390799
     -20.60303571
     -4.760685287
     -15.62624494
      3.680252880
    0.01398927273
      10.61310021
      19.82647382
     -16.35991350
      5.708911379
  -0.002236606856
     -3.236528411
      5.208388410
     -5.742133210
      7.175896383
  0.0002191741370
     0.4789059143
     -27.86804324
      7.316144708
      6.853685550
 -6.322077678E-06
    0.07228920827
      27.96017573
      9.944258871
      4.304059687
 -2.170350413E-06
   -0.06922196090
     -16.61063646
      6.599295254
      1.250617946
    0.05000000000
     0.1000000000
     0.1500000000
     0.2000000000
     0.2500000000
   Q=    0.0000
