      1.301059084
    -0.9172242904
     0.3357779976
   -0.05850857895
   0.002787177360
      6.478078991
     -3.625145085
      1.027837913
    -0.1281100058
   0.002727047999
      50.82580658
     -11.42970312
      1.892925385
    -0.1222190342
  -0.008701280043
      26.13466042
     -8.944120176
      1.787407551
   -0.03362889009
   -0.03666850993
     -33.03220445
     -26.70541253
      3.963345955
     0.4387737744
    -0.1635838962
      12.07028035
     -41.43180789
     0.2062272274
      2.790474891
    -0.5415414298
     -3.462323603
      6.410514672
     -7.006648438
      8.096303177
     -1.481452554
     0.7497965384
      13.61936055
     -5.733354534
      19.33980501
     -3.642717192
   -0.09664893711
     -6.026818294
     -2.786722245
      36.54784592
     -7.833094698
 -0.0004092500034
     -1.517699242
      10.14773222
      46.56744772
     -14.81595209
   0.003597793201
      2.902543469
      14.48916064
      29.23396795
     -24.50376733
 -0.0009846763153
     -1.642350421
     -22.51240042
     -15.31300194
     -33.91305893
  0.0001681459856
     0.5968253431
      16.10151528
     -37.12219348
     -36.41804666
 -2.136697209E-05
    -0.1631272460
     -8.845033540
      8.895135277
     -26.61178313
  2.113904714E-06
    0.03545212933
      4.129633378
      37.07445102
     -9.689905378
    0.05000000000
     0.1000000000
     0.1500000000
     0.2000000000
     0.2500000000
   Q=    0.0000
