      1.306836579
     -1.292988603
     0.6003159096
    -0.1366130524
    0.01178255293
      5.616713139
     -2.888429181
     0.8498207439
    -0.1177898735
   0.003349961313
      21.03021594
     -6.928153899
      1.816892356
    -0.2434183515
   0.005961027615
      26.00473238
     -9.707577721
      1.922336854
  -0.008890325479
   -0.04299854606
     -12.13906829
     -14.74535114
      1.459447113
     0.6345469675
    -0.1522753001
      1.352492135
     -15.38587917
     -1.396797792
      2.505692285
    -0.4195615763
    -0.1288215648
      11.50142476
     -4.007778219
      6.836634864
    -0.9220267540
     0.2201584100
      13.37978828
      2.381378180
      16.02011693
     -1.570679480
    -0.1097762456
     -18.16156133
      12.56594665
      30.82961076
     -1.677196743
    0.03007193321
      11.17896499
      13.52694987
      41.99316280
    0.06080640440
  -0.005145815027
     -3.883428745
     -3.234294569
      30.70630185
      4.179501397
  0.0005082564230
     0.6089310665
     -16.99651774
     -7.011736082
      8.442247462
  1.041537526E-06
     0.1541955700
      24.91603064
     -29.62206254
      8.670785278
 -1.129861863E-05
    -0.1469456695
     -20.08477164
      3.246730663
      4.332390059
  2.538913359E-06
    0.05909561722
      11.22294547
      26.86762277
     0.5958520718
    0.05000000000
     0.1000000000
     0.1500000000
     0.2000000000
     0.2500000000
   Q=    0.0000
