      0.000000000
      0.000000000
      0.000000000
      0.000000000
      0.000000000
    0.01200370758
  -0.005799157416
   0.001577600044
 -0.0001935069382
  3.670446681E-06
    0.04493322336
  -0.007567046186
  8.926731803E-05
  0.0002814460455
 -3.850029851E-05
    0.07813376619
   0.003971034279
  -0.003521968366
  0.0006443841725
 -3.324702554E-05
   -0.01853689025
    0.03755047380
  -0.007284230763
  0.0005168987754
  2.102434027E-05
  -0.001642931401
    0.06764859813
  -0.004181334658
 -0.0009496180285
  0.0001698455404
   0.003459928312
    0.05469780100
    0.01303544079
  -0.004125612350
  0.0004022291285
 -0.0009062103790
   -0.05397918322
    0.03907905135
  -0.007707347163
  0.0006269464418
  3.302280671E-05
   0.007014627662
    0.03786626526
  -0.008858726953
  0.0007175403777
  4.133919665E-05
    0.01343724958
   0.005165215857
  -0.005489258366
  0.0005666107825
 -1.343865195E-05
  -0.009841602451
   -0.04347986506
   0.004661661221
  0.0002785877690
  2.226568232E-06
   0.003259738218
    0.01130643136
    0.01395854860
  0.0004929145182
 -1.976807210E-07
 -0.0004137116689
    0.02625653267
    0.01166816915
   0.001529308200
 -1.850406659E-09
 -0.0001373254576
   -0.03188676457
   -0.01822567331
   0.002591053846
  3.812347502E-09
  9.724826620E-05
    0.01955601087
   -0.03045111891
   0.001577282410
    0.05000000000
     0.1000000000
     0.1500000000
     0.2000000000
     0.2500000000
   Q=    0.0000
