   -0.04125846950
    0.03968325844
   -0.01697319638
   0.003395468227
 -0.0002530692028
    -0.2286894579
    0.09738914532
   -0.02083310517
   0.001749237636
 -4.512453867E-05
     -1.004368470
     0.1937545734
   -0.02842850173
   0.004285750662
 -0.0005598812848
     -2.390861525
    0.05217415378
   0.001429099977
   0.006291357459
 -0.0008303608631
     -1.106815339
    -0.7101791823
   -0.02429129682
    0.02249112860
 -0.0001971994421
      1.058687879
     -1.820533898
    -0.3549197332
    0.03068719457
   0.007862832846
    -0.3934555429
     -2.591234110
     -1.219271088
   -0.08927588715
    0.03408514857
    0.05574143324
   0.009405498696
     -2.439215415
    -0.5758112107
    0.08296508475
   0.007023429748
      2.231823418
     -2.447019689
     -1.581912055
     0.1300012777
  -0.005399326961
     -2.125833018
    -0.4195798855
     -2.576621710
     0.1127654479
   0.001381375168
      1.050400546
      1.663159964
     -2.324064425
   -0.01016749465
 -0.0002167093892
    -0.3136319286
     0.6820952088
    -0.2602124550
    -0.1708241474
  2.088701808E-05
    0.04518882490
     -2.769446922
      1.593990135
    -0.2109238442
 -5.451522896E-07
   0.007555586246
      2.758264882
     0.6616754823
   -0.09779755945
 -2.203281797E-07
  -0.006925265329
     -1.660750782
    -0.5548483612
  -0.005623786204
    0.05000000000
     0.1000000000
     0.1500000000
     0.2000000000
     0.2500000000
   Q=    0.0000
