      0.000000000
      0.000000000
      0.000000000
      0.000000000
      0.000000000
    -0.4693005270
     0.5086285279
    -0.2679269934
    0.05934804895
  -0.003179624520
     -1.233172943
      1.449405097
    -0.4661186068
    0.01661465725
    0.01181665243
      2.412800111
      3.962251802
    -0.4570020189
    -0.2251866036
    0.05269897962
      9.396576305
      10.71522454
      1.228438380
     -1.065572530
     0.1502164211
     -4.523620623
      19.45733761
      8.073031926
     -3.002917808
     0.3269302601
      1.394858459
      16.14888677
      22.00255210
     -6.237157685
     0.5903678032
   -0.04162558611
      1.562450409
      34.14126065
     -10.35875140
     0.9210572608
    -0.1046549775
     -14.89840399
      24.80345740
     -14.22874653
      1.243732895
    0.04317415919
      14.12386917
     -11.68258699
     -14.89583773
      1.446735169
  -0.009858730338
     -7.279353053
     -23.20415094
     -7.327898149
      1.608400328
   0.001457118288
      2.257646407
      14.46930694
      8.868074186
      2.176830964
 -0.0001279617173
    -0.3476197496
      5.993173719
      13.95290711
      3.314819823
  8.268306352E-07
   -0.04155901858
     -12.13845036
     -9.430814160
      3.639120851
  1.860843721E-06
    0.04406848788
      8.215729206
     -21.21619181
      1.832590508
    0.05000000000
     0.1000000000
     0.1500000000
     0.2000000000
     0.2500000000
   Q=    0.0000
