      0.000000000
      0.000000000
      0.000000000
      0.000000000
      0.000000000
      97.32699549
     -58.27642682
      23.14979448
     -5.430732490
     0.5625516147
      350.6946970
     -118.5871255
      35.47798911
     -6.614542937
     0.5185480457
      138.6734083
     -152.7959379
      49.99030780
     -7.643408004
     0.3284409289
     -402.0719981
     -334.6508272
      55.35715418
      1.702859058
     -1.301797308
      155.4990794
     -428.1269502
     -80.95587148
      44.08519988
     -5.956796546
     -35.82830149
     -278.2194808
     -430.9382329
      135.2126735
     -15.27484644
     -2.151505906
     -286.9688434
     -905.2268105
      287.3471780
     -31.17920696
      3.944787120
      575.3024067
     -869.7012631
      456.9622184
     -52.07654255
     -1.412220959
     -466.9827730
      313.6855482
      537.1606706
     -72.47384271
     0.3059799716
      228.0950722
      805.5747201
      332.9895609
     -84.41020602
   -0.04396612232
     -69.13574463
     -519.7161158
     -252.7403865
     -92.11963686
   0.003784458995
      10.65817831
     -123.1617290
     -529.8734217
     -108.4462301
 -2.151018788E-05
      1.116057829
      326.3247181
      273.5368978
     -109.1029844
 -5.439137875E-05
     -1.251857745
     -224.7189669
      744.4497591
     -54.88678270
    0.05000000000
     0.1000000000
     0.1500000000
     0.2000000000
     0.2500000000
   Q=    0.0000
