    -0.9316899347
      1.755204082
     -1.376625869
     0.5307832873
   -0.08123125524
      5.873124108
    -0.3113705366
     -1.734383897
     0.8675901446
    -0.1349255122
      68.36579029
     -1.730339213
     -6.850460836
      2.840058841
    -0.4016237331
      111.7001518
      10.23737969
     -15.82369315
      5.777463764
    -0.7831798396
     -76.89955469
     -4.034689921
     -30.04252118
      12.44064422
     -1.660981277
      24.58402110
     -91.63114383
     -58.98397315
      26.06759122
     -3.243770742
     -7.603900728
     -45.25585337
     -93.74853896
      50.05103324
     -5.727243138
      2.066354842
      90.72071229
     -50.54453791
      89.04647115
     -8.643030273
    -0.4348636812
     -60.11645235
      63.33906148
      144.0259291
     -9.713940529
    0.06554079041
      24.21742307
      71.52216309
      172.1712400
     -5.265789652
  -0.004918003251
     -4.313522824
     -27.11490608
      97.71752061
      4.092797762
 -0.0005469390170
     -1.098335673
     -41.99185402
     -55.07788066
      9.821462486
  0.0002674752018
      1.168461950
      61.63212566
     -104.2500433
      4.513398709
 -5.508316449E-05
    -0.5204511280
     -47.65932105
      32.72183137
     -4.739715836
  8.064731477E-06
     0.1635038979
      26.21407870
      99.15861925
     -4.807525811
    0.05000000000
     0.1000000000
     0.1500000000
     0.2000000000
     0.2500000000
   Q=    0.0000
