      1.430987528
     -1.368003979
     0.6236504351
    -0.1434976824
    0.01319841347
      3.979172845
     -2.156109717
     0.6871964119
    -0.1140545705
   0.006457950209
      9.705592308
     -5.010113285
      1.780984367
    -0.3203486865
    0.02113169142
     -21.73782964
     -7.473224722
      2.210369716
    -0.1918356045
   0.002039774537
     -35.46230174
     -23.84062767
      2.087761151
    0.05971673562
    0.02134389995
      23.10447283
     -39.04269061
     -5.536020530
     0.3553201522
     0.1582733654
     -7.751139360
     -34.15292343
     -22.78222318
     -1.750584265
     0.6063258417
      1.128299694
     -3.003239708
     -44.50549931
     -9.923216138
      1.353243483
    0.09685467902
      38.42168915
     -44.87511462
     -26.07730051
      1.867597029
   -0.09147512850
     -36.74395811
     -1.236051229
     -40.72067932
     0.9511702252
    0.02432703909
      18.64933850
      32.15422813
     -33.92388380
     -2.079375576
  -0.003965849842
     -5.863698008
     0.9003975649
     -2.163977040
     -5.764195620
  0.0004128535262
      1.004087323
     -37.03241374
      22.52019181
     -6.967086788
 -1.802546250E-05
    0.05157918705
      40.87092137
      9.360594763
     -4.451263430
 -2.720778490E-06
   -0.09871310234
     -25.70760527
     -7.154434707
     -1.208948467
    0.05000000000
     0.1000000000
     0.1500000000
     0.2000000000
     0.2500000000
   Q=    0.0000
