     -3.338886454
      3.145475946
     -1.337468802
     0.2636586566
   -0.01699702829
     -14.26194858
      6.693202740
     -1.652020123
     0.1290589961
    0.01440717797
     -49.02417040
      15.12657351
     -3.257996848
     0.1555024237
    0.05121253304
     -42.13934775
      21.34413390
     -2.292679452
     -1.018381266
     0.2536301245
      58.85138317
      45.73732911
      1.972324887
     -4.094610852
     0.6948625249
     -23.79939211
      73.70736563
      19.49717449
     -11.52639404
      1.656885335
      7.563328515
      21.54812743
      45.09366589
     -25.15253018
      3.507342317
     -1.649705536
     -42.48321967
      42.93587869
     -47.44166449
      6.807701923
     0.1993747750
      14.76947587
     -2.937098976
     -75.69956628
      11.89740450
   0.005790856321
      3.853449933
     -39.63177055
     -86.86021266
      18.73258954
  -0.008768600203
     -6.559975556
     -7.865748713
     -44.44713087
      27.12896301
   0.002217403807
      3.500106742
      29.93882314
      37.66774040
      35.70419187
 -0.0003539198044
     -1.176550701
     -20.74656801
      57.19419115
      38.87091380
  4.092735046E-05
     0.2837427395
      9.390487274
     -25.28910328
      29.25155317
 -3.456696456E-06
   -0.05009028371
     -3.590252815
     -56.93528730
      10.82742147
    0.05000000000
     0.1000000000
     0.1500000000
     0.2000000000
     0.2500000000
   Q=    0.0000
