     -1.094316239
      1.011127417
    -0.4357052013
    0.08919287258
  -0.006098732612
     -2.997412854
      1.630939982
    -0.4725466342
    0.04491206085
   0.004932172869
     -6.496838884
      4.062436507
     -1.214275927
    0.07420294215
    0.01989272680
      30.86428176
      8.155752245
     -1.236328977
    -0.4104652960
    0.09397293948
      51.99162408
      33.56919201
     0.7994405576
     -1.697539294
     0.2007610864
     -34.10445384
      66.44126889
      14.98991316
     -4.077768369
     0.2776781554
      11.80699766
      61.31186945
      44.09110244
     -4.913934176
     0.1613396438
     -1.848656940
     -10.50624272
      71.27813182
     0.5485636004
   -0.06450697842
   -0.09278208141
     -47.43495467
      56.29516042
      15.96338804
     0.2796168498
     0.1254608691
      50.23302442
     -5.653968520
      34.75298459
      2.599856986
   -0.03465333332
     -26.39396600
     -41.38734563
      38.84351140
      7.714103201
   0.005757940594
      8.483079065
     -1.655046127
      14.62576150
      13.63684608
 -0.0006120671618
     -1.503283885
      52.04420767
     -19.64563469
      15.36836188
  2.906460536E-05
   -0.04939541033
     -57.23863859
     -20.76918462
      10.21524456
  3.497535241E-06
     0.1340492881
      35.72080831
     -2.710630820
      3.099120153
    0.05000000000
     0.1000000000
     0.1500000000
     0.2000000000
     0.2500000000
   Q=    0.0000
