   0.004486487710
  -0.008848704448
   0.004743138920
  -0.001026997647
  6.573540567E-05
     0.1178896408
   -0.04728712034
   0.009974193309
 -0.0004927761982
 -9.613515019E-05
     0.3590858649
   -0.06506350085
   0.002026645160
   0.001958346721
 -0.0002650907774
      1.619457759
   -0.04802616980
   -0.02682900288
   0.006201798832
 -0.0003656300258
    0.04288561234
     0.5107412641
    -0.1020783643
   0.007795300263
  0.0001534337170
    -0.2906796809
      1.066001955
   -0.05754970407
   -0.01258810384
   0.001819005379
     0.1384325921
      1.092971778
     0.2079039922
   -0.04864591044
   0.003080241395
   -0.02477524348
    -0.4926909454
     0.7182704045
   -0.07280285931
   0.001871486028
  -0.001024853463
    -0.5033600130
     0.8963839217
  -0.008488342517
  -0.004296269450
   0.001692095624
     0.6629042141
     0.2589497116
     0.1703363331
   -0.01242411414
 -0.0004719917488
    -0.3581440543
    -0.8531364498
     0.3686224881
   -0.01409166713
  7.679254612E-05
     0.1113210007
   -0.08134546780
     0.3468236106
  0.0001073074781
 -7.601210677E-06
   -0.01670000297
     0.9316812991
    0.04227769925
    0.02586506247
  2.281177511E-07
  -0.002400087496
    -0.9498711546
    -0.4470648747
    0.04321603435
  7.302972604E-08
   0.002339110272
     0.5578990842
    -0.5571062059
    0.02690306428
    0.05000000000
     0.1000000000
     0.1500000000
     0.2000000000
     0.2500000000
   Q=    0.0000
