    0.04659575209
   -0.03798053597
    0.01222954882
  -0.001152388097
 -8.400594026E-05
     0.1936092824
   -0.06415039521
   0.002002513056
   0.003352804870
 -0.0004698209353
     0.8561199315
   -0.09320136073
   -0.01614545289
   0.006390244315
 -0.0004294372407
      1.107175581
     0.2184740640
   -0.08947173138
    0.01033905464
  0.0001424377351
     0.3437200012
     0.7600522064
    -0.1058200476
  -0.007707059698
   0.002904813558
    -0.3825814477
      1.280119438
    0.01965791764
   -0.05748493572
   0.008054973993
     0.1624722045
      1.088197540
     0.4041639313
    -0.1558286004
    0.01592700409
   -0.02977737757
    -0.5878882392
     0.8950271653
    -0.2809587646
    0.02283532331
 -0.0003414712365
    -0.4512953687
     0.8310021811
    -0.3566756963
    0.02200732667
   0.001670690955
     0.6584616869
    0.02002843402
    -0.2597820770
   0.008136045893
 -0.0004900990350
    -0.3702197081
    -0.7608350086
     0.1121096275
  -0.008826427052
  8.255027198E-05
     0.1202216546
   -0.02722612377
     0.5142463901
   0.002272570975
 -8.671284848E-06
   -0.02041260845
     0.8489166894
     0.3216103485
    0.05318273008
  3.755316934E-07
  -0.001260282482
    -0.8879433072
    -0.5601852682
    0.08999988021
  5.693677573E-08
   0.002058793278
     0.5231263138
    -0.8342440489
    0.05369898275
    0.05000000000
     0.1000000000
     0.1500000000
     0.2000000000
     0.2500000000
   Q=    0.0000
