     -6.974399196
      7.850292956
     -4.242616989
      1.178834482
    -0.1344987105
     -47.39597021
      25.77000829
     -8.888757139
      1.736504110
    -0.1439300483
     -189.0195310
      59.77457973
     -16.94292466
      3.172349468
    -0.2759482343
     -366.4794879
      79.10860274
     -18.94085033
      2.900428482
    -0.1721073982
     -51.31474698
      34.52369724
     -7.963199061
     0.1580407401
     0.2148941687
      100.5310661
     -120.7629423
      18.15723281
     -6.926089097
      1.341140799
     -39.57602453
     -331.3306295
      18.78248833
     -21.93892220
      4.171168105
      4.855332055
     -23.87536159
     -87.45740081
     -56.30601992
      9.914475474
      1.191028446
      300.7461756
     -254.0015016
     -123.6577297
      18.05663424
    -0.6822671136
     -265.3720103
     -220.9309975
     -200.4541606
      23.68994697
     0.1614621903
      122.1175562
      223.0840252
     -198.0389985
      18.83005020
   -0.02340926075
     -32.49948303
      199.7800152
     -58.70266845
     0.8490599076
   0.001910376582
      2.868602749
     -455.7292448
      68.87144441
     -20.59065518
  2.504806149E-05
      1.717283301
      396.2853656
      100.7217362
     -30.01565116
 -3.624709354E-05
     -1.007077154
     -218.9334445
      133.2489052
     -17.91081804
    0.05000000000
     0.1000000000
     0.1500000000
     0.2000000000
     0.2500000000
   Q=    0.0000
