      0.000000000
      0.000000000
      0.000000000
      0.000000000
      0.000000000
      4.046368804
     -1.631318871
     0.2813356603
   0.007886498728
  -0.005973502408
      14.75454414
     -1.569786864
    -0.3638323302
     0.1514941595
   -0.01444257673
      31.61805469
      2.397442800
     -1.433008431
     0.2320943151
   -0.01527994297
     -2.141685305
      13.88340491
     -2.262722775
     0.2444566520
   -0.02858529250
     -3.113771559
      20.95807990
    -0.3687537590
     0.3108642932
   -0.09287602550
      1.550453541
      18.30487982
      5.318616489
      1.342201561
    -0.2868449554
    -0.1038937121
     -1.612446488
      14.89942940
      4.973134351
    -0.6447558754
    -0.1135439178
     -17.09584292
      20.60754644
      12.49844950
     -1.014759241
    0.04986179070
      16.66258302
      8.360963142
      20.46718814
    -0.9794029345
   -0.01116443411
     -7.977429817
     -16.43253743
      18.50499328
    -0.2693969083
   0.001552512945
      2.146965069
     -7.767062689
      1.277092822
     0.5652687568
 -0.0001123179017
    -0.1651781957
      26.92494387
     -12.85173692
     0.5304119403
 -5.867211120E-06
    -0.1366201183
     -25.98359359
     -4.592945469
    -0.1420201053
  3.195839096E-06
    0.07797697537
      15.40627562
      3.501304551
    -0.2488128730
    0.05000000000
     0.1000000000
     0.1500000000
     0.2000000000
     0.2500000000
   Q=    0.0000
