      0.000000000
      0.000000000
      0.000000000
      0.000000000
      0.000000000
  0.0008683732630
 -0.0004250802069
  0.0001203682265
 -1.672353922E-05
  7.146560889E-07
   0.004010634707
 -0.0007573508144
  6.060112475E-05
  8.986237364E-06
 -1.376653739E-06
    0.01047270304
 -0.0001109098705
 -0.0001939804185
  2.395756629E-05
  1.549640033E-06
   0.002906644674
   0.003651108682
 -0.0004400774433
 -5.454347177E-05
  1.427726889E-05
  -0.002887969391
   0.009066940116
  0.0005824546376
 -0.0003839782007
  3.912715989E-05
  0.0009911822443
    0.01271629987
   0.004733360953
 -0.0009633870774
  5.723013003E-05
 -9.992142568E-06
   0.002100026677
    0.01227358567
  -0.001240926058
  2.304668124E-05
 -8.939289232E-05
   -0.01323197319
    0.01495617711
 -3.149866572E-05
 -9.708466274E-05
  3.480363848E-05
    0.01158686824
   0.002236255087
   0.002876285428
 -0.0002451058564
 -7.528908703E-06
  -0.005436992349
   -0.01296550777
   0.005135626869
 -0.0002764045428
  1.036667692E-06
   0.001483098254
  -0.001016997783
   0.003686287455
 -9.240754288E-05
 -7.665800656E-08
 -0.0001400093708
    0.01432739785
 -0.0008516714199
  0.0002091418331
 -3.074202427E-09
 -7.600989030E-05
   -0.01481797384
  -0.004992551416
  0.0003799910236
  1.926987872E-09
  4.603984777E-05
   0.008836157925
  -0.005204367686
  0.0002405673145
    0.05000000000
     0.1000000000
     0.1500000000
     0.2000000000
     0.2500000000
   Q=    0.0000
