      0.000000000
      0.000000000
      0.000000000
      0.000000000
      0.000000000
      22.91517114
     -13.75461054
      5.534990042
     -1.338383744
     0.1465169851
      44.99943422
     -18.34473010
      6.812963966
     -1.627773462
     0.1775502384
     -6.924551995
     -29.08306255
      13.74828228
     -3.419226233
     0.3726683514
     -2.458914810
     -54.08447589
      22.99773171
     -5.650573146
     0.6221733981
     -2.338882607
     -25.23856680
      29.95939846
     -9.168524339
      1.094728994
      1.245815850
      57.66967034
      35.83285877
     -13.94076081
      1.848599712
    -0.1265873839
     -16.79175379
      25.43565855
     -17.22185573
      3.081825660
   -0.03949537879
     -3.824546637
     -22.00571706
     -14.74630155
      5.336377446
    0.01763628279
      4.871232956
     -13.06415770
     -2.344502179
      9.546219456
  -0.003559848473
     -1.942765943
      29.72425308
      19.92763827
      16.29666388
  0.0004223233148
     0.3202263493
     -29.55309987
      18.89438164
      23.37108655
 -1.614547131E-05
    0.09280500508
      23.45446408
     -18.10738486
      23.69173283
 -5.243223086E-06
   -0.08840302803
     -15.02771677
     -10.71028070
      13.75312417
  1.460590895E-06
    0.03616696629
      7.547509332
      23.58901165
      3.099212954
    0.05000000000
     0.1000000000
     0.1500000000
     0.2000000000
     0.2500000000
   Q=    0.0000
