     -18.83753698
      19.25801427
     -9.676447549
      2.511869187
    -0.2685591013
     -85.10104488
      46.18874654
     -15.25030311
      2.825969906
    -0.2284439357
     -313.1977073
      99.62427486
     -29.56046666
      5.991795251
    -0.5810187043
     -246.2347634
      97.89925964
     -31.84242258
      6.312917621
    -0.5603415895
      36.97443700
      94.76433871
     -31.30026520
      6.028582170
    -0.5316348805
      35.31181655
     -49.08451178
     -2.617699740
      1.309803657
  -0.007261586054
     -17.96359634
     -230.1317262
      17.37484464
     -8.939709893
      1.843324580
      2.052593023
      5.453683987
     -22.63084687
     -36.18094940
      7.553026835
     0.7448539014
      164.3227220
     -138.5662976
     -91.87276733
      21.38053022
    -0.3832088337
     -146.7252790
     -163.7580299
     -158.4730549
      48.55265650
    0.08769238924
      66.17329027
      136.3644896
     -148.4704406
      90.45242566
   -0.01220480471
     -16.66076452
      129.7634179
     -13.32238919
      135.3461972
  0.0008840764789
     0.8975596448
     -279.5432624
      77.66224355
      149.8348526
  4.275753279E-05
      1.205787671
      239.7024533
      51.32182564
      104.4755244
 -2.380214822E-05
    -0.6290007292
     -131.3564589
      65.65184370
      32.72202525
    0.05000000000
     0.1000000000
     0.1500000000
     0.2000000000
     0.2500000000
   Q=    0.0000
