    -0.9643754690
    -0.7953980172
      1.283620704
    -0.6104402331
     0.1024382954
      23.90123054
     -16.15550598
      8.050774638
     -2.280395397
     0.2656260668
      87.93447947
     -53.10990289
      22.69032492
     -5.407781333
     0.5356000472
      300.7987572
     -163.4433840
      54.12063506
     -9.780971786
     0.7046959049
     -771.1376998
     -326.2956598
      83.33928132
     -9.236007263
     0.1361098863
      384.1123222
     -668.7137743
      64.35834901
      7.151522094
     -2.076679502
     -118.9012026
     -384.2226069
     -130.0717187
      55.87806653
     -7.132966660
      18.91540258
      89.03981764
     -408.0645145
      134.1109686
     -15.23985459
     0.3834487541
      394.6923724
     -512.2750084
      212.1054363
     -24.86500648
     -1.047737935
     -430.6138866
      28.53062277
      197.5156483
     -32.04194424
     0.3026286053
      232.4777338
      469.2435837
      23.62536922
     -35.80894781
   -0.05193897667
     -77.65149583
     -112.2054163
     -244.8509654
     -40.82771442
   0.005854265432
      15.38499887
     -336.0545453
     -221.6527453
     -52.04580278
 -0.0003575719172
    -0.5706100362
      404.3496775
      265.6474632
     -52.71106249
 -1.419910680E-05
    -0.8269612453
     -251.9386859
      444.8767368
     -26.27938911
    0.05000000000
     0.1000000000
     0.1500000000
     0.2000000000
     0.2500000000
   Q=    0.0000
