     0.2325399230
    -0.2042568777
    0.08238450068
   -0.01553217169
  0.0009885123114
     0.6170604148
    -0.2861730727
    0.06298560092
  -0.003083396989
 -0.0007450984339
      1.879060601
    -0.6101755372
     0.1489103403
   -0.01369808295
 -0.0007856503928
     -4.202311223
    -0.4163228610
    0.06861171018
    0.03030452261
  -0.005979840598
     -5.567203159
     -2.678439332
   -0.02700329221
    0.09345678039
  -0.007253794898
      3.795230039
     -5.243655104
     -1.257001276
     0.1647676221
   0.004124799676
     -1.256726888
     -5.982295743
     -3.842902616
    -0.2152945621
    0.04315878028
     0.1664699339
     -1.684299532
     -7.202292028
     -1.796865939
    0.04705236047
    0.02307798984
      7.500040596
     -7.477467921
     -5.165049521
    -0.2201776095
   -0.01663255734
     -6.632177710
    -0.9147942848
     -8.659526996
     -1.177081784
   0.004219537450
      3.228224818
      4.955799465
     -7.785098461
     -2.973776995
 -0.0006653767780
    -0.9732078927
      1.446221260
    -0.5396666541
     -4.789056101
  6.582640093E-05
     0.1502342910
     -7.550452374
      5.684961781
     -5.012083021
 -2.183281820E-06
    0.01731505783
      7.780361388
      1.393712021
     -3.100666707
 -5.882287391E-07
   -0.01935099356
     -4.796372277
     -3.591524577
    -0.8545928523
    0.05000000000
     0.1000000000
     0.1500000000
     0.2000000000
     0.2500000000
   Q=    0.0000
