    0.04803203938
   -0.03927550595
    0.01360172700
  -0.001765132021
 -2.848723317E-06
     0.1616650487
   -0.06267710314
   0.007088933905
   0.001842782595
 -0.0004238501359
     0.6745932623
    -0.1265994124
   0.006703435777
   0.004132042714
 -0.0007399548368
    -0.1375042293
   0.005599996019
   -0.04357384389
    0.01614109174
  -0.001427104733
     -1.217610463
    -0.2941582381
    -0.1027887836
    0.02817362350
  0.0002183569115
     0.7091520855
    -0.9730420340
    -0.3956525034
    0.02880752435
    0.01019682464
    -0.2269641229
     -1.075402531
    -0.9809287515
   -0.08924033078
    0.04385053336
    0.03274698253
   -0.07612120699
     -1.467712088
    -0.4630447473
     0.1220422456
   0.002376026772
      1.041374285
     -1.099997385
     -1.073986345
     0.2723712449
  -0.002449519336
    -0.9900795034
     0.1377282455
     -1.477143567
     0.5219945595
  0.0006600913356
     0.5062555118
     0.7273880270
     -1.010244054
     0.8673313284
 -0.0001095216687
    -0.1631176810
   -0.03564057388
     0.2369764036
      1.197504569
  1.182834424E-05
    0.03009739325
    -0.8614285559
     0.8928890895
      1.264086670
 -6.060311171E-07
  0.0003056798202
      1.017002737
     0.1100571923
     0.8882434759
 -5.900201684E-08
  -0.002407299995
    -0.6668474429
    -0.3855306555
     0.3043707920
    0.05000000000
     0.1000000000
     0.1500000000
     0.2000000000
     0.2500000000
   Q=    0.0000
