      0.000000000
      0.000000000
      0.000000000
      0.000000000
      0.000000000
     -228.2126813
      107.9586734
     -29.34630431
      3.910294890
    -0.1475634336
     -573.2573878
      110.4494661
     -9.207245953
     -1.878916306
     0.4216818680
     -575.4823772
      60.36147395
      6.115950224
     -5.209386376
     0.8014276054
      180.0990569
     -17.79872621
      51.22715753
     -17.72612725
      2.138755100
      8.852054680
     -169.8538507
      141.7177807
     -37.93393937
      4.078456804
     -19.79724265
     -378.2069778
      221.2611683
     -65.69712611
      7.333662585
      3.667203096
      225.5800021
      142.6637753
     -105.6333666
      12.22219027
     0.6149496979
      92.97908298
     -86.00535014
     -168.8691086
      17.26617562
    -0.4323543328
     -146.4431019
     -329.9648497
     -236.7364066
      16.71268419
     0.1012319508
      68.76987529
      56.14246257
     -239.9159226
      2.754185517
   -0.01302754779
     -14.19535062
      395.0530015
     -68.91249788
     -24.30199189
  0.0005651552078
     -1.822965013
     -547.8231379
      138.9311904
     -44.50012064
  0.0001552256140
      2.574584069
      415.6534239
      96.65083548
     -38.36265578
 -4.479986548E-05
     -1.097212800
     -216.1615385
      22.15608410
     -15.59778634
    0.05000000000
     0.1000000000
     0.1500000000
     0.2000000000
     0.2500000000
   Q=    0.0000
