      0.000000000
      0.000000000
      0.000000000
      0.000000000
      0.000000000
     -43.13508790
      17.52017814
     -2.591484758
    -0.2899674387
    0.09478656623
     -203.4549632
      25.13653142
      3.139050065
     -1.739380816
     0.1854408982
     -291.9102757
     -27.52323145
      16.89612428
     -3.229655747
     0.2452315655
      67.23806109
     -105.4714334
      26.07089176
     -3.980086337
     0.3114056372
      8.392680468
     -164.3466361
      32.89515970
     -5.283451477
     0.5081053003
     -10.58090958
     -150.7000311
      16.90810033
     -6.617443356
     0.9993267857
      1.853734178
      95.49589807
     -32.95398287
     -15.43085030
      2.372360597
     0.3478213329
      52.36951733
     -89.06481459
     -41.56353080
      4.466565060
    -0.2407513204
     -80.60317630
     -94.14669124
     -85.82853419
      5.685814005
    0.05874605703
      41.14941815
      73.61809863
     -109.0147200
      2.843173401
  -0.008233718731
     -10.52386562
      110.2494409
     -44.08093345
     -4.206950822
  0.0005330941286
     0.2030684680
     -216.1840833
      60.23118660
     -8.996246531
  5.249438946E-05
      1.043681758
      185.0118118
      56.21510436
     -6.601121100
 -2.096562384E-05
    -0.5173250885
     -102.6886031
      9.133837602
     -2.026958345
    0.05000000000
     0.1000000000
     0.1500000000
     0.2000000000
     0.2500000000
   Q=    0.0000
