    0.03008866558
   -0.02498977897
   0.009000061160
  -0.001294392009
  2.143157751E-05
    0.09423445754
   -0.03818654642
   0.005054884940
  0.0009183827356
 -0.0002480943560
     0.3797171984
   -0.07843476660
   0.006826212452
   0.001939906976
 -0.0004283861692
    -0.2361824156
  -0.003210472604
   -0.02192127209
   0.009500252648
 -0.0009423297118
    -0.7770227909
    -0.2209656479
   -0.05578293437
    0.01751495862
 -0.0001584744424
     0.4766554660
    -0.6358771503
    -0.2412388787
    0.01920998337
   0.005179462242
    -0.1539401734
    -0.7362909502
    -0.6140118478
   -0.05565744463
    0.02295634877
    0.02135976295
    -0.1230946255
    -0.9702684944
    -0.3042878332
    0.06046753825
   0.002118152370
     0.7953539172
    -0.8098919462
    -0.7421281528
     0.1209137404
  -0.001810980779
    -0.7278263355
    0.02062412226
     -1.084765056
     0.1998321600
  0.0004746422057
     0.3637538580
     0.5282478378
    -0.8180211126
     0.2899505553
 -7.709338140E-05
    -0.1140589522
    0.05243215067
     0.1045525549
     0.3742360753
  8.048083394E-06
    0.01970979343
    -0.7102882774
     0.6870340518
     0.4013846921
 -3.574691538E-07
  0.0009247193017
     0.7894242699
    0.09475204544
     0.3038737606
 -5.226594058E-08
  -0.001916984969
    -0.5054609500
    -0.3721197820
     0.1145112396
    0.05000000000
     0.1000000000
     0.1500000000
     0.2000000000
     0.2500000000
   Q=    0.0000
