      0.000000000
      0.000000000
      0.000000000
      0.000000000
      0.000000000
     -4.807148823
      2.073718259
    -0.4139531419
  -0.001840356688
   0.009845127383
     -15.48564821
      2.219069804
     0.3028064768
    -0.2314217035
    0.03466499563
     -24.65094870
    -0.2581874641
      1.697925733
    -0.5992515547
    0.07466407993
      14.62214319
     -4.666038677
      4.792519708
     -1.457242323
     0.1584376103
     -3.655969209
     0.3212724707
      11.31616221
     -3.081402683
     0.2849420462
     0.4320374586
      5.960740143
      23.12733680
     -5.569685716
     0.4343235763
     0.1224738465
      8.856172264
      30.38621062
     -8.551089675
     0.5163783464
   -0.06984236381
     -9.485703126
      15.01059037
     -12.23584854
     0.2816255637
    0.01998743247
      6.321677760
     -19.51368923
     -15.94872448
    -0.7982303676
  -0.004190160226
     -3.263060258
     -13.97439778
     -13.78940637
     -3.079076134
  0.0006569912312
      1.206876409
      22.48404578
      1.785777092
     -5.557005472
 -7.472017433E-05
    -0.3117194888
     -13.15313792
      14.45407670
     -5.766329441
  5.467220334E-06
    0.05252701827
      4.656750981
     -2.451147522
     -3.075434511
 -7.786506188E-08
  -0.003391738052
     -1.068412953
     -15.63590478
    -0.5443217587
    0.05000000000
     0.1000000000
     0.1500000000
     0.2000000000
     0.2500000000
   Q=    0.0000
