    -0.1179999286
    0.09713137844
   -0.03960448088
   0.008425163783
 -0.0007460420723
    0.02243659950
    0.01573127333
   -0.01066339686
   0.002926381425
 -0.0002616632348
     0.6532581274
    0.06117328906
   -0.08420513355
    0.02098264268
  -0.001944734563
      8.543954051
   -0.06524471871
    -0.1034969642
    0.01818132098
  -0.003676126726
      5.071184448
      2.420491749
    -0.1613559709
    0.05553578949
   -0.02099515725
     -4.331915281
      5.004505007
     0.8466827099
     0.2676783838
   -0.08301037286
      1.485018835
      7.857250523
      3.541663394
      1.366257422
    -0.2410919675
    -0.1766684036
      3.596564294
      8.565708010
      4.519120596
    -0.4813153171
   -0.03947551062
     -11.01270704
      10.97957397
      10.40290225
    -0.5984607831
    0.02335698938
      9.250009274
      3.028728390
      15.65821760
    -0.1660071102
  -0.005680735393
     -4.353493982
     -7.168194436
      12.48827134
     0.9843552350
  0.0008666497181
      1.259045404
     -2.973579046
     -1.005908032
      2.131065869
 -8.078570833E-05
    -0.1707119290
      11.50988909
     -10.06842145
      2.086335147
  1.575747939E-06
   -0.03551203298
     -11.47919829
     -1.040696156
     0.8874881892
  9.739111122E-07
    0.02961636879
      6.995763282
      6.419638920
    0.03982055287
    0.05000000000
     0.1000000000
     0.1500000000
     0.2000000000
     0.2500000000
   Q=    0.0000
