     -3.688073831
      3.631727798
     -1.702149209
     0.4014623899
   -0.03793907178
     -14.32545494
      7.467524224
     -2.298936791
     0.3770023617
   -0.02406364253
     -53.19519504
      17.88398912
     -5.226081998
     0.9401630903
   -0.07169561049
     -60.45827275
      22.78797438
     -6.163157041
     0.8554843729
   -0.03246406103
      20.68809495
      28.89947067
     -7.716577123
     0.7240995257
    0.02484192053
      1.244802730
      16.13999646
     -7.207843802
    -0.7076603193
     0.2267924875
     -1.580290889
     -45.45728183
     -9.615788735
     -5.341855616
     0.5092528098
   -0.05813584616
     -11.74422465
     -21.77384690
     -18.18105930
     0.2509887711
     0.1993618490
      35.74517315
     -23.10682175
     -42.72037314
     -2.766338672
   -0.07140677793
     -26.41269034
     -19.08297893
     -66.94451828
     -12.24663504
    0.01422227880
      10.51968115
      3.419147237
     -60.90370665
     -29.61526834
  -0.001712161381
     -2.163442776
      39.63891217
     -2.417250146
     -47.52507174
  7.270069900E-05
    -0.1479027815
     -59.50547433
      52.23336674
     -50.09311288
  1.918169322E-05
     0.3058093200
      48.39462479
      4.253578137
     -31.05865757
 -5.521698617E-06
    -0.1351050205
     -26.84712518
     -47.40125756
     -8.432872277
    0.05000000000
     0.1000000000
     0.1500000000
     0.2000000000
     0.2500000000
   Q=    0.0000
