    0.02376672074
   -0.02534140779
    0.01326085480
  -0.003628784326
  0.0004171702992
     0.1197752482
   -0.07015269314
    0.02667644085
  -0.005917734845
  0.0005661687222
     0.4158058156
    -0.1898848027
    0.07084472682
   -0.01512909978
   0.001290780515
    0.01903527663
    -0.4271038635
     0.1457892248
   -0.02177249603
  0.0009008151772
     -3.817894040
     -1.246308778
     0.2448957351
   -0.01136076585
  -0.001484309441
      2.172778256
     -3.278631986
    0.09256109336
    0.05654148962
  -0.006529234690
    -0.6965958083
     -3.041276891
    -0.9381513528
     0.1834709627
  -0.009293759996
     0.1033641519
     0.1227587154
     -2.558095324
     0.2217326487
  0.0009638903711
   0.006747592422
      3.054522199
     -3.269756988
   -0.04956583375
    0.03115203193
  -0.007453538742
     -3.009637874
    -0.5634895101
    -0.7180656097
    0.07293540845
   0.002006011121
      1.535645422
      2.871134728
     -1.260419236
    0.09401717565
 -0.0003280876121
    -0.4825924852
     0.1799547666
     -1.020012639
    0.06789328574
  3.437093084E-05
    0.08308317632
     -3.154804632
   0.009973977023
  -0.005821419676
 -1.588050567E-06
   0.003432504949
      3.312825775
      1.341334507
   -0.07798911701
 -1.995726293E-07
  -0.007579927425
     -1.997709348
      1.682971925
   -0.06719880915
    0.05000000000
     0.1000000000
     0.1500000000
     0.2000000000
     0.2500000000
   Q=    0.0000
