      0.000000000
      0.000000000
      0.000000000
      0.000000000
      0.000000000
     0.2140030276
    -0.1209756592
    0.03810437682
  -0.004082131201
 -0.0003799417094
     0.6658719362
    -0.2259498159
    0.02624027295
    0.01282540600
  -0.003445910939
     0.4121764376
    -0.4294858492
   -0.06408490720
    0.06743483667
   -0.01044831967
     -2.715648639
     -1.246689917
    -0.5201936449
     0.2246381616
   -0.02360589463
      1.227313762
     -3.369755780
     -2.063837465
     0.5346258779
   -0.03696593932
    -0.3301984836
     -4.117899317
     -5.379279870
     0.9107944325
   -0.03042053163
  -0.006028979668
     -1.330758501
     -8.570149418
      1.067174698
    0.03419317111
    0.03067573827
      4.387978619
     -6.430881198
     0.8817086832
     0.2172077640
   -0.01153249933
     -3.778903008
      2.800767261
     0.6891859106
     0.6052732367
   0.002544284874
      1.877154490
      5.630920583
     0.5473469527
      1.226502225
 -0.0003709194660
    -0.5765303322
     -3.689377325
    -0.6062977142
      1.825091518
  3.263249283E-05
    0.09061190552
     -1.250765977
     -1.574396939
      1.830073692
 -2.778570210E-07
   0.009415116628
      2.916724200
      1.326902723
      1.055375054
 -4.620653982E-07
   -0.01096300059
     -2.075099707
      3.412293493
     0.2423557272
    0.05000000000
     0.1000000000
     0.1500000000
     0.2000000000
     0.2500000000
   Q=    0.0000
