      1.060100252
    -0.9600819447
     0.3928925423
   -0.07409212030
   0.004624429672
      3.950029828
     -1.773652276
     0.3875264047
   -0.02123187599
  -0.003595219120
      14.56577313
     -3.804033279
     0.7337934985
   -0.04910046789
  -0.005312281466
      6.321139996
     -3.077977333
     0.2105354220
     0.1667008880
   -0.03265960642
     -15.82904285
     -7.467933972
    -0.4971927137
     0.5229552160
   -0.06448589668
      7.435175281
     -13.09768250
     -4.213196922
      1.242595315
    -0.1020907913
     -2.236542824
     -6.370129169
     -10.29068157
      1.712792630
   -0.09981389419
     0.3635384155
      1.516302408
     -13.06013615
      1.304512677
   -0.05638810089
  -0.001996204790
      6.073023436
     -7.137117810
    -0.2141861568
    0.01044724612
   -0.01648378092
     -6.910250586
      4.959975925
     -2.087840873
    0.04791082441
   0.005096399636
      3.920178972
      5.621313631
     -2.791483965
    0.02760786778
 -0.0009233937966
     -1.407583130
     -4.040092301
     -1.649549473
   -0.01457151582
  0.0001126900607
     0.3218542588
     -2.431313622
     0.9689973989
   -0.01702333448
 -8.449950707E-06
   -0.03210760228
      4.881924786
      2.402508959
    0.04127924767
  5.094753321E-08
  -0.008588578904
     -3.622151805
      1.158386706
    0.04859238975
    0.05000000000
     0.1000000000
     0.1500000000
     0.2000000000
     0.2500000000
   Q=    0.0000
