    -0.2914292482
     0.2411830827
   -0.09411583449
    0.01795841774
  -0.001289795054
    -0.1690523147
    0.09937395164
   -0.02169792147
  0.0006836257416
  0.0004198496044
     0.8500188849
     0.1885517890
    -0.1514883936
    0.02934941753
  -0.001721568183
      17.77294691
    -0.1877920768
    -0.1203398407
  -0.001954421015
  -0.002012453414
      11.65553925
      5.227191178
    -0.1057165480
    0.02173009756
   -0.03127511839
     -9.635861167
      11.25188493
      2.393564891
     0.3592979689
    -0.1446920167
      3.290430244
      17.64733604
      8.633836355
      2.530458379
    -0.4298658174
    -0.3969577587
      7.322172729
      19.41025278
      9.056180851
    -0.7902421408
   -0.08388450774
     -23.70111996
      23.45046216
      21.49599246
    -0.6414988736
    0.05059885236
      20.03127967
      5.732902792
      32.93278975
      1.136690125
   -0.01235618605
     -9.458631937
     -14.96642783
      26.96643070
      4.972748782
   0.001890459210
      2.745209636
     -6.554621213
     -1.229970132
      8.850266663
 -0.0001771005134
    -0.3762540951
      24.90421129
     -21.45498798
      9.100125308
  3.663307861E-06
   -0.07520795628
     -24.81864608
     -2.652236857
      5.069448406
  2.086634463E-06
    0.06379504573
      15.12658318
      14.32053416
      1.102011573
    0.05000000000
     0.1000000000
     0.1500000000
     0.2000000000
     0.2500000000
   Q=    0.0000
