   -0.07249144153
    0.06173392869
   -0.02319682124
   0.003776393227
 -0.0001649950876
    -0.2137222799
    0.08430496297
   -0.01136377346
  -0.001396367699
  0.0003666832976
    -0.7871962153
     0.1488482222
   -0.01685253713
  3.692895818E-05
  0.0001276406106
     0.3124333093
    -0.1219917893
    0.04079008249
  -0.007144998239
  0.0003564911264
     0.3671493912
    -0.1608873827
    0.03871081805
   0.003431353659
  -0.001669469520
    -0.2462436853
    -0.3574545748
    0.07247154951
    0.04191786933
  -0.006206165191
    0.05808826083
    0.04230819251
    0.06010262260
     0.1969142837
   -0.01177496183
   0.002226084395
      1.013244134
     0.2740750839
     0.5857430832
   0.007343436846
  -0.005124006924
     -1.108929651
     0.7182026308
      1.308547617
     0.1249491172
   0.001726254120
     0.6841837491
     0.4230903072
      1.991138253
     0.4597442911
 -0.0003437002912
    -0.2668196151
    -0.2951522792
      1.578016973
      1.037307804
  4.482441315E-05
    0.06381704082
    -0.4540290497
    -0.2836550669
      1.581654271
 -3.142706609E-06
  -0.004049959232
     0.9030049807
     -1.485694246
      1.597948943
 -1.586679070E-07
  -0.004156963467
    -0.8230434072
     0.2272484168
     0.9588721026
  8.745561763E-08
   0.002309682074
     0.5015453785
      1.581519943
     0.2530161009
    0.05000000000
     0.1000000000
     0.1500000000
     0.2000000000
     0.2500000000
   Q=    0.0000
