    -0.2287555016
     0.2028562934
   -0.07691127974
    0.01262283181
 -0.0007242398670
     -1.232810340
     0.4433101927
   -0.05415155965
  -0.002533784770
 -0.0002334894455
     -6.353210577
     0.6918479153
    0.01936986513
    0.01342249889
  -0.006863974190
     -17.72666170
     -1.714800771
     0.3354157500
     0.1040699523
   -0.02183726454
     -16.20007558
     -11.24812714
    -0.3125985944
     0.4936279480
   -0.04223040187
      12.27411129
     -25.39349876
     -5.187743163
      1.137632549
   -0.01105297861
     -4.483664925
     -27.42787196
     -16.49421242
      1.075778011
     0.1921116286
     0.7145150613
      6.367978199
     -28.20873905
     -1.593227726
     0.7101127640
    0.03727497536
      17.92924520
     -22.54376020
     -7.867568888
      1.612028816
   -0.04946840836
     -19.64701966
      1.098433770
     -14.42031583
      2.788940296
    0.01361454119
      10.33993149
      16.46787007
     -14.77245646
      3.913940594
  -0.002245123990
     -3.288152397
      2.145769339
     -5.094608145
      4.415612233
  0.0002342292778
     0.5592030738
     -22.40674017
      7.421237325
      3.830087065
 -1.008359051E-05
    0.03309868745
      23.88340317
      8.707221172
      2.299573475
 -1.576296522E-06
   -0.05685218738
     -14.67633233
      3.425018597
     0.6832506888
    0.05000000000
     0.1000000000
     0.1500000000
     0.2000000000
     0.2500000000
   Q=    0.0000
