      0.000000000
      0.000000000
      0.000000000
      0.000000000
      0.000000000
     0.3629650164
    -0.1643961106
    0.03573841270
 -0.0001630705694
 -0.0009342091181
      1.515530439
    -0.2752307970
   -0.01175284837
    0.02359904756
  -0.004178833168
      2.919409143
    -0.1643154265
    -0.1918705437
    0.08394890413
   -0.01085271884
     -3.077137761
   0.006996176841
    -0.7119273541
     0.2337893001
   -0.02311149183
      1.095104946
     -1.838133426
     -2.112179462
     0.5327334139
   -0.03596695492
    -0.2416982451
     -3.255848633
     -5.172334526
     0.9482248817
   -0.02646422940
   -0.01413597297
     -1.484617625
     -7.989862460
      1.273479510
    0.06208806273
    0.02463147040
      3.447594450
     -5.424822039
      1.502987647
     0.3429384392
  -0.008718118900
     -2.832735890
      3.495591718
      1.898985241
     0.9947065104
   0.001908092762
      1.426719613
      4.857792016
      1.890663754
      2.090068346
 -0.0002833084034
    -0.4596316775
     -4.497819777
    -0.2832286590
      3.189517010
  2.666761325E-05
    0.08465885817
     0.6142212480
     -2.473021288
      3.297619277
 -7.183753242E-07
  0.0001941542307
      1.236751492
     0.9710856235
      2.020335261
 -2.623885783E-07
  -0.006078359812
     -1.106116973
      3.941866638
     0.5363383539
    0.05000000000
     0.1000000000
     0.1500000000
     0.2000000000
     0.2500000000
   Q=    0.0000
