     -10.62108247
      10.86171230
     -5.563429381
      1.493655338
    -0.1670805818
     -46.40300302
      26.57339470
     -9.447048709
      1.919549258
    -0.1702188310
     -176.6456303
      62.27396895
     -20.17657730
      4.234693658
    -0.4015799678
     -90.76316816
      77.26481800
     -26.63292449
      4.841268731
    -0.3550084577
      153.4608497
      133.9174908
     -32.06809752
      3.617827950
    -0.1118299080
     -62.60672158
      140.0526268
     -2.126208830
     -4.401072568
     0.7046124062
      18.10904172
      1.898690460
      65.06810221
     -19.71098984
      2.398324219
     -3.376609226
     -29.83990713
      117.1733816
     -42.20645971
      5.973303548
     0.2488164145
     -12.28829449
      61.36648425
     -65.77205157
      13.29309951
    0.07109282922
      33.02815336
     -89.37318463
     -72.64663052
      27.26646373
   -0.03119880271
     -24.34878432
     -43.72911472
     -32.10955483
      49.62045058
   0.006623542367
      10.58569912
      82.75437464
      45.28742131
      74.95986234
 -0.0009522427652
     -3.101351479
     -42.36054335
      44.18733015
      84.71331554
  9.672954618E-05
     0.6111410408
      6.367748697
     -35.39103855
      60.56940655
 -6.117810519E-06
   -0.06104770167
      5.290095956
     -25.61307823
      19.68442260
    0.05000000000
     0.1000000000
     0.1500000000
     0.2000000000
     0.2500000000
   Q=    0.0000
