      0.000000000
      0.000000000
      0.000000000
      0.000000000
      0.000000000
     -166.5024581
      69.68343061
     -14.00852682
     0.4838601928
     0.1638118016
     -383.4856937
      31.26403002
      15.37642530
     -5.710477367
     0.5799812661
     -505.2681398
     -87.43023460
      43.63623567
     -7.692528641
     0.4840919003
     -9.512657696
     -346.0647511
      74.76015166
     -7.669208628
     0.2195036175
      71.28151262
     -568.8221782
      31.79807817
      6.580356418
     -1.013907266
     -35.94934719
     -435.1303415
     -164.5083033
      36.10946601
     -2.684203675
      3.949618322
      155.6706913
     -476.1271601
      68.25877075
     -4.225006910
      1.858987435
      267.9239511
     -552.6601180
      70.70516308
     -4.763826618
    -0.9570605534
     -317.4264889
     -26.69176510
      19.19581953
     -4.682622408
     0.2277615976
      165.7574025
      505.3047071
     -75.04647308
     -6.486552836
   -0.03325237591
     -48.39295359
     -71.60542077
     -158.7437771
     -14.55618454
   0.002652503974
      5.361291374
     -403.8741810
     -93.72211357
     -29.13580414
  6.531900315E-05
      2.165371682
      454.0004481
      205.8580580
     -35.74942200
 -5.828698874E-05
     -1.418183534
     -275.0680759
      309.3298808
     -19.24809200
    0.05000000000
     0.1000000000
     0.1500000000
     0.2000000000
     0.2500000000
   Q=    0.0000
