      0.000000000
      0.000000000
      0.000000000
      0.000000000
      0.000000000
     0.3678916753
    -0.1241281283
    0.01590349758
  -0.001733917022
  0.0008127915602
      1.737488407
   -0.07543340507
   -0.03675704528
  -0.009022936110
   0.004388617734
      5.038240155
     0.7548837184
   -0.05071680141
   -0.08312650405
    0.01621105870
      2.595662648
      3.583457684
     0.4755562481
    -0.3229140718
    0.03934888464
     -1.894568491
      7.123528610
      2.766548520
    -0.7957809104
    0.07146263105
     0.6337184411
      7.956881389
      7.519263612
     -1.314905592
     0.1090390677
   -0.01043697646
      1.237213801
      12.32804709
     -1.346625601
     0.1823406813
   -0.05375220710
     -7.852603457
      10.05820162
    -0.3533272502
     0.4084269475
    0.02133871871
      7.036928057
     -2.135857789
      1.356055372
     0.9868025808
  -0.004719882448
     -3.426859225
     -8.294081755
      2.540731800
      2.008426400
  0.0006723804069
     0.9940754915
      2.145613709
      2.216209030
      3.125337955
 -5.446246319E-05
    -0.1237814546
      6.362874622
   -0.03253982784
      3.496769532
 -8.174632709E-07
   -0.03503386188
     -7.810722997
     -2.837083301
      2.518417306
  1.067820653E-06
    0.02563939134
      4.952556045
     -2.782375558
     0.8817145387
    0.05000000000
     0.1000000000
     0.1500000000
     0.2000000000
     0.2500000000
   Q=    0.0000
