      0.000000000
      0.000000000
      0.000000000
      0.000000000
      0.000000000
      1.164226631
    -0.5641053194
     0.1546163388
   -0.01937928828
  0.0004407570863
      4.420688493
    -0.7583642075
    0.01679285531
    0.02563127338
  -0.003584147481
      8.006877072
     0.3218910597
    -0.3293407462
    0.06041690722
  -0.003021381802
     -1.406105705
      3.648276953
    -0.6990183918
    0.04616861384
   0.002567998152
    -0.4150208169
      6.817244758
    -0.3755462615
    -0.1060807557
    0.01780161456
     0.3997822122
      6.028684057
      1.441827449
    -0.4376811922
    0.04116693012
   -0.08075704226
     -4.550905172
      4.372254944
    -0.8065918742
    0.06199964221
  -0.005796098865
    -0.6803644118
      4.640063440
    -0.8718558886
    0.06592965139
   0.007014666944
      2.309304605
     0.8563475417
    -0.3759366560
    0.04518757031
  -0.001906529273
     -1.385796246
     -4.969480219
     0.7899401385
    0.01937310961
  0.0002938236368
     0.4236432449
     0.6075791511
      1.670404879
    0.05834236164
 -2.422131844E-05
   -0.04663524210
      3.940771109
      1.116815066
     0.1868752114
 -5.560145248E-07
   -0.02051492123
     -4.363279206
     -2.147463136
     0.3021073858
  5.329916025E-07
    0.01325613863
      2.615345219
     -3.459517916
     0.1845433695
    0.05000000000
     0.1000000000
     0.1500000000
     0.2000000000
     0.2500000000
   Q=    0.0000
