     -30.32980790
      30.41507709
     -15.17051700
      3.937206959
    -0.4235947040
     -120.3390898
      67.10029463
     -22.74146157
      4.383902582
    -0.3775066954
     -424.8765048
      144.2556433
     -46.36129981
      10.04735306
     -1.021742613
     -49.56370850
      138.0014711
     -56.02521894
      12.13198396
     -1.138850037
      252.0719912
      225.4306988
     -75.09783959
      14.58723371
     -1.341520280
     -114.5630059
      156.1298352
     -41.57844469
      8.815716259
    -0.9201796343
      32.08048982
    -0.4563922150
      33.00700914
     -6.701351303
     0.5951094784
     -4.819236369
      43.73416809
      133.1980716
     -40.42941919
      4.907847438
    -0.1166341627
     -121.7489544
      117.8426152
     -83.97363666
      14.58250387
     0.2681021489
      112.4990134
     -58.86213660
     -104.6185158
      33.90623186
   -0.07739675031
     -59.23358825
     -68.96673069
     -34.60104545
      65.99829714
    0.01346430391
      20.00964477
      9.766685164
      95.55716450
      105.1631333
  -0.001568995362
     -4.179578483
      82.37717917
      74.40116842
      123.8842593
  0.0001072982869
     0.2786696488
     -94.38737867
     -80.12295297
      92.07914581
  1.205099766E-06
     0.1667109297
      58.70923628
     -96.74002391
      32.14366336
    0.05000000000
     0.1000000000
     0.1500000000
     0.2000000000
     0.2500000000
   Q=    0.0000
