    -0.1380047194
     0.1269604448
   -0.05159004708
   0.009725867796
 -0.0007369837219
    -0.8483699127
     0.3321577607
   -0.05768691704
   0.003786388579
 -0.0006229567630
     -4.601697720
     0.6224721455
   -0.03733313202
    0.01704291151
  -0.005036786370
     -13.48777122
    -0.6948355915
     0.1333297707
    0.07692882628
   -0.01446616048
     -10.52037068
     -6.867316946
    -0.2725829783
     0.3157360429
   -0.02635736960
      8.332049102
     -15.94296950
     -3.420468468
     0.6823366632
  -0.006335894320
     -3.034618826
     -18.88262819
     -10.77065043
     0.4511139680
     0.1052698997
     0.4633957987
      2.705379415
     -19.06459262
     -1.827938822
     0.3201097909
    0.03500845199
      13.84990450
     -16.20354565
     -7.094076008
     0.4704704287
   -0.03604950505
     -14.26844780
    -0.2730815309
     -12.72061161
     0.1558420391
   0.009639937504
      7.320983649
      11.28109517
     -12.76018227
    -0.9258436989
  -0.001560165579
     -2.273988458
      2.884942067
     -3.512212247
     -2.394036602
  0.0001582901009
     0.3656508889
     -17.17542026
      7.393108006
     -3.025539026
 -5.911588591E-06
    0.03410044236
      17.74555078
      5.716987201
     -2.065396446
 -1.266975204E-06
   -0.04310185874
     -10.80948844
    -0.5567675523
    -0.6160034424
    0.05000000000
     0.1000000000
     0.1500000000
     0.2000000000
     0.2500000000
   Q=    0.0000
