      0.000000000
      0.000000000
      0.000000000
      0.000000000
      0.000000000
     -9.047229215
      3.636168807
    -0.5604934606
   -0.07284029047
    0.02626949074
     -26.21965312
      2.680360619
      1.077255169
    -0.5150694635
    0.06771664732
     -36.03697177
     -3.262003467
      3.689938583
     -1.116703158
     0.1268157338
      21.70269568
     -11.74227490
      8.830829570
     -2.380008810
     0.2363327061
     -5.607750962
     -5.475437565
      18.68851529
     -4.352539159
     0.3670929909
     0.5278257515
      7.829619751
      34.85644952
     -6.471318975
     0.5085643277
     0.2678036809
      18.79185384
      43.34465413
     -7.333238355
     0.7116612864
    -0.1292555672
     -18.18986958
      20.25570284
     -7.256723120
      1.136358738
    0.03420334342
      10.93752299
     -27.17472633
     -8.625559860
      1.775172395
  -0.006706715347
     -5.128486603
     -16.36120229
     -9.784974741
      2.192619477
  0.0009990800292
      1.787389687
      28.88101779
     -1.324217989
      1.957545098
 -0.0001084945548
    -0.4407703199
     -17.00527896
      9.167143278
      1.456300168
  7.228511293E-06
    0.06722080011
      5.419498698
     0.2861280827
      1.070969117
  5.680069515E-08
 -0.0007871907095
    -0.5556597290
     -7.695605161
     0.4754277102
    0.05000000000
     0.1000000000
     0.1500000000
     0.2000000000
     0.2500000000
   Q=    0.0000
