      15.17703514
     -15.36406645
      7.359814590
     -1.780067532
     0.1718249991
      52.38883025
     -29.23857774
      9.998277079
     -1.785127108
     0.1091795364
      124.0585604
     -70.30187785
      25.09686368
     -4.365927283
     0.2554744435
     -63.39211647
     -136.0611382
      35.27498578
     -2.574830064
    -0.1506922902
     -379.3350670
     -331.3361940
      30.59632914
      4.348158429
    -0.7472655159
      214.5812929
     -507.9937899
     -59.28145076
      21.70951183
     -1.580950912
     -73.19973478
     -300.3519331
     -249.9391580
      42.71761480
     -2.014928257
      12.82919074
      155.0486048
     -416.5347397
      58.71737721
     -2.002147027
    -0.1219780620
      176.4098940
     -304.9006143
      63.51719762
     -1.887010111
    -0.5905355127
     -241.7084562
      111.1368857
      51.43956277
     -3.414162287
     0.1833635689
      140.0675739
      259.4025265
     -10.89668174
     -10.90884860
   -0.03263068380
     -48.99804500
     -105.1293458
     -125.2404890
     -30.38824426
   0.003804118090
      10.27927147
     -167.9634633
     -103.1249404
     -55.97260361
 -0.0002489629931
    -0.5906676964
      231.3484240
      151.6208164
     -59.12772922
 -6.219101341E-06
    -0.4691626341
     -151.7282961
      229.2367019
     -27.46364027
    0.05000000000
     0.1000000000
     0.1500000000
     0.2000000000
     0.2500000000
   Q=    0.0000
