      0.000000000
      0.000000000
      0.000000000
      0.000000000
      0.000000000
      62.13509697
     -22.34200015
      2.384849249
     0.6511369249
    -0.1444558318
      204.5707029
     -1.754526204
     -15.26551176
      4.400269745
    -0.3977988305
      602.9107060
      101.0505119
     -47.91415524
      8.209440353
    -0.5209293806
     -93.59196583
      425.4557073
     -96.18859875
      11.90157660
    -0.6219510730
     -21.95838233
      544.9741907
     -101.0804306
      11.09302519
    -0.5237053464
      21.20991099
      132.2990949
     -64.03601162
      7.868146732
    -0.4681097199
     -3.478358780
     -129.5213439
      47.18896434
     -1.216315825
    -0.7497031651
    -0.8685146602
     -137.3176560
      304.2430952
     -1.726643129
     -2.932570146
     0.5533434617
      188.7542096
      231.5688683
      40.33624063
     -7.846785138
    -0.1357587710
     -98.53332582
     -352.3802701
      87.14059914
     -13.55618782
    0.01947305168
      26.90399019
     -65.54375326
      83.27540154
     -17.04983905
  -0.001384734157
     -1.711152543
      373.5521665
      51.48837732
     -12.16929867
 -8.812538640E-05
     -1.941616827
     -357.0161010
     -120.4229191
      2.860675512
  4.289264187E-05
      1.046380792
      202.5600190
     -255.8413598
      8.569927466
    0.05000000000
     0.1000000000
     0.1500000000
     0.2000000000
     0.2500000000
   Q=    0.0000
