      0.000000000
      0.000000000
      0.000000000
      0.000000000
      0.000000000
     -76.90465234
      36.51022714
     -9.478523728
     0.9579195533
    0.02727248707
     -202.0646450
      22.18061516
      7.432496482
     -3.632876290
     0.4576988096
     -244.9515118
     -78.20861102
      38.12734561
     -7.615362099
     0.5649533972
     -99.40739492
     -307.0789847
      75.55743243
     -8.690505416
     0.1675401744
      74.61263639
     -581.0159011
      58.23649409
      7.097086132
     -2.093314873
     -30.50555115
     -288.5050188
     -135.2064571
      59.51258842
     -7.722866743
      2.811191178
      83.61004315
     -438.5952282
      156.7988357
     -17.69233919
      1.735777144
      248.9796168
     -591.9169014
      283.3498496
     -30.70949277
    -0.8507779991
     -283.4674330
      19.97844391
      337.1803130
     -40.63778734
     0.2024164037
      150.5306163
      614.0608946
      191.1388316
     -42.63128275
   -0.02991009382
     -45.54196303
     -255.5193399
     -199.0491392
     -41.05742816
   0.002496391452
      6.027827518
     -226.6009761
     -378.7572993
     -51.43679177
  2.354857536E-05
      1.406341528
      323.5454496
      228.2739047
     -61.83705230
 -4.523819157E-05
     -1.078191821
     -200.6200514
      600.7935808
     -35.54256656
    0.05000000000
     0.1000000000
     0.1500000000
     0.2000000000
     0.2500000000
   Q=    0.0000
