     -11.79409727
      10.51171312
     -5.131962636
      1.387304688
    -0.1618380737
     -27.54591794
      20.45181155
     -8.652102185
      2.089659109
    -0.2235253197
     -153.9806716
      62.44776507
     -23.72394299
      5.651448613
    -0.5955335382
      284.2733290
      78.33240892
     -41.57170273
      9.291210015
    -0.8509201328
      271.8339927
      288.3767902
     -84.25580295
      13.82153961
     -1.030217329
     -189.3640617
      437.6340267
     -79.01016605
      9.203586089
    -0.4707719562
      66.93218841
      269.1290743
      9.246513554
     -8.526584387
      1.325242003
     -10.83794629
     -69.85365707
      208.7725398
     -46.63489796
      5.890940211
    -0.4952681295
     -268.4634807
      361.0189611
     -86.06675679
      15.40729205
     0.7265495485
      292.7950071
      96.41420606
     -79.95890036
      34.51882388
    -0.2011507772
     -153.7800161
     -348.5186504
      16.52341901
      67.89103608
    0.03310818533
      48.45902792
     -10.37671791
      164.3426528
      111.5097703
  -0.003440038118
     -8.109521722
      340.3613968
      151.8710294
      140.6955062
  0.0001498453348
    -0.4818240509
     -349.5698984
     -183.7425122
      119.5856468
  2.184580464E-05
     0.7993200633
      204.3426971
     -346.9448977
      50.45316181
    0.05000000000
     0.1000000000
     0.1500000000
     0.2000000000
     0.2500000000
   Q=    0.0000
