      0.000000000
      0.000000000
      0.000000000
      0.000000000
      0.000000000
    -0.9285746339
     0.4157380175
   -0.09831622165
   0.008877448889
  0.0001797929496
     -3.345471543
     0.5106509337
   0.005425550247
   -0.01911611809
   0.002382485029
     -6.597717701
    -0.1088119330
     0.1821603018
   -0.03608491250
   0.003453581961
     0.5990964249
     -2.050180948
     0.3429799881
   -0.05977298306
   0.009678129106
     0.6246391554
     -3.404422668
     0.1066993742
    -0.1424064389
    0.03015648533
    -0.3074863452
     -3.959879599
    -0.7523443461
    -0.5093884250
    0.07910894317
    0.01587826675
    0.07497458923
     -2.554745249
     -1.556244001
     0.1473490155
    0.02464491101
      3.725932286
     -3.820959970
     -3.555481924
     0.1542459033
   -0.01036900359
     -3.467670266
     -2.046556878
     -5.513803922
   -0.06430126890
   0.002275378769
      1.614462369
      2.674909012
     -4.770127004
    -0.5880371105
 -0.0003108384159
    -0.4214428332
      2.405635706
  -0.008876102481
     -1.141005034
  2.162524545E-05
    0.02677378409
     -5.993131812
      3.748626417
     -1.181450811
  1.380053347E-06
    0.02991631934
      5.548321612
     0.6618498569
    -0.6272470495
 -6.732740299E-07
   -0.01643518626
     -3.264994812
     -2.155480255
    -0.1203832650
    0.05000000000
     0.1000000000
     0.1500000000
     0.2000000000
     0.2500000000
   Q=    0.0000
