     -9.221110208
      8.198704767
     -4.099906854
      1.152922669
    -0.1402409276
     -24.97099453
      19.22312012
     -8.518171911
      2.142947005
    -0.2362954359
     -171.7824538
      65.77508171
     -24.01083143
      5.714510003
    -0.6232332989
      41.70775066
      90.68535455
     -42.88396799
      10.55167258
     -1.130799324
      181.4234787
      210.3016142
     -85.90093746
      19.98808630
     -2.103529105
     -97.34991952
      214.7553073
     -116.5131628
      31.66216815
     -3.665940294
      29.61272947
     -45.73727067
     -113.3452733
      47.90263585
     -6.711420711
     -4.304193313
      75.06936804
      3.303096546
      65.10211949
     -12.89658994
    -0.3581986502
     -164.0762608
      254.5101531
      83.64790645
     -26.09028325
     0.3523476779
      148.2643979
      107.6676357
      86.32403393
     -51.18910115
   -0.09545386607
     -75.69598700
     -270.3140245
      18.73460393
     -90.59501998
    0.01592359221
      24.46149927
      94.17757521
     -35.28907495
     -132.9357880
  -0.001743384239
     -4.652224162
      87.48617011
      36.49886116
     -140.7190789
  9.752197401E-05
    0.08924895272
     -125.7218703
     -19.04816419
     -88.89763388
  6.297293828E-06
     0.2899831740
      81.83234312
     -153.0556869
     -23.53514889
    0.05000000000
     0.1000000000
     0.1500000000
     0.2000000000
     0.2500000000
   Q=    0.0000
