      18.81328527
     -14.28964518
      4.283636594
    -0.3556963616
   -0.03492315694
      100.2932698
     -36.40297038
      4.117096893
     0.7302221885
    -0.1438105589
      516.7068643
     -69.64787705
     -2.141710704
      2.361772023
    -0.2053766692
      593.2910107
      55.00835442
     -28.64640665
      3.665088644
   -0.04644635579
     -116.0418825
      216.8498385
     -29.86171578
    -0.8362054590
     0.5184851571
     -38.94311196
      316.1700837
      4.086779319
     -11.28437649
      1.492778008
      31.71600475
      362.9469588
      105.1798582
     -30.83797975
      2.885832646
     -6.595482723
     -217.6358218
      266.4375950
     -49.10455465
      3.935790548
    -0.1277802741
     -83.61242881
      239.3950973
     -41.04691760
      4.169301584
     0.4171115772
      157.7684783
      19.40359550
      4.976139827
      4.671976685
    -0.1206717059
     -90.10115874
     -192.9735582
      91.30130726
      8.908147700
    0.01971211642
      28.08815097
     -49.61046496
      140.1256490
      21.95141515
  -0.001895272044
     -3.862936281
      275.8302730
      31.11832001
      38.42748123
  3.853985661E-05
    -0.8522991554
     -272.0203427
     -160.7292763
      38.87501335
  2.256110261E-05
     0.6834224083
      156.7635881
     -166.5741429
      17.41043980
    0.05000000000
     0.1000000000
     0.1500000000
     0.2000000000
     0.2500000000
   Q=    0.0000
