      0.000000000
      0.000000000
      0.000000000
      0.000000000
      0.000000000
     0.9575802888
     -1.680604732
      1.095149652
    -0.3067757612
    0.02935297451
      19.48944523
     -8.372808117
      2.474449932
    -0.2941668579
  -0.009125900753
      57.00833790
     -14.70710718
      2.142106174
     0.3473726944
    -0.1306472008
     -20.91990257
     -17.25392351
     -1.217093727
      2.587443727
    -0.4902005941
      1.283988782
     -28.43979325
     -12.18882570
      9.486799779
     -1.361074349
    -0.1143338142
      1.889615424
     -34.81924158
      26.32274492
     -2.847653025
     0.2925024514
      20.79071014
     -44.04266633
      59.29214607
     -4.130103098
    -0.1504844041
     -25.31436577
     -11.47665741
      107.7579667
     -2.169285960
    0.03876180587
      13.72454431
      46.82119013
      140.9521373
      8.005989382
  -0.005755333981
     -3.407078728
      30.23795946
      97.19063723
      27.63106772
  0.0004262302295
   -0.02559089898
     -62.28521018
     -35.17234961
      46.13270987
  3.108908205E-05
     0.4259850934
      52.64150441
     -106.4710868
      45.29652173
 -1.713707498E-05
    -0.2380412841
     -34.70894169
      27.95951830
      23.33017158
  3.555627168E-06
    0.08919385651
      19.37228168
      117.5094351
      3.942377441
    0.05000000000
     0.1000000000
     0.1500000000
     0.2000000000
     0.2500000000
   Q=    0.0000
