     -41.63220795
      39.19350314
     -18.95714827
      4.852285921
    -0.5198119179
     -115.0775164
      70.23465839
     -25.11079932
      5.093672620
    -0.4628355384
     -430.6427015
      159.6138489
     -56.46362349
      12.97717507
     -1.352575871
      684.3129277
      111.3765576
     -70.72211112
      16.93939256
     -1.670004434
      281.0959672
      365.7528444
     -124.4614810
      25.80560376
     -2.633181784
     -249.0516270
      371.7117082
     -97.42485877
      30.11734480
     -4.241795577
      86.65636217
      344.4905438
      12.76519196
      48.94356694
     -8.839128309
     -11.27848916
      165.9070046
      324.0981924
      106.4003164
     -18.11408251
     -1.958269778
     -591.6607093
      580.2609101
      250.3740843
     -31.62029651
      1.290307781
      513.9127960
      246.6001855
      423.3078089
     -41.15369062
    -0.3205293025
     -245.0556080
     -454.8274554
      417.2828278
     -38.05855316
    0.04927973317
      70.88853268
     -196.3414903
      92.45369675
     -24.90059744
  -0.004615259734
     -9.466196366
      694.2535669
     -223.5499891
     -15.80189832
  9.649240698E-05
     -2.027579771
     -661.7265180
     -171.3636942
     -10.75086975
  5.333370534E-05
      1.642287392
      386.2618670
     -77.51457030
     -2.418590187
    0.05000000000
     0.1000000000
     0.1500000000
     0.2000000000
     0.2500000000
   Q=    0.0000
