     0.4420640571
    -0.4686318941
     0.2291586444
   -0.05429513935
   0.004824207490
      2.671817730
     -1.365377163
     0.4066164506
   -0.05759109035
   0.001811045184
      11.06207151
     -3.336636014
     0.8012175035
   -0.09738206909
  0.0008089878029
      24.60033756
     -5.135663055
     0.8930544947
   0.008758190913
   -0.02605727038
    -0.7310362689
     -4.787990578
     0.6325322334
     0.3957959888
    -0.1067979567
     -4.310367092
     -2.948888565
     0.4679647924
      1.684563590
    -0.3288075284
      1.641385246
      14.82199493
      2.166120266
      5.489738943
    -0.7925754705
   -0.07464580843
      12.47070756
      11.49030893
      14.55286298
     -1.405088073
    -0.1091356664
     -23.35410604
      19.98618209
      30.14826815
     -1.478598849
    0.04426868628
      17.13657197
      10.96895594
      42.90828555
     0.3134894526
  -0.009516883002
     -7.265010656
     -10.03800905
      32.58010493
      4.486972700
   0.001295050951
      1.810947166
     -12.94057652
     -5.377291968
      8.715549356
 -9.356532486E-05
    -0.1133450754
      27.27315891
     -29.25733951
      8.836650533
 -4.491429090E-06
    -0.1235339358
     -24.59615420
     0.9208378103
      4.430838910
  2.558804071E-06
    0.06766541335
      14.46422615
      23.90416500
     0.6516779500
    0.05000000000
     0.1000000000
     0.1500000000
     0.2000000000
     0.2500000000
   Q=    0.0000
