      0.000000000
      0.000000000
      0.000000000
      0.000000000
      0.000000000
      5.754130108
     -2.388297915
     0.3903832014
    0.05074137846
   -0.02006938160
      20.53352353
     -2.777240969
    -0.6539019562
     0.4235594521
   -0.06408519118
      40.59334890
     0.3902547384
     -3.289516835
      1.202619686
    -0.1511731440
     -30.09460212
      7.469123575
     -9.842217739
      3.054239351
    -0.3312700939
      9.269734491
     -7.065427783
     -24.37016355
      6.735376020
    -0.6303659688
     -1.712504796
     -26.30937600
     -52.42742576
      12.67511293
     -1.059346476
    -0.1804128697
     -14.87270352
     -73.51506485
      19.95727740
     -1.601773750
     0.1915613254
      26.37676479
     -39.83346356
      28.15210740
     -2.198929488
   -0.06331981377
     -20.28985991
      40.78264462
      34.69622789
     -2.574411692
    0.01366376968
      10.29223718
      34.46094140
      25.77184605
     -2.595451350
  -0.002056348860
     -3.456245011
     -42.43378452
     -10.47901599
     -3.195139717
  0.0002047226694
     0.7172191626
      14.80060680
     -31.40620880
     -5.323801249
 -8.669286879E-06
   -0.04791407739
      1.897127539
      11.01474530
     -6.390495041
 -1.245808335E-06
   -0.02690397164
     -4.351419188
      35.70018462
     -3.300064239
    0.05000000000
     0.1000000000
     0.1500000000
     0.2000000000
     0.2500000000
   Q=    0.0000
