    -0.4743897478
     0.4503353713
    -0.1998997501
    0.04316990760
  -0.003480405093
     -1.759049699
     0.8821749189
    -0.2445067033
    0.02997985920
 -0.0002812457800
     -6.240098194
      2.068706408
    -0.5367481327
    0.06721538047
 -0.0008494096746
     -2.506287058
      2.655522360
    -0.5091357800
   -0.02239237689
    0.01425165792
      8.229778172
      5.991726514
    -0.2887782422
    -0.2299743974
    0.03857188954
     -3.936392673
      9.086326083
      1.613289904
    -0.7270080857
    0.08127160542
      1.245273881
      3.413535172
      4.961371964
     -1.379145060
     0.1319337186
    -0.2224639382
     -2.468674177
      6.701011817
     -2.074534506
     0.1846717548
   0.007897573141
     -2.154864489
      3.903268038
     -2.637181155
     0.1998499201
   0.007896183723
      3.348629118
     -2.841972346
     -2.516845047
     0.1147942965
  -0.002687979744
     -2.066857505
     -3.866174049
    -0.8924555150
   -0.08299538556
  0.0005062667630
     0.7757404686
      3.119491010
      2.012683407
    -0.2470052558
 -6.384112473E-05
    -0.1860673969
     0.6584953223
      2.424157937
    -0.1570323859
  5.113480355E-06
    0.02232082775
     -2.180961727
     -2.177548584
    0.09010942131
 -1.055120950E-07
   0.003018912897
      1.655480106
     -4.072818890
     0.1260526913
    0.05000000000
     0.1000000000
     0.1500000000
     0.2000000000
     0.2500000000
   Q=    0.0000
