      0.000000000
      0.000000000
      0.000000000
      0.000000000
      0.000000000
      1.917205341
    -0.6354224514
    0.03366324473
    0.02831686639
  -0.004182854850
      7.499304436
    -0.2398610910
    -0.3879673068
    0.08480489964
  -0.001999044657
      19.15068468
      3.004779075
    -0.9753398573
    0.02338727567
    0.01566778932
      2.376065601
      12.47746292
    -0.7214078961
    -0.3339668010
    0.05139970047
     -3.496270251
      19.85432946
      3.240696460
     -1.114371427
    0.09465123716
      1.416393403
      16.35496963
      12.03780758
     -1.858373933
     0.1145733994
   -0.07532371305
    -0.2289295639
      21.93117035
     -1.466087553
     0.1142974766
    -0.1046626585
     -15.44647132
      21.18157572
      1.294419722
     0.2092488186
    0.04494133463
      14.90007116
   0.009245803555
      5.748006084
     0.6664712019
   -0.01014592233
     -7.340855349
     -18.23518743
      7.888038398
      1.669353700
   0.001445739103
      2.094545826
      1.303969096
      4.402192481
      2.852278451
 -0.0001135888735
    -0.2300379517
      17.47382756
     -2.018329318
      3.289393284
 -2.949563254E-06
   -0.09296164712
     -19.37125598
     -6.288985218
      2.412804195
  2.526285521E-06
    0.06114369080
      11.89790165
     -5.809861482
     0.8900312431
    0.05000000000
     0.1000000000
     0.1500000000
     0.2000000000
     0.2500000000
   Q=    0.0000
