      0.000000000
      0.000000000
      0.000000000
      0.000000000
      0.000000000
  -0.005630506581
   0.002689985725
 -0.0007101835958
  7.866034145E-05
  1.644645233E-07
   -0.01813826653
   0.002685642285
  0.0001968070384
 -0.0001815981098
  2.360234703E-05
   -0.02055361771
  -0.003636236339
   0.001986844166
 -0.0003909081086
  2.824336786E-05
    0.02057278809
   -0.01592957482
   0.003851549558
 -0.0005168145626
  2.613490402E-05
  -0.007462759716
   -0.02109873721
   0.004375370343
 -0.0004047625807
 -6.307341375E-06
  0.0006358868598
   0.002871592222
   0.003550764670
  0.0001482150667
 -0.0001066486431
  0.0005745835584
    0.04171838524
   0.007614608648
   0.001602406857
 -0.0003304248044
 -0.0002870485253
   -0.04392695932
    0.01715337692
   0.005468220711
 -0.0006871424235
  7.532603194E-05
    0.02532348558
   0.005562040854
    0.01117894819
 -0.0009333257687
 -1.321120396E-05
  -0.009428286044
  -0.008678646322
    0.01143499169
 -0.0007212836914
  1.549987915E-06
   0.002142075682
   -0.01284200997
   0.001955087365
 -0.0001635838484
 -8.887206771E-08
 -0.0001086568259
    0.02669173701
  -0.009177723140
  0.0001605326195
 -8.652041973E-09
 -0.0001413758286
   -0.02339280674
  -0.002816625293
 -6.561165402E-05
  3.227961048E-09
  7.278942391E-05
    0.01330998249
   0.003022497360
 -7.297960374E-05
    0.05000000000
     0.1000000000
     0.1500000000
     0.2000000000
     0.2500000000
   Q=    0.0000
