     -2.112073979
      2.163312727
     -1.172173665
     0.3454629327
   -0.04339522853
     -8.631761329
      5.795642439
     -2.494909699
     0.6299462336
   -0.07057524913
     -40.95534178
      17.16547358
     -6.612942155
      1.631211155
    -0.1830327944
     -32.99237966
      28.99077311
     -12.11221087
      2.920122656
    -0.3136986296
      37.84905725
      52.12517015
     -21.42943454
      4.995017799
    -0.5197394387
     -12.72296261
      51.02641568
     -27.87171295
      6.817256761
    -0.6978273557
      3.559204119
     -26.12228244
     -25.25619176
      6.209046674
    -0.6201792538
    -0.8698741832
     -14.87509364
     -7.726507786
     -2.733018135
     0.2141422924
     0.1388518389
      11.29638078
      23.91819306
     -25.78484631
      2.316543673
  -0.006882937092
    -0.4723963070
     -5.365479054
     -55.06357130
      5.960918971
  -0.003115939015
     -2.910622235
     -37.33461365
     -58.45613643
      11.26645617
   0.001082529501
      1.991533818
      44.98704416
      3.766130047
      18.33076757
 -0.0002080852955
    -0.8125272354
     -32.26367046
      66.68081053
      25.52199613
  2.954691182E-05
     0.2499470381
      18.69367319
     -5.242775937
      24.98646642
 -3.339306399E-06
   -0.06228314510
     -9.139598634
     -71.91006235
      11.64041862
    0.05000000000
     0.1000000000
     0.1500000000
     0.2000000000
     0.2500000000
   Q=    0.0000
