    -0.7362821888
     0.1561714086
     0.1304085283
   -0.08940548315
    0.01701028918
     -1.685102561
     0.9449316557
    0.03312261419
    -0.1365371742
    0.02811637694
     -37.79925338
      5.819049660
     0.3911136446
    -0.4885748148
    0.08247245259
     -2.542839142
     -2.022126932
      2.463105446
    -0.9611654452
     0.1392017153
      17.40149341
      8.129853191
      1.801575410
     -1.434545688
     0.2359735739
     -8.083761772
      15.06261057
      2.818105832
     -2.137460052
     0.3611867285
      2.002083634
     -12.89593945
    -0.2711754378
     -1.286522462
     0.4345472229
    -0.1611153754
      19.86335298
     -6.183188084
      2.929075770
     0.4363709136
   -0.06994479102
     -20.83251077
      14.41442407
      13.53871070
     0.3489376262
    0.03325313172
      14.14625776
      17.16509445
      28.41802831
     0.2469837648
  -0.007791039200
     -6.299706950
     -22.32992791
      23.37904242
    -0.5543003621
   0.001208182523
      1.879195708
      6.506654073
     -10.02543967
     -4.192099507
 -0.0001238267808
    -0.3254059501
      7.547949426
     -19.56661991
     -9.797850646
  5.570526903E-06
  -0.008938784575
     -10.87476503
      7.010906615
     -10.50464796
  7.723936635E-07
    0.02842226784
      7.559252616
      10.21951913
     -4.442115651
    0.05000000000
     0.1000000000
     0.1500000000
     0.2000000000
     0.2500000000
   Q=    0.0000
