      6.828848508
     -6.477006885
      3.057961734
    -0.7509872138
    0.07733261295
      17.73282734
     -10.65919750
      3.878050032
    -0.8307550348
    0.08077453216
      39.00902527
     -26.68817665
      12.15272433
     -2.865576621
     0.2578512719
     -305.6900994
     -63.18762366
      29.52935340
     -4.721291280
     0.2021995924
     -1119.556781
     -324.4991323
      66.24116513
     -3.927053517
    -0.2225536704
      694.4258405
     -980.7785046
      43.04287191
      10.98543652
     -1.150108652
     -227.2056461
     -1106.678079
     -232.2609414
      40.07136534
    -0.9157410695
      32.38656891
     -28.98952420
     -758.2425025
      39.44966614
      3.884175876
      3.059403527
      1136.543242
     -1093.743092
     -67.17948954
      15.11843610
     -2.684821481
     -1074.303030
     -355.3092557
     -309.1789832
      28.06510136
     0.6981788179
      532.3951774
      943.4733327
     -501.5582488
      29.24785892
    -0.1109987535
     -160.9357501
      291.6739831
     -376.0884028
      9.487454615
    0.01107070396
      24.85661041
     -1323.225771
      39.25348763
     -23.81298093
 -0.0003970940648
      2.676181275
      1289.265225
      484.7747524
     -46.33530109
 -8.947077090E-05
     -3.032398824
     -753.0439229
      610.5662460
     -32.42875550
    0.05000000000
     0.1000000000
     0.1500000000
     0.2000000000
     0.2500000000
   Q=    0.0000
