      0.000000000
      0.000000000
      0.000000000
      0.000000000
      0.000000000
     -4.737120674
      2.727328887
     -1.007463700
     0.2149210356
   -0.01990016758
     -14.37138494
      4.403540588
     -1.189695303
     0.1965131817
   -0.01259811698
      29.52751097
      2.078596741
     -1.419436979
     0.2273873247
  -0.007215549366
      11.32328420
      15.42230482
     -2.633208044
    0.01251981890
    0.03727437116
     -8.861632135
      17.92992704
      2.179624760
     -1.211709071
     0.1387486614
      2.679595878
      32.40001546
      12.00346026
     -3.055717823
     0.2528930929
    0.06008563837
      12.19281995
      34.01328613
     -5.416493447
     0.3396883004
    -0.2732550677
     -40.73316026
      40.58115042
     -4.601318775
     0.2348165466
     0.1008026801
      33.59122463
      6.201887655
     0.1380521252
    0.01741174141
   -0.02132746276
     -15.39629919
     -35.95021680
      7.560736201
    -0.1743019579
   0.002889829262
      4.127073177
     -3.821571585
      11.34440302
     0.1541528030
 -0.0002083347948
    -0.3709754115
      40.66323651
      5.237430431
      1.138498804
 -9.440776787E-06
    -0.2169390658
     -41.23650561
     -14.30766038
      2.046139935
  5.430629211E-06
     0.1282616425
      24.21879840
     -24.19653018
      1.398750749
    0.05000000000
     0.1000000000
     0.1500000000
     0.2000000000
     0.2500000000
   Q=    0.0000
