      0.000000000
      0.000000000
      0.000000000
      0.000000000
      0.000000000
     -2.598789586
    0.01521582423
     0.7998199919
    -0.4009856289
    0.06528454527
      24.31595744
     -14.06214206
      6.389978335
     -1.675656948
     0.1884014227
     -23.30039207
     -30.44534946
      14.27550242
     -3.370443420
     0.3425400899
      3.917203101
     -91.79557333
      31.72892354
     -6.466276976
     0.5983104955
     -4.518348788
     -93.81720387
      40.91554864
     -8.714614391
     0.7914453885
     0.4537203023
      65.34564522
      42.06204498
     -9.324450079
     0.8651661063
     0.4252719658
      14.40001331
      26.92825525
    -0.6571701531
     0.5908991229
    -0.1732392409
     -24.23884160
     -44.03725641
      23.65069628
     0.7690849561
    0.03322739135
      9.659682922
     -21.29672081
      53.22025424
      3.429313458
  -0.003595418361
     -1.341425797
      74.60970342
      63.55642064
      10.33387621
  0.0001273926131
    -0.3968816731
     -63.37478868
      6.642311583
      18.86221196
  3.672890759E-05
     0.3210814176
      36.32336996
     -77.08776394
      18.91337370
 -1.044357185E-05
    -0.1321674116
     -19.00744960
      1.553814402
      6.865871901
  1.789542221E-06
    0.04340872320
      9.788634987
      100.0385997
     -1.526397940
    0.05000000000
     0.1000000000
     0.1500000000
     0.2000000000
     0.2500000000
   Q=    0.0000
