      0.000000000
      0.000000000
      0.000000000
      0.000000000
      0.000000000
      23.41192645
     -11.22490649
      2.980775396
    -0.3222393947
  -0.006113773614
      71.79432001
     -14.57367238
      1.017964703
     0.4789871052
    -0.1067505445
      85.73573104
     -10.57230880
     -2.219239346
      1.635114974
    -0.2625304540
     -46.01410043
     -10.58080773
     -10.88796198
      4.936868923
    -0.6505317747
      8.258110004
     -22.85726420
     -33.79137703
      12.03343983
     -1.313138555
    -0.4183530662
      9.897241032
     -71.74452784
      24.53103058
     -2.163141151
    -0.2676679738
     -21.61135571
     -85.85075064
      44.17160374
     -2.409189143
    0.08713159793
      10.37937878
     -39.95770302
      72.05271666
     0.4624743199
   -0.02105024605
     -6.122856090
      65.29430066
      94.24635967
      10.89149763
   0.005254568758
      4.874187946
      51.73606726
      75.60784244
      31.00507309
  -0.001099665290
     -2.602724320
     -92.03889146
     -10.59448566
      52.56112362
  0.0001800839477
     0.9723567090
      66.94389861
     -78.11670637
      56.38582622
 -2.381193188E-05
    -0.2831736546
     -35.04932693
      11.24146762
      34.56645796
  2.653586962E-06
    0.06906220566
      15.26672894
      87.09493578
      8.909279461
    0.05000000000
     0.1000000000
     0.1500000000
     0.2000000000
     0.2500000000
   Q=    0.0000
