      0.000000000
      0.000000000
      0.000000000
      0.000000000
      0.000000000
      28.62109223
     -15.57998058
      5.384762560
     -1.069698003
    0.09243482813
      51.63608339
     -17.79786548
      5.446647117
     -1.046103534
    0.08745342785
     -50.16610886
     -27.31134126
      12.35424387
     -2.520812894
     0.2022957942
      43.06100846
     -71.95733004
      24.08769441
     -4.250915697
     0.2772240919
     -20.45015225
     -24.25534678
      38.40868472
     -7.368467425
     0.3435855218
      5.320268920
      124.3083785
      81.73099240
     -12.01774659
  -0.001149418582
     0.1360514659
      5.760190636
      135.6666704
     -12.07121355
     -1.584553145
    -0.4716882817
     -64.35768422
      73.27472787
     -5.128035652
     -5.507989351
     0.1681721465
      54.05324931
     -54.19481456
     -2.772639013
     -13.28367927
   -0.03572992489
     -25.78217693
     -43.93560471
    -0.7179849249
     -25.20265441
   0.005048298663
      7.614373335
      24.06357897
      12.87781789
     -35.63656383
 -0.0004248352943
     -1.098022219
      31.09367211
      9.108727902
     -34.83973060
 -8.759257285E-08
    -0.1730511614
     -45.85338701
     -22.07390357
     -21.14580106
  6.789328562E-06
     0.1604967635
      30.61654476
     -28.66051156
     -6.006997822
    0.05000000000
     0.1000000000
     0.1500000000
     0.2000000000
     0.2500000000
   Q=    0.0000
