      0.000000000
      0.000000000
      0.000000000
      0.000000000
      0.000000000
      66.53196027
     -36.38360235
      13.01775241
     -2.712263848
     0.2451175742
      2.690809839
     -19.57591321
      9.361108113
     -1.938943095
     0.1408157053
     -326.6640187
     -56.22674641
      25.57612768
     -4.127334861
     0.2250165117
     -6.843512935
     -182.8945140
      32.04133587
     -1.805076668
    -0.1051803291
      40.65564075
     -217.9973460
      7.469542049
      3.470837788
    -0.4206695159
     -17.26232426
     -190.5358214
     -56.23196237
      12.03267285
    -0.7200367929
     0.9573437276
      3.311133135
     -175.7031509
      17.35528540
    -0.2569153795
      1.294940945
      194.3474697
     -238.0888335
     0.7901095153
      1.488969296
    -0.5542188260
     -185.1848127
     -73.99689847
     -43.58852949
      3.556071432
     0.1234416096
      88.89007843
      221.4040610
     -85.58853682
      3.416040796
   -0.01712963115
     -24.10553456
      44.08706264
     -67.40374703
     -1.098965457
   0.001241740651
      1.995227175
     -271.7230210
      2.144720094
     -7.788208024
  6.117732447E-05
      1.417790780
      268.7765807
      89.28468715
     -11.57591128
 -3.397327380E-05
    -0.8162132339
     -156.9929267
      118.5175958
     -7.189318881
    0.05000000000
     0.1000000000
     0.1500000000
     0.2000000000
     0.2500000000
   Q=    0.0000
