     -1.152243507
      1.156950662
    -0.4926992922
    0.09479337146
  -0.006261252816
     -6.997999758
      2.902052002
    -0.5937692448
    0.03033264876
   0.004346014651
     -24.31279918
      5.488107265
    -0.7942831047
    0.01576611425
   0.008452457247
     -52.51850002
      6.325812125
     0.1200814284
    -0.3333113778
    0.04932157442
      20.16625839
      4.870121187
      2.730809899
     -1.175655467
     0.1215633673
     -2.191122763
      16.57532545
      8.777897998
     -3.219067801
     0.2272419551
     0.2632672723
     -3.082396464
      18.26295727
     -7.804749613
     0.1807331623
    -0.3998508323
     -30.77343948
      8.455618838
     -18.07530745
    -0.8574286250
     0.2021220876
      35.33704638
     -27.03970010
     -39.33697437
     -5.283797912
   -0.05671730851
     -21.59600499
     -31.82829369
     -63.02394034
     -16.99595865
   0.009994162100
      7.704582373
      16.51429073
     -53.86146638
     -36.81145943
  -0.001042895566
     -1.330804410
      24.89345087
      5.200583434
     -55.30932729
  1.329601078E-05
    -0.2265318369
     -43.50329741
      45.38946483
     -55.74739833
  1.906498731E-05
     0.2566688925
      35.92780839
     -3.749420665
     -33.95989395
 -4.493630118E-06
    -0.1052752594
     -20.01099048
     -41.94133955
     -9.411459634
    0.05000000000
     0.1000000000
     0.1500000000
     0.2000000000
     0.2500000000
   Q=    0.0000
