    -0.3632376084
     -2.481278700
      1.861704156
    -0.5741357491
    0.06968379742
     -16.18341715
      9.923155069
     -2.258329167
    0.07000425280
    0.03317137126
     -264.5832406
      43.29403025
    -0.9074509520
     -1.637624853
     0.2697608864
      46.78102247
      15.99703762
      3.653760467
     -3.121012560
     0.4520236177
      430.4878813
      206.3275434
      4.096067383
     -9.894496552
      1.142435541
     -244.1472927
      501.4822991
      96.81181885
     -27.58709414
      1.818774640
      80.57312756
      338.9494491
      303.6989208
     -40.59362946
      1.359058256
     -12.99004636
     -80.28609907
      457.9395725
     -23.09899525
    -0.7935914567
    -0.3009112387
     -272.7620544
      341.5449667
      44.97284810
     -4.307623238
     0.7445522763
      303.2243929
     -72.72125305
      147.4056305
     -7.247330519
    -0.2150829826
     -164.7567744
     -283.1506910
      195.1226337
     -8.001374068
    0.03697324906
      55.33107678
      74.14933408
      91.11491684
     -9.347631633
  -0.004154242938
     -10.92329361
      237.4745907
     -90.95367397
     -15.39542956
  0.0002443849025
     0.2965395914
     -300.8247676
     -127.6633184
     -19.37824734
  1.318239494E-05
     0.6645058164
      197.0343955
     -40.61894531
     -10.39860789
    0.05000000000
     0.1000000000
     0.1500000000
     0.2000000000
     0.2500000000
   Q=    0.0000
