      15.12390479
     -12.92180688
      5.783606282
     -1.359499168
     0.1296977123
      50.63575277
     -29.87909067
      9.588496092
     -1.595154539
     0.1043126123
      316.3625035
     -84.41283136
      20.33493387
     -3.327583832
     0.2634702820
      43.48628194
     -55.85471177
      19.64406574
     -3.741851854
     0.3079085697
     -125.2811576
     -122.9049399
      36.96301465
     -6.641586518
     0.6134704379
      49.38585684
     -73.66106247
      31.67303307
     -10.43709413
      1.496867824
     -10.62113604
      142.7896519
      30.02821009
     -27.58988752
      4.523298842
     0.8570152413
     -138.7002128
      7.225359888
     -67.68913944
      11.88439130
     0.3015541691
      107.7581200
     -118.7643116
     -138.5683732
      27.34356529
    -0.1529091015
     -68.50605281
     -50.40217283
     -197.8226626
      54.60631892
    0.03798936351
      31.73653978
      128.0845469
     -111.9747404
      96.58452126
  -0.006433945512
     -10.62332186
     -87.86147852
      97.51724148
      148.0950344
  0.0007743869178
      2.440967187
      17.38872131
      123.2589554
      175.7617825
 -5.876224209E-05
    -0.2707358931
      22.17748514
     -57.23060053
      135.0742452
  3.403103837E-07
   -0.05803910455
     -25.57597856
     -89.83989007
      48.91730037
    0.05000000000
     0.1000000000
     0.1500000000
     0.2000000000
     0.2500000000
   Q=    0.0000
