      0.000000000
      0.000000000
      0.000000000
      0.000000000
      0.000000000
      205.5275116
     -114.1075074
      40.84208400
     -8.502264908
     0.7800008599
      642.1076386
     -175.3605602
      40.06455072
     -5.701350667
     0.3457973731
      950.5574430
     -166.9596414
      33.32036628
     -4.304132221
     0.1997125364
     -314.0104179
      7.810973229
     -16.02334243
      7.252232759
     -1.099299210
      3.415453762
      290.8923393
     -135.4546933
      35.10178621
     -4.008879878
      24.64993805
      458.5449946
     -311.6218390
      89.52680621
     -10.19806133
     -5.035299848
     -305.6556494
     -371.1070462
      182.9802280
     -21.88697907
    -0.7134199283
     -116.7098505
     -13.23868169
      325.7428165
     -40.31516892
     0.5404741422
      186.1719179
      607.7753753
      481.8896201
     -61.88746934
    -0.1251532211
     -83.45176928
     -32.30411706
      456.0489710
     -77.30430234
    0.01540580000
      14.73473629
     -644.6625306
      26.74420392
     -82.60327887
 -0.0004623412311
      3.864010436
      814.9236037
     -325.6275450
     -81.28437474
 -0.0002407915750
     -3.810758727
     -597.0150852
     -74.22463767
     -60.11260174
  6.299611339E-05
      1.547468148
      306.7637950
      66.46505506
     -19.71558273
    0.05000000000
     0.1000000000
     0.1500000000
     0.2000000000
     0.2500000000
   Q=    0.0000
