    -0.1420624808
     0.4763795576
    -0.2421348856
    0.03866924444
   0.001003695323
      3.687379064
     -2.446140766
     0.9131597445
    -0.2339772694
    0.03336642851
      55.25207725
     -10.16377485
      1.662347175
    -0.4060834724
    0.07685944325
      62.35737610
     -6.771699645
      3.207492851
     -1.463863228
     0.2528125954
     -35.49385433
     -16.92250616
      9.152372473
     -3.497363784
     0.5764578594
      8.060133399
     -38.71696123
      11.52456044
     -6.396000972
      1.272876736
     -1.853786330
      18.88147820
      2.421069270
     -9.943520397
      2.781715448
     0.7242721701
      29.78275825
     -1.771988321
     -9.060678805
      6.185684478
    -0.2329875592
     -33.98257364
      2.318437412
      10.37459624
      14.26623612
    0.05074233013
      17.83973032
      22.63307786
      50.84976250
      31.58704772
  -0.006831997145
     -4.775419796
      14.84955093
      73.06132681
      58.92305014
  0.0003128034866
   -0.02052857046
     -52.68035574
      16.84039205
      83.51025359
  0.0001023058965
     0.6686332584
      59.51639388
     -63.56904987
      81.43596248
 -3.272446505E-05
    -0.3649408887
     -42.75014256
     -6.517683396
      47.11711372
  5.686066594E-06
     0.1247664006
      22.19694797
      70.32650816
      11.66280721
    0.05000000000
     0.1000000000
     0.1500000000
     0.2000000000
     0.2500000000
   Q=    0.0000
