      0.000000000
      0.000000000
      0.000000000
      0.000000000
      0.000000000
      108.7982981
     -63.20962946
      23.84350232
     -5.165770299
     0.4770882630
      182.7795296
     -87.60311402
      31.15971926
     -5.966611209
     0.4368803326
     -330.1798103
     -175.4518032
      66.41589404
     -10.65194437
     0.6106732069
     -9.000653728
     -486.4439997
      101.5198596
     -9.979689396
     0.2420376338
      18.33697160
     -457.5467539
      62.03758899
     -2.983624545
    -0.2049962945
     -9.140654225
      151.0571536
     -13.73663853
      3.814545841
    -0.4445548182
     0.7384926731
     -60.00170236
     -102.9413917
      9.458384332
     0.4324355259
     0.7671207059
      126.4498992
     -295.6768920
     0.6414037545
      5.474503685
    -0.3702107777
     -127.8563215
     -75.49134478
     -38.81774864
      18.94445633
    0.08920960663
      67.53205676
      340.1263724
     -36.75364750
      44.18756022
   -0.01340832837
     -20.73630051
     -154.2586627
      2.498742927
      78.39991329
   0.001152253667
      2.889357771
     -81.16051013
     -28.81888017
      96.18101910
  6.004957428E-06
     0.6003270578
      142.9509934
      36.32114970
      68.60257910
 -2.046158080E-05
    -0.4985347668
     -96.17332899
      138.0549639
      20.74047768
    0.05000000000
     0.1000000000
     0.1500000000
     0.2000000000
     0.2500000000
   Q=    0.0000
