      0.000000000
      0.000000000
      0.000000000
      0.000000000
      0.000000000
     -22.04759164
      14.35935050
     -6.256272945
      1.558413104
    -0.1611312008
     -85.10842400
      32.94543450
     -10.11942686
      1.590369909
   -0.05539736889
     -93.46421575
      49.81410732
     -9.885599337
    -0.3962022463
     0.3218225010
      110.3180907
      75.61230792
      10.66450305
     -9.104887410
      1.361533410
     -35.82913771
      80.86264788
      93.42052642
     -29.67228224
      3.100250355
      7.140091628
      65.95796283
      248.8481820
     -56.69378714
      4.592335727
     0.7063232537
      78.08002266
      374.1119788
     -68.26793893
      3.614089810
    -0.8268344092
     -115.9166282
      208.8632187
     -35.25458387
     -3.462848883
     0.2867911720
      91.75029193
     -212.4289868
      27.36988919
     -20.57233863
   -0.06437076775
     -48.33028385
     -141.7859579
      55.70981025
     -50.01205039
    0.01011326792
      17.01316975
      210.0782777
      11.29322908
     -84.87234200
  -0.001068140922
     -3.763974354
     -84.17719414
     -68.09115308
     -103.8025078
  5.262804717E-05
     0.2936323303
     -10.86245049
     -27.07616669
     -85.06870172
  5.794630432E-06
     0.1456698790
      31.13307936
      94.94828979
     -35.61635164
    0.05000000000
     0.1000000000
     0.1500000000
     0.2000000000
     0.2500000000
   Q=    0.0000
