      0.000000000
      0.000000000
      0.000000000
      0.000000000
      0.000000000
     -192.0122768
      110.8870734
     -42.35716754
      9.602055799
    -0.9716902865
     -105.8768250
      83.47657830
     -39.09655651
      9.673142809
    -0.9797844500
      628.5487306
      193.1888925
     -103.2609029
      23.18836120
     -2.077812750
     -155.4469016
      468.3668820
     -176.8360745
      33.79970651
     -2.549922243
      18.60153691
      302.3282613
     -265.7216181
      49.68771967
     -3.136120590
      3.578069753
     -193.3217646
     -400.3979900
      56.06651287
     -2.208023189
     -1.433392532
     -9.683439364
     -394.4346701
      33.23135681
    -0.3432390192
    -0.1852451740
     -53.29921293
      59.10233265
      1.220368945
     0.2552026916
     0.1691958715
      65.92796214
      384.7357868
      31.97161154
     -2.004069437
   -0.03927900672
     -27.32982172
     -124.1275321
      96.49075896
     -4.497467861
   0.004263963583
      3.009760853
     -247.2695152
      69.64116152
     -5.823893810
  7.827442167E-05
      2.532311110
      349.3904176
     -10.51329567
     -6.491668229
 -0.0001224796966
     -1.741925233
     -249.9828904
     -71.80820876
     -2.946994089
  2.645408813E-05
     0.6362518778
      120.9661448
     -116.4870179
      1.603793133
    0.05000000000
     0.1000000000
     0.1500000000
     0.2000000000
     0.2500000000
   Q=    0.0000
