     -3.522197895
      5.370596338
     -3.443727205
      1.102494079
    -0.1437328834
     -47.13706085
      26.94360918
     -10.60535886
      2.438434332
    -0.2370084568
     -173.7599642
      71.31007060
     -24.48365090
      5.013860624
    -0.4270977845
     -435.2681606
      160.3736618
     -44.69792452
      6.529796074
    -0.2967699965
      709.3521827
      255.2573092
     -49.19418507
      1.343297273
     0.5634265222
     -325.4500126
      500.9564195
      5.810840565
     -18.12304817
      2.453782200
      95.52303151
      240.9298218
      214.8520695
     -54.85868475
      4.973351258
     -14.80766831
     -8.071542942
      430.7139228
     -83.56537789
      6.093380143
    -0.2494740952
     -317.1965867
      404.4793264
     -68.79635582
      2.810652373
     0.7911311632
      329.3215299
     -131.1166623
      17.96539997
     -8.243816941
    -0.2319299373
     -179.2573978
     -323.6830775
      111.9127554
     -26.58395022
    0.04074951583
      62.00498672
      165.2105052
      124.7457671
     -46.38524030
  -0.004799947946
     -13.39187743
      156.6477383
     -16.15076513
     -54.24901580
  0.0003331096049
      1.034022961
     -251.9795784
     -152.4598020
     -42.58863488
  3.319458041E-06
     0.4876009381
      175.2600167
     -85.58278963
     -17.29749238
    0.05000000000
     0.1000000000
     0.1500000000
     0.2000000000
     0.2500000000
   Q=    0.0000
