      0.000000000
      0.000000000
      0.000000000
      0.000000000
      0.000000000
     -52.48981605
      21.52760334
     -3.642072886
    -0.2884389687
     0.1364657495
     -118.4902408
      13.48417005
      4.725554805
     -2.502510257
     0.3419425165
     -22.69310221
     -5.343466826
      14.15582794
     -5.200608285
     0.5848302549
      130.9592474
      26.71172412
      38.79270698
     -11.30845575
     0.8061253585
     -56.82242280
      105.8348479
      112.0658211
     -17.19169646
    0.01037977999
      12.53857366
      129.6361963
      246.4076129
     -7.032432568
     -3.395539378
      1.483995573
      145.1238349
      359.0759939
      43.44865683
     -11.12326354
     -1.680122253
     -246.5174070
      283.0814272
      132.2673825
     -24.21762936
     0.5643970049
      186.3137194
     -96.66880731
      186.0689180
     -44.01374893
    -0.1186057008
     -87.30411687
     -233.4088029
      96.93974790
     -72.96060029
    0.01688632902
      26.19134730
      153.2046231
     -66.67422875
     -107.1026883
  -0.001471596795
     -4.117082537
      52.91456400
     -83.86395761
     -121.4068455
  1.204047296E-05
    -0.4187232384
     -130.4365074
      11.61827719
     -88.44281395
  2.117965100E-05
     0.5049007992
      98.23607483
      18.47490845
     -30.11417497
    0.05000000000
     0.1000000000
     0.1500000000
     0.2000000000
     0.2500000000
   Q=    0.0000
