      0.000000000
      0.000000000
      0.000000000
      0.000000000
      0.000000000
     -17.28253429
      5.453585735
     0.2343130586
    -0.6025680257
     0.1120927364
     -30.49720207
     -3.131816487
      5.207152448
     -1.736280717
     0.2054400952
      9.637180663
     -17.75041385
      11.43405349
     -3.265503825
     0.3402111745
      46.40827498
     -16.58969331
      24.58314374
     -6.113220764
     0.4580945001
     -24.32825420
      16.89505345
      54.66261183
     -7.993329942
     0.2015095876
      5.533503064
      74.83392841
      104.3746589
    -0.8961101105
    -0.6998099034
     0.7648678026
      67.98185249
      143.5137743
      28.43775891
     -1.539933117
    -0.7944869766
     -117.5260583
      102.2208189
      82.50042928
     0.7311614805
     0.2598530736
      85.76850968
     -31.25949373
      124.7512880
      10.57346713
   -0.05316267368
     -38.46839012
     -67.32721151
      89.02308616
      27.92962142
   0.007333443494
      10.94031122
      23.32625499
     -23.82850001
      42.04629874
 -0.0005986636867
     -1.475375959
      53.97819421
     -83.16101260
      38.39568716
 -4.739927248E-06
    -0.3094637371
     -74.23516898
      8.508832677
      18.58270297
  1.083104414E-05
     0.2595086092
      51.36878507
      72.41158078
      2.896299822
    0.05000000000
     0.1000000000
     0.1500000000
     0.2000000000
     0.2500000000
   Q=    0.0000
