     -15.27952908
      16.26207768
     -7.674200222
      1.713209899
    -0.1407503067
     -89.45883997
      40.20220624
     -9.691836544
     0.8933861042
    0.01852061575
     -265.3625086
      65.73371167
     -12.66538197
      1.397092471
   -0.05088582890
     -377.6681101
      56.97045068
     -6.303061094
    -0.6365032091
     0.2168415797
      1083.965660
      34.65083744
     0.9844288600
     -3.591300265
     0.4379361794
     -562.7061278
      432.5149637
      11.79927068
     -8.895522051
     0.2728646337
      164.1636966
      647.1089645
      163.0530454
     -13.27804782
     -2.004032919
     -20.52239414
      290.3205833
      446.6144012
      24.66091161
     -9.739176574
     -2.851273739
     -951.0757273
      685.3021502
      150.5138874
     -23.78660520
      1.976869696
      795.8481243
      264.2560508
      353.1736758
     -39.46042553
    -0.4927753148
     -376.3776401
     -541.3138211
      427.0761411
     -45.59717978
    0.07682292169
      111.0568355
     -301.7033630
      186.6076114
     -37.74710514
  -0.007577190680
     -16.84103505
      952.0778726
     -157.8774211
     -21.00369888
  0.0002681102485
     -1.893765809
     -897.6929661
     -258.5035837
     -2.066943288
  6.144528182E-05
      2.088716592
      522.4780577
     -268.7131840
      8.210595301
    0.05000000000
     0.1000000000
     0.1500000000
     0.2000000000
     0.2500000000
   Q=    0.0000
