      3.295215907
     -2.293662957
     0.7449031082
   -0.08294830935
  -0.005329419603
      7.735931603
     -3.855356256
     0.4791202628
     0.1666318144
   -0.04176913967
      76.20004604
     -12.02218663
   -0.07027146945
     0.5525632030
   -0.08223132247
      11.09462211
      14.66989590
     -6.443041612
      1.267129988
   -0.08976793383
      44.12497120
      33.70870755
     -6.800572883
    0.02692128333
     0.1604189722
     -28.98236359
      84.48277001
     0.2707733743
     -5.589970607
      1.068820138
      11.62433971
      100.2113515
      35.04405184
     -23.08316976
      3.621719923
     -2.435318217
     -82.97296435
      71.19960895
     -58.07773262
      9.239625940
     0.1608825127
      5.681988313
      21.67916453
     -107.7348710
      19.91607902
    0.06081684252
      23.18028266
     -41.21502389
     -135.1663504
      37.60005662
   -0.02320510869
     -16.76262737
     -11.01377586
     -62.54747544
      63.63038947
   0.004313020756
      6.129458689
     -7.427133905
      86.70192091
      94.29351946
 -0.0005033979761
     -1.246622337
      38.45755580
      95.83915067
      109.8503440
  3.232127212E-05
    0.05088427482
     -36.15165581
     -67.67145495
      84.03228601
  7.774365082E-07
    0.06068751163
      18.86101333
     -103.2925057
      30.53637104
    0.05000000000
     0.1000000000
     0.1500000000
     0.2000000000
     0.2500000000
   Q=    0.0000
