      0.000000000
      0.000000000
      0.000000000
      0.000000000
      0.000000000
      38.00144364
     -21.16512197
      7.621806977
     -1.608931579
     0.1512316917
      38.36992788
     -15.87933280
      5.750766464
     -1.282368833
     0.1257425301
     -115.6833821
     -23.78658315
      14.21761841
     -3.381430924
     0.3292955049
      54.74745128
     -63.41299744
      26.04449434
     -5.953168792
     0.5787722066
     -16.57275433
      2.032095059
      45.84255466
     -13.28202876
      1.333693142
      4.151785654
      105.9616873
      103.0736026
     -29.85623301
      2.889564073
    -0.2582552815
     -25.31221849
      157.9704204
     -58.58467632
      6.027334633
    -0.1650997078
     -16.02712852
      71.48082819
     -102.6149683
      11.96099511
    0.07598891951
      22.83666763
     -99.53827767
     -145.4971850
      21.80246685
   -0.01899340731
     -14.62810032
     -65.38694810
     -110.5516840
      36.63454090
   0.003153875251
      5.609892563
      94.90790796
      46.32648203
      56.94651587
 -0.0003522627934
     -1.364753060
     -45.80569045
      132.6858559
      73.97606090
  2.273888811E-05
     0.1905993937
      12.52897038
     -39.75673348
      65.27755287
  2.392583956E-07
 -0.0008057997984
     -2.793443019
     -139.0202535
      27.39030857
    0.05000000000
     0.1000000000
     0.1500000000
     0.2000000000
     0.2500000000
   Q=    0.0000
