     -3.441163986
      3.523189357
     -2.048424793
     0.6620578948
   -0.09032677312
     -13.06454521
      10.61805449
     -5.245751544
      1.425786256
    -0.1597623331
     -68.04006686
      35.46667792
     -14.71059957
      3.478105050
    -0.3431832568
      30.58588397
      72.10134933
     -28.48718546
      5.348038096
    -0.3854473685
      189.8496255
      188.0100687
     -45.44929942
      4.917442894
   -0.06803835270
     -105.8566068
      285.4290495
     -24.07170446
     -4.605083475
      1.144076461
      36.44538835
      124.0847916
      61.94285914
     -27.80448235
      3.849502548
     -6.661769511
     -93.62915742
      168.5620700
     -66.79580882
      8.899095880
     0.1603061571
     -71.45125664
      167.8261724
     -109.2148970
      16.69697029
     0.2742029002
      113.4331723
     -44.35735626
     -115.8113906
      27.09960186
   -0.08883188504
     -68.21133815
     -162.0115004
     -38.01446712
      39.59954046
    0.01609518799
      24.35947021
      80.00872648
      99.55095757
      52.57008919
  -0.001910672516
     -5.265100752
      65.81069840
      107.5783471
      59.14679718
  0.0001315722278
     0.3858765828
     -102.9585675
     -99.87096215
      46.85506009
  1.515250976E-06
     0.1960708267
      67.73303507
     -166.9904195
      18.23074066
    0.05000000000
     0.1000000000
     0.1500000000
     0.2000000000
     0.2500000000
   Q=    0.0000
