     0.6823122124
    -0.8058724845
     0.2041405981
    0.04787002900
   -0.02069511506
      9.178763199
     -2.580143202
    -0.2633556413
     0.3814050836
   -0.07370294529
      17.81372203
     -1.192413463
     -2.447468696
      1.297725819
    -0.2182179252
      85.27528551
     -4.054977269
     -7.578415334
      3.693747900
    -0.5750356505
     -15.45314320
     -1.359954531
     -21.81379593
      9.661417205
     -1.404471638
     -5.612194024
     -32.32128773
     -45.22826193
      22.41789866
     -3.173961612
      1.597437534
     -16.84031203
     -65.70758056
      48.22827554
     -6.601182113
     0.6263460577
      86.97583304
     -20.14624862
      94.65994611
     -12.09026524
    -0.4634299478
     -91.47351997
      97.73983939
      160.5027550
     -18.67400229
     0.1444164301
      57.30840934
      79.65695921
      196.6205390
     -23.81081344
   -0.02783085085
     -22.18545057
     -72.15407469
      111.0350364
     -27.05547661
   0.003446966413
      5.012798496
     -21.87802524
     -64.34160408
     -31.94664227
 -0.0001978032906
    -0.1275630106
      76.83410770
     -107.8556026
     -36.77562907
 -2.380066126E-05
    -0.4312997762
     -73.11493223
      31.23189197
     -30.17079243
  8.626924935E-06
     0.2160609273
      44.00128119
      77.24223807
     -11.68340928
    0.05000000000
     0.1000000000
     0.1500000000
     0.2000000000
     0.2500000000
   Q=    0.0000
