      0.000000000
      0.000000000
      0.000000000
      0.000000000
      0.000000000
      183.5803084
     -90.92292499
      26.21466950
     -3.729624478
     0.1593284561
      737.7949703
     -139.0532590
      9.846512986
      2.560062442
    -0.4452290471
      1497.697863
      3.969884632
     -41.76690801
      8.105237689
    -0.3899926204
      8.135358692
      560.8055873
     -105.5357053
      5.929012042
     0.5539373255
     -214.4300880
      1220.657993
     -51.47524517
     -21.92490806
      3.275951532
      100.6916526
      1386.805865
      315.2062824
     -87.14445872
      7.427345093
     -8.778480068
     -337.1683741
      1027.695057
     -159.6571134
      10.43916662
     -6.081800653
     -886.8764199
      1316.440228
     -146.6039060
      9.193665214
      2.840392691
      944.8252978
      340.1244160
      26.09745611
      4.622317655
    -0.6497983317
     -468.7485577
     -1250.503426
      310.5033993
      5.581031183
    0.09158818377
      129.6413850
     -152.0196966
      441.9220699
      26.23801187
  -0.006788405249
     -11.40752392
      1404.925835
      178.9181763
      64.46934554
 -0.0002977650774
     -7.306695140
     -1411.726089
     -555.1099997
      87.14671996
  0.0001775106035
      4.279675935
      823.6299473
     -849.4309733
      51.46842652
    0.05000000000
     0.1000000000
     0.1500000000
     0.2000000000
     0.2500000000
   Q=    0.0000
