      0.000000000
      0.000000000
      0.000000000
      0.000000000
      0.000000000
  0.0003141073322
 -0.0001475116962
  3.712154700E-05
 -3.440226140E-06
 -1.399272438E-07
  0.0009061237294
 -0.0001118251172
 -2.277836015E-05
  1.245252541E-05
 -1.525748183E-06
  0.0004531688515
  0.0002824461889
 -0.0001232848871
  2.422336423E-05
 -1.890360265E-06
  -0.001695821547
  0.0007879882869
 -0.0002152370216
  3.582563851E-05
 -2.525542140E-06
  0.0007834604259
  0.0006127504549
 -0.0003104284042
  5.226626389E-05
 -2.284984094E-06
 -0.0001332781989
  -0.001280543111
 -0.0006009936820
  6.565187645E-05
  2.590493230E-06
 -4.004754643E-05
  -0.003173009011
  -0.001549465159
  2.234747372E-06
  1.963320051E-05
  2.848308597E-05
   0.004323201381
  -0.002545763590
 -0.0003441440793
  5.314237680E-05
 -8.493258432E-06
  -0.002845439575
 -0.0006284546115
 -0.0009854007851
  8.374611533E-05
  1.615650146E-06
   0.001157145659
   0.001712207916
  -0.001233566647
  7.627521330E-05
 -2.026399742E-07
 -0.0002830986250
   0.001134677760
 -0.0005222341280
  2.803606406E-05
  1.298789284E-08
  1.895977494E-05
  -0.003294057800
  0.0006774271702
 -1.993922749E-05
  9.317951934E-10
  1.735801572E-05
   0.003052779722
  0.0006870982276
 -2.327432823E-05
 -4.079567459E-10
 -9.432812330E-06
  -0.001761240910
  0.0003351541552
 -1.598746792E-05
    0.05000000000
     0.1000000000
     0.1500000000
     0.2000000000
     0.2500000000
   Q=    0.0000
