      0.000000000
      0.000000000
      0.000000000
      0.000000000
      0.000000000
      36.87772572
     -18.69183711
      5.666016036
    -0.9014208441
    0.05369685107
      172.0890872
     -36.09176487
      4.492870313
   0.009487743324
   -0.04316325048
      408.0541744
     -16.65771590
     -4.753065689
      1.026750191
   -0.02809228347
      13.35092275
      108.5668429
     -18.40302205
     0.4718705480
     0.1710673042
     -65.45723021
      268.8646124
     -6.997748868
     -5.263329491
     0.6564843939
      27.85100777
      396.1797285
      72.66988978
     -17.72386757
      1.193451666
     -1.642603279
     -43.63062809
      255.5727363
     -28.33772242
     0.9894124585
     -1.998766764
     -294.6819762
      344.7056750
     -9.763932564
    -0.6638078574
     0.8558072619
      285.0684911
      123.2540302
      50.39850091
     -2.465109826
    -0.1895370030
     -135.9357996
     -314.2672307
      122.5781209
    -0.8882284855
    0.02607052660
      36.30310013
     -105.7342223
      117.7337770
      7.636799647
  -0.001845541135
     -2.719142188
      444.6754381
      10.15504254
      19.40387196
 -0.0001032316840
     -2.280699261
     -425.2450863
     -148.3043292
      24.15812144
  5.308923018E-05
      1.273606022
      244.5559907
     -200.5812067
      13.71194333
    0.05000000000
     0.1000000000
     0.1500000000
     0.2000000000
     0.2500000000
   Q=    0.0000
