      0.000000000
      0.000000000
      0.000000000
      0.000000000
      0.000000000
      34.36721397
     -26.32433173
      13.57209311
     -4.013162577
     0.5086578840
     -5.402765909
     -37.23411866
      24.36549654
     -7.187552625
     0.8487307096
     -378.8320663
     -101.1481943
      63.30086402
     -16.56738283
      1.786214610
      133.6759713
     -283.5710532
      128.6636580
     -31.33406061
      3.196268091
     -30.03480493
     -166.4831013
      207.3460901
     -56.48800111
      5.528801568
      3.108197515
      211.7323386
      326.2409338
     -96.65462830
      8.558887083
     0.7533046850
      3.617226438
      339.9260198
     -146.0059864
      11.24162875
    -0.2611963945
     -20.16568050
     -5.659770636
     -203.8846392
      11.49870521
    0.04125770061
      6.274293248
     -276.8508173
     -245.8865617
      6.084811201
  -0.007177845492
     -5.577100718
      33.92834435
     -157.6506258
     -3.445027084
   0.001625095079
      4.214130993
      147.4249760
      72.43139037
     -4.378073560
 -0.0003444187398
     -2.073318607
     -153.4925862
      146.1184541
      10.23024817
  6.013350250E-05
     0.7567123956
      96.29726031
     -45.30804812
      20.84342972
 -8.594310169E-06
    -0.2197236650
     -45.61225570
     -104.9611556
      11.10611097
    0.05000000000
     0.1000000000
     0.1500000000
     0.2000000000
     0.2500000000
   Q=    0.0000
