      0.000000000
      0.000000000
      0.000000000
      0.000000000
      0.000000000
     -12.48685978
      6.471261588
     -2.054478985
     0.3565643469
   -0.02532028131
     -65.28603658
      14.52789825
     -2.199772482
     0.1308786589
   0.001583356012
     -180.6927532
      10.18800591
     0.8734956054
    -0.1673360900
   -0.01762839877
     -45.82176949
     -43.21227725
      5.743136181
     0.4906736665
    -0.1549931667
      48.60183681
     -127.7556844
     -3.768745283
      4.331011243
    -0.4692663512
     -16.39253235
     -216.0248957
     -55.23391550
      12.31478151
    -0.7930844571
  -0.007054879643
     -44.23409933
     -169.3507354
      18.59037478
    -0.5803019448
      1.556556046
      231.6512890
     -229.8037570
      5.374076658
     0.6794809223
    -0.5924610380
     -197.5652390
     -62.49853629
     -35.25728507
      2.214909566
     0.1262104219
      90.66445718
      196.8729297
     -77.33000423
      1.861614926
   -0.01704647459
     -23.92345209
      60.11689386
     -69.62849360
     -2.301494386
   0.001197485120
      1.873439676
     -274.1019754
     0.8705429394
     -8.581187270
  6.544021253E-05
      1.424238737
      265.0024237
      87.92866882
     -11.48657866
 -3.385684127E-05
    -0.8050222695
     -153.4720669
      112.2714530
     -6.867899083
    0.05000000000
     0.1000000000
     0.1500000000
     0.2000000000
     0.2500000000
   Q=    0.0000
