      0.000000000
      0.000000000
      0.000000000
      0.000000000
      0.000000000
      9.135623936
     -4.141282393
     0.9306888381
   -0.02877357883
   -0.01823742834
      17.90915535
     -2.112276256
    -0.8884420832
     0.5257406922
   -0.08609320229
      17.74659611
      1.472614378
     -3.203145539
      1.351310659
    -0.2073233648
     -3.872744314
      7.422346676
     -9.219455682
      3.568544072
    -0.5197419898
    -0.6536343151
      10.06893582
     -18.39925207
      7.719936988
     -1.163931547
     0.6018663094
      3.581563182
     -24.02016007
      14.92283175
     -2.518095512
   -0.08267284574
     -3.410820653
     -10.75031511
      25.33139588
     -5.165092931
   -0.03712302928
     -5.662786689
      20.23722201
      34.87914243
     -9.946030458
    0.01992996641
      7.064674798
      19.45215100
      31.13686436
     -17.66795953
  -0.004637900288
     -3.470512470
     -19.41326513
      5.053951730
     -27.91377003
  0.0006421155381
     0.9028608993
    -0.3687172693
     -18.14381823
     -36.41312267
 -4.359290817E-05
   -0.04973619101
      12.14859984
     -5.118512166
     -34.91737195
 -3.342951119E-06
   -0.06877295547
     -12.20548562
      6.635767341
     -20.74331808
  1.502245226E-06
    0.03699262848
      7.277395939
     -7.798364107
     -5.435790728
    0.05000000000
     0.1000000000
     0.1500000000
     0.2000000000
     0.2500000000
   Q=    0.0000
