     -6.811305218
      6.133298055
     -2.919251451
     0.7485783027
   -0.08137378573
     -13.58248894
      9.347742051
     -3.573788348
     0.7696143106
   -0.07365547786
     -56.91297492
      23.46383639
     -9.006213878
      2.109872929
    -0.2121368950
      220.1147399
      16.50387870
     -12.73290584
      2.634278516
    -0.1901716603
      94.71514467
      111.1222626
     -25.88015263
      2.671168905
   -0.03571230864
     -86.08931521
      181.8060997
     -11.37732432
     -3.035502794
     0.6104044396
      32.18245161
      182.7765852
      38.63731497
     -14.56389949
      1.832208397
     -4.985227559
     -31.59020332
      130.8907389
     -30.56647602
      3.975677806
    -0.3947334955
     -151.8224489
      161.7124448
     -33.53516025
      7.350963139
     0.3959861367
      156.5807677
      50.57431057
     -2.578698870
      13.29628555
    -0.1047936772
     -79.25935503
     -137.2482161
      64.68453029
      23.24054474
    0.01664527235
      23.79562283
     -64.20720535
      96.20801217
      35.76369331
  -0.001620504304
     -3.415271763
      226.0065696
      18.72053919
      41.63332811
  4.671895476E-05
    -0.5593482897
     -212.7299056
     -101.8301704
      31.93664472
  1.572374440E-05
     0.5062182056
      121.3945236
     -120.9140060
      12.53163611
    0.05000000000
     0.1000000000
     0.1500000000
     0.2000000000
     0.2500000000
   Q=    0.0000
