      0.000000000
      0.000000000
      0.000000000
      0.000000000
      0.000000000
      228.7360786
     -114.3041018
      34.16328638
     -5.323680959
     0.2902001860
      358.7650101
     -89.94824114
      14.02682753
     0.2383218295
    -0.3046107763
     -129.7819920
     -113.4216928
      23.62301448
     0.7728400874
    -0.5525219033
     -225.3663263
     -291.0897149
     -3.005316162
      14.13262080
     -1.853461508
      104.3831758
     -354.2620423
     -120.9996020
      35.97012763
     -3.052080719
     -25.43125814
     -155.5728303
     -332.2321177
      63.42794083
     -4.341236426
     -1.925858875
     -251.5547658
     -539.7748002
      87.34862782
     -5.119635024
      3.088445785
      461.8418368
     -541.2430680
      98.61288117
     -4.701315187
     -1.088282574
     -362.4126885
      84.62044096
      85.77890178
     -1.246627862
     0.2314859905
      170.4949199
      519.7481633
      47.65200637
      6.584528338
   -0.03246521165
     -49.34570507
     -226.0405567
     -74.78056616
      14.78788930
   0.002639366033
      6.593669689
     -216.6271739
     -171.1656735
      8.786505447
  2.588366162E-05
      1.382138324
      318.4375821
      119.0053917
     -11.73233039
 -4.765410523E-05
     -1.114070184
     -206.7731421
      361.5339877
     -15.05725515
    0.05000000000
     0.1000000000
     0.1500000000
     0.2000000000
     0.2500000000
   Q=    0.0000
