 -1.277714575E-05
  1.535982455E-05
 -7.864644740E-06
  1.950225953E-06
 -1.929839398E-07
 -9.277727406E-05
  4.394325078E-05
 -1.312897408E-05
  2.251331628E-06
 -1.760955989E-07
 -0.0001764136054
  7.570809195E-05
 -2.719602853E-05
  5.918254314E-06
 -5.433241498E-07
 -2.432215492E-05
  0.0001772984968
 -6.270924959E-05
  1.012123976E-05
 -5.386675345E-07
   0.003109913103
  0.0005269819070
 -0.0001212870785
  8.978837572E-06
  1.706001038E-07
  -0.001792493265
   0.001970274426
 -0.0001109919550
 -1.598646131E-05
  1.815747389E-06
  0.0005576077665
   0.002472377876
  0.0004398598383
 -7.729869319E-05
  1.561990309E-06
 -7.384416555E-05
  0.0005853436256
   0.001607089069
 -7.783602146E-05
 -8.893378063E-06
 -9.243527574E-06
  -0.003118934786
   0.002559329081
  0.0001725217319
 -3.489377290E-05
  6.865774093E-06
   0.002746899846
  0.0009771208232
  0.0007933066115
 -6.576044447E-05
 -1.733728516E-06
  -0.001320694421
  -0.002068555884
   0.001322044559
 -6.533114582E-05
  2.707453512E-07
  0.0003897971528
  -0.001083392896
  0.0009813664858
 -9.553237478E-06
 -2.641506101E-08
 -5.728680556E-05
   0.003512882655
 -0.0002398618739
  7.329061807E-05
  8.446496246E-10
 -7.845797435E-06
  -0.003297313134
  -0.001209516521
  0.0001118851468
  2.348738803E-10
  7.753438158E-06
   0.001900402473
  -0.001293987595
  7.076401979E-05
    0.05000000000
     0.1000000000
     0.1500000000
     0.2000000000
     0.2500000000
   Q=    0.0000
