      0.000000000
      0.000000000
      0.000000000
      0.000000000
      0.000000000
     -108.0718211
      54.04162204
     -15.85135757
      2.311307028
    -0.1000809670
     -273.7027524
      43.84522886
      1.706749205
     -2.695879747
     0.3979111920
     -129.8585670
     -66.53141176
      31.58491156
     -6.793509997
     0.5956650337
      90.86790077
     -234.2529828
      68.78360682
     -11.65563085
     0.8531836556
     -32.18161096
     -407.9100111
      94.81557719
     -11.92755831
     0.4581180465
     -2.158952506
      53.23204091
      32.79632781
      3.329933961
     -1.333514461
      4.316010973
      265.4144481
     -28.37438663
      38.66718248
     -4.990895402
     -1.441084332
     -221.9607906
     -122.1627810
      109.1403677
     -10.17092457
     0.2739949541
      90.61804436
      24.73016009
      167.6275240
     -12.34717574
   -0.03248320237
     -19.75828859
      201.0462263
      151.1384418
     -7.892122012
   0.001809374817
     0.4060289515
     -244.9605866
     -21.93386046
      2.159411114
  0.0001852011077
      1.557123689
      172.6102242
     -188.1471659
      3.849761041
 -6.816051100E-05
    -0.7663251874
     -94.95560602
      36.26837008
     -5.909506992
  1.142861107E-05
     0.2445775716
      44.57444071
      205.2313331
     -6.599354637
    0.05000000000
     0.1000000000
     0.1500000000
     0.2000000000
     0.2500000000
   Q=    0.0000
