      0.000000000
      0.000000000
      0.000000000
      0.000000000
      0.000000000
     -20.02465680
      6.303343598
    0.09977595819
    -0.5506713641
    0.09586198608
     -78.08911133
      2.771293616
      5.345286185
     -1.767295441
     0.1841591718
     -194.5825059
     -25.45203200
      16.10916418
     -3.532497869
     0.3108875740
      66.74993875
     -98.81964161
      32.80929329
     -6.297619487
     0.5380822635
     -9.068230269
     -92.33011260
      50.54303542
     -10.93951856
     0.9679888141
     -1.901838127
      6.521163445
      81.02408230
     -19.76918113
      1.836284443
     0.9242828337
      44.50806164
      91.41329892
     -33.66500063
      3.533620355
   -0.07231872612
     -5.693923268
      3.353198214
     -57.25944135
      6.640929768
   -0.02859908684
     -11.38979717
     -104.1592483
     -88.11722337
      10.98992975
   0.009103577666
      5.749017070
      5.078519681
     -82.71931783
      15.59663520
  -0.001113616371
    -0.4952397569
      91.09266238
      1.936326669
      20.36627155
 -1.280682261E-05
    -0.7554955797
     -108.7923140
      68.13624952
      24.27330512
  3.317107079E-05
     0.5096335632
      77.54990495
      5.536259381
      20.83251122
 -7.654349159E-06
    -0.1935481270
     -39.55778606
     -37.14162357
      8.426564843
    0.05000000000
     0.1000000000
     0.1500000000
     0.2000000000
     0.2500000000
   Q=    0.0000
