     -28.50018432
      20.54280445
     -7.937117880
      1.581200096
    -0.1169125471
     -87.27069922
      53.30401204
     -15.72974613
      2.101005295
   -0.06708244338
     -693.7388000
      165.3438081
     -32.05400651
      3.263337494
   -0.04336447319
      649.2909818
      91.73582659
     -31.84742043
      1.927182956
     0.3038361637
      564.4904179
      611.0418672
     -77.88228636
     -3.236483674
      1.199262121
     -391.8247323
      982.0481326
      42.23659762
     -28.99651876
      2.469768738
      138.3312954
      514.8196853
      302.5945372
     -49.52951046
      1.916490481
     -22.43543124
     -105.8548085
      603.1683106
     -42.98681747
     -1.850046938
    -0.9214947808
     -551.4443925
      706.0575551
      37.49900758
     -11.03625655
      1.469375259
      596.1959942
      119.3620133
      194.3440892
     -23.39899705
    -0.4124680542
     -316.5925538
     -693.9085139
      290.3369136
     -34.08436177
    0.06907044834
      102.3612067
      74.76555982
      181.1359676
     -40.26433514
  -0.007404517911
     -18.36388912
      590.2236757
     -13.64284547
     -37.69264075
  0.0003650032003
    -0.4316968726
     -666.2890453
     -261.8397828
     -17.72893427
  3.885672313E-05
      1.538147830
      411.9490385
     -369.1849374
      1.233470842
    0.05000000000
     0.1000000000
     0.1500000000
     0.2000000000
     0.2500000000
   Q=    0.0000
