     -2.735605460
      2.179754740
    -0.6156132068
    0.02177334333
    0.01112779462
     -13.42847096
      3.980053464
    0.08558999396
    -0.2743140127
    0.03614921637
     -52.83304852
      4.520692635
      1.728332926
    -0.6050600614
    0.05326862301
     -82.54512949
     -12.85275755
      6.547573558
     -1.110126304
    0.05911442341
     -2.760134729
     -41.50510851
      9.876502781
     -1.039203152
    0.01185338123
      15.21756373
     -52.52627024
      9.153829629
    -0.4719817877
   -0.04738213009
     -6.936850392
     -40.72188048
    -0.4894351970
     0.5210431487
   -0.01358206097
      1.100369914
      6.496251808
     -28.92040002
    -0.6024822264
     0.5032139873
     0.1236024503
      39.89811580
     -56.80567570
     -9.722685502
      2.041344472
    -0.1055774357
     -41.54324163
     -23.69955001
     -25.97215226
      4.918111885
    0.02756139683
      21.05512341
      51.71239585
     -31.40554722
      9.012963393
  -0.004328872537
     -6.265493923
      8.365873308
     -12.62396134
      13.23634622
  0.0004088037579
     0.8512222328
     -58.16551493
      9.235361938
      14.46026919
 -8.311054559E-06
     0.1795553730
      57.89654151
      20.57534567
      9.752794693
 -4.806038860E-06
    -0.1461955461
     -33.85659299
      23.59206001
      2.789370335
    0.05000000000
     0.1000000000
     0.1500000000
     0.2000000000
     0.2500000000
   Q=    0.0000
