     -6.809584981
      5.639000818
     -2.481446782
     0.5778584652
   -0.05469777357
     -21.74049687
      13.23786697
     -4.315390712
     0.7258865874
   -0.04752021319
     -147.2299957
      39.21238703
     -9.392351413
      1.496488106
    -0.1104633609
      10.61735198
      26.45681705
     -9.700529428
      1.688228980
    -0.1082168657
      84.92899027
      75.70803389
     -19.54952920
      2.557202061
    -0.1289146673
     -43.03621748
      76.91734291
     -14.28294860
      2.143075685
    -0.1988937487
      12.17166172
     -26.20459405
     -3.407550657
      5.239793853
    -0.8882040193
     -1.528206769
      55.74841246
      22.00570021
      16.07807443
     -3.099762000
    -0.2150237732
     -81.57360146
      85.49853320
      43.33727080
     -8.770016350
     0.1544852675
      64.87930183
      33.02381643
      78.11344258
     -20.05212604
   -0.03996700049
     -31.59246208
     -87.32135335
      62.14857344
     -38.77069277
   0.006560019941
      10.03709671
      27.02499387
     -18.25071372
     -62.91656768
 -0.0007124938106
     -1.889004997
      39.33132925
     -48.77010244
     -77.34544642
  3.875930413E-05
    0.01986244422
     -54.64033123
     0.8861879969
     -60.72007987
  2.953205948E-06
     0.1300040603
      36.98031839
      11.66145568
     -22.15746168
    0.05000000000
     0.1000000000
     0.1500000000
     0.2000000000
     0.2500000000
   Q=    0.0000
