     -5.440828170
      4.728506537
     -2.213248277
     0.5618762783
   -0.06023175304
     -18.42920390
      11.70303208
     -4.249869949
     0.8643753723
   -0.07765391194
     -118.8445269
      35.76299228
     -10.25292456
      2.037705429
    -0.1959865015
     -24.94567165
      36.85963164
     -14.55478520
      3.179797710
    -0.3060808837
      79.63453132
      82.49231043
     -28.07459968
      5.542416699
    -0.5109746477
     -34.51114518
      83.53527135
     -32.07212706
      7.368689288
    -0.7694455334
      9.548456219
     -41.18533045
     -26.82069377
      9.931734228
     -1.268738672
     -1.502081707
      23.81109799
    -0.3898922359
      10.96260121
     -2.177715204
   -0.01919976010
     -38.75603962
      69.04251167
      9.960646387
     -4.272696171
    0.08211521551
      36.64292092
      20.08158419
      6.321483355
     -8.702998352
   -0.02490644307
     -20.16316854
     -84.13533379
     -11.06572238
     -16.57578568
   0.004530317047
      7.238695699
      54.31396901
     -13.35600518
     -26.53284125
 -0.0005645322009
     -1.717578043
     -5.703418437
      24.91588333
     -29.82152812
  4.550475986E-05
     0.2159551016
     -14.63254860
     0.5394499115
     -18.88120690
 -1.075845940E-06
    0.02127806151
      13.00512299
     -52.64900831
     -4.554762174
    0.05000000000
     0.1000000000
     0.1500000000
     0.2000000000
     0.2500000000
   Q=    0.0000
