      0.000000000
      0.000000000
      0.000000000
      0.000000000
      0.000000000
      11.69416606
     -6.472310403
      2.328027732
    -0.4959879895
    0.04808471276
      8.904877762
     -2.922296242
     0.9459597267
    -0.2330415229
    0.02989957902
     -7.516228210
     -2.889282112
      2.206129578
    -0.7358213296
     0.1018972052
      1.576850570
      3.671823225
      2.224238192
     -1.279900295
     0.2074554424
    0.09447972341
      18.96849581
      5.861393901
     -3.425864440
     0.5307168047
     0.3509124042
      5.430928808
      13.64507296
     -7.554158894
      1.152986687
    -0.1956073996
     -12.96563567
      14.68488477
     -14.56650115
      2.243413727
    0.05374850064
      8.959696815
      4.809820888
     -23.70157340
      3.576650828
  -0.008451492919
     -3.030424518
     -10.14288762
     -27.86446190
      4.260625023
  0.0005270709340
     0.1650936349
     -11.77349477
     -16.82504108
      3.057992022
  8.109914111E-05
     0.2957535959
      17.98170939
      8.137411949
    -0.2042282750
 -2.882055283E-05
    -0.1625715597
     -12.35142757
      20.96537722
     -3.184255073
  4.988061443E-06
    0.05542140138
      6.564495773
     -6.019425730
     -3.005554323
 -6.577344823E-07
   -0.01535138119
     -3.173102498
     -24.41706463
    -0.9311162852
    0.05000000000
     0.1000000000
     0.1500000000
     0.2000000000
     0.2500000000
   Q=    0.0000
