      0.000000000
      0.000000000
      0.000000000
      0.000000000
      0.000000000
     -151.6527950
      72.28896328
     -19.64948876
      2.491898070
   -0.05643607578
     -381.1969661
      83.93974522
     -9.973159381
     -1.068315604
     0.3712199735
     -227.8289720
      88.21537393
     -5.849586593
     -4.745931041
     0.9849736008
      280.2275575
      204.5307476
      27.36175565
     -20.83098413
      2.878837882
     -86.04530959
      306.8018599
      167.8378120
     -57.86237739
      6.397078316
      16.55338657
      67.79654182
      431.4245054
     -121.8297407
      12.58997058
      1.597044456
      189.8099230
      629.2060968
     -217.2902503
      22.34835399
     -1.948421939
     -280.7361299
      472.1220728
     -336.7840936
      34.18252638
     0.6763464373
      221.8528690
     -301.0535760
     -408.6709269
      41.87935832
    -0.1490841052
     -113.5818780
     -485.4468382
     -292.0613359
      38.77665267
    0.02243999795
      37.56022477
      470.6699006
      118.8065273
      29.36061380
  -0.002173757577
     -7.360895104
     -124.1326232
      385.9719424
      32.70831204
  7.533187997E-05
     0.2707268805
     -52.12470143
     -125.7672665
      43.76560236
  1.702238961E-05
     0.3756553921
      61.68617549
     -483.9856010
      27.02714649
    0.05000000000
     0.1000000000
     0.1500000000
     0.2000000000
     0.2500000000
   Q=    0.0000
