      0.000000000
      0.000000000
      0.000000000
      0.000000000
      0.000000000
      11.93709559
      4.006056573
     -6.289119512
      2.329000368
    -0.2935999681
      86.34158758
      21.03465701
     -18.07683621
      4.603393067
    -0.4178957494
      366.0714530
      96.53740979
     -44.07483857
      8.262211346
    -0.6260150190
     -67.51704283
      295.2918870
     -76.07181538
      11.35907823
    -0.7845585908
     -4.578882554
      305.4748339
     -81.50845693
      13.14056121
    -0.9965977452
      9.476612831
      10.27005317
     -71.75485416
      15.42599815
     -1.393436711
     -1.848111955
     -60.64923242
     -15.92481707
      16.15710568
     -2.221541515
    -0.3403875751
     -58.23052432
      150.6121384
      23.68602279
     -4.251147887
     0.2514108853
      86.93185936
      140.6962423
      52.10114858
     -7.407111944
   -0.06319516944
     -45.83993766
     -172.6424745
      66.29555260
     -10.14872427
   0.009085904541
      12.31202683
     -47.70332300
      32.98176432
     -11.49652981
 -0.0006259571122
    -0.5811583698
      196.7734796
     0.2018071735
     -9.474993446
 -4.854563165E-05
     -1.018221696
     -183.0607345
     -53.83761959
     -2.347647464
  2.154293523E-05
     0.5289206618
      103.2217784
     -100.4259069
      2.239500514
    0.05000000000
     0.1000000000
     0.1500000000
     0.2000000000
     0.2500000000
   Q=    0.0000
