      0.000000000
      0.000000000
      0.000000000
      0.000000000
      0.000000000
     -13.89757316
      3.509525503
     0.6908405711
    -0.5289732211
    0.07263632743
     -52.94213755
     -2.172958028
      5.004890805
     -1.202027906
    0.07781077609
     -141.8328031
     -30.51562610
      11.73144065
     -1.360500576
   0.005689989886
    -0.1884212173
     -105.0248867
      15.03834529
     0.1539544318
    -0.1893312252
      16.35664813
     -143.1342316
     -3.427716872
      4.559995778
    -0.4705517591
     -8.052967128
     -79.83740552
     -47.43968348
      10.29389781
    -0.5793472120
     0.7373224842
      18.23279459
     -101.0340607
      13.41330286
   -0.02868064924
     0.4945310815
      73.69263146
     -117.9787291
      6.425087977
      1.926681773
    -0.2365258301
     -78.80960692
     -18.11797127
     -14.82984605
      5.618889300
    0.05502917346
      39.85209936
      110.9505218
     -34.82495570
      10.06942970
  -0.007905902204
     -11.34291138
     -1.351038041
     -30.99973895
      12.88827194
  0.0006118641473
      1.143513717
     -107.8181749
     -3.004804980
      11.20017212
  2.005805532E-05
     0.5693193435
      114.8483896
      42.57258004
      5.031613285
 -1.459635670E-05
    -0.3545765522
     -68.87339659
      58.61040182
     0.1816819179
    0.05000000000
     0.1000000000
     0.1500000000
     0.2000000000
     0.2500000000
   Q=    0.0000
