      0.000000000
      0.000000000
      0.000000000
      0.000000000
      0.000000000
      113.2329667
     -57.29224180
      17.21575404
     -2.623231728
     0.1260580927
      315.5360853
     -56.16788219
     0.7625158188
      2.646696884
    -0.4565310717
      371.9364718
      39.59059364
     -32.73136343
      8.770571886
    -0.9520306533
     -164.3769448
      260.4161064
     -93.52038914
      20.02189618
     -1.918766768
      33.67182075
      448.1012016
     -165.5425012
      32.49590589
     -2.680575040
      7.288133096
      36.95747189
     -188.2225098
      33.82442702
     -1.986710859
     -5.503803167
     -339.6074849
     -143.7967615
      1.707766467
      2.523074395
      1.336814734
      201.8821336
      99.21610279
     -92.35921817
      13.67916372
    -0.1745381549
     -54.51680176
      178.1784744
     -192.9018921
      32.09738989
    0.01051686267
      5.299948886
     -230.6786057
     -180.1172683
      57.93226220
  0.0003514374648
     0.6205911704
      69.54864953
      50.91329273
      87.67946705
 -9.018656036E-05
     0.1035534450
      41.00423792
      283.0797244
      112.4307280
 -5.441200947E-06
    -0.2421185912
     -45.91114265
     -66.34839124
      107.0440383
  3.243637508E-06
    0.09969521842
      18.03208241
     -399.4796902
      50.97843737
    0.05000000000
     0.1000000000
     0.1500000000
     0.2000000000
     0.2500000000
   Q=    0.0000
