      0.000000000
      0.000000000
      0.000000000
      0.000000000
      0.000000000
     -8.836820814
      3.499102828
    -0.4467454738
    -0.1226355533
    0.03345498275
     -4.126006181
     -5.263374127
      3.448275445
    -0.9060820681
    0.08804143649
      82.86546475
     -26.14544578
      7.276567887
     -1.190631105
    0.08046317616
      77.17284526
     -29.27128253
      7.852219881
     -1.279472739
    0.08373731981
     -51.52489473
      10.90287972
      8.316755852
     -1.760565218
    0.06108759730
      12.56716201
      159.2907933
      24.30914915
     -3.158185768
    -0.1210561422
      1.577547605
      140.7449404
      101.5565839
     -2.454913640
    -0.8283431603
     -1.823978786
     -275.4736296
      180.1563690
      15.06543599
     -2.280772094
     0.5987676722
      200.4327052
      79.33762831
      54.25409772
     -3.118022864
    -0.1188043289
     -84.71719351
     -134.6365315
      83.85391271
    -0.8508280230
    0.01517140046
      20.76816797
     -113.2890928
      55.67987643
      5.411758144
 -0.0009594803430
     -1.121156368
      284.1291655
     -24.04317119
      11.81866866
 -7.847533625E-05
     -1.458048667
     -254.2254349
     -67.87850523
      12.34637519
  3.252715740E-05
     0.7611933788
      143.1933224
     -75.73697888
      6.640163430
    0.05000000000
     0.1000000000
     0.1500000000
     0.2000000000
     0.2500000000
   Q=    0.0000
