      0.000000000
      0.000000000
      0.000000000
      0.000000000
      0.000000000
    -0.7538033490
     -3.175399263
      3.106601638
     -1.200631407
     0.1744289740
      98.12687013
     -45.00275007
      17.88332393
     -4.308540092
     0.4531528845
     -16.64813141
     -82.45917023
      35.61809829
     -8.016213887
     0.7903331922
      34.56755004
     -227.6881819
      75.97151136
     -15.49474925
      1.501359781
     -31.24804275
     -178.9970514
      92.72933353
     -23.53411953
      2.612364072
      8.264864811
      271.9287441
      111.3498393
     -39.28214828
      5.060747197
     0.6858261591
      22.03826155
      123.1617690
     -54.11321242
      9.747471617
    -0.9285644729
     -132.3488135
     -24.45221445
     -52.47193945
      20.22955602
     0.2907367714
      93.23871658
     -30.43750027
     -18.87225671
      42.22256053
   -0.05439959094
     -36.16971341
      92.43814930
      70.33083114
      79.94357069
   0.006415496768
      7.535605573
     -177.8302501
      99.55619025
      124.2708199
 -0.0003088636503
     0.2839647048
      199.9856055
     -45.45305155
      138.4229922
 -5.556625212E-05
    -0.8950419989
     -146.1198524
     -68.66301439
      93.28911082
  1.703613913E-05
     0.3976936237
      75.67470046
      38.56944798
      28.38998571
    0.05000000000
     0.1000000000
     0.1500000000
     0.2000000000
     0.2500000000
   Q=    0.0000
