     -7.136402218
      5.899737961
     -1.963414541
     0.2608596181
   -0.01182375419
     -28.50758842
      8.095666707
    0.01186749157
    -0.2710680855
  -0.005304859812
     -115.0074687
      5.865193451
      2.341874939
     0.2919776156
    -0.2033737851
     -215.9950403
     -57.79796660
      9.865925212
      2.575771924
    -0.6850808949
     -182.0352263
     -216.4967416
     -3.226580583
      12.44795180
     -1.830471196
      137.7281815
     -404.5160828
     -75.45890057
      32.74511978
     -3.597554912
     -53.24999416
     -322.3564086
     -219.1550838
      61.50244852
     -5.890082178
      9.638628365
      172.5409032
     -326.5434311
      87.61421042
     -8.351338181
   -0.01821144468
      129.4051965
     -215.4703501
      92.95349017
     -10.70300460
    -0.4812887644
     -191.8583654
      50.00838784
      52.32411325
     -13.53984167
     0.1456260365
      110.1035185
      194.6010745
     -50.02479562
     -19.69422416
   -0.02519296469
     -37.08469809
     -20.58340007
     -137.4970631
     -32.12889880
   0.002779474790
      6.977608260
     -205.1595457
     -63.43130737
     -44.49755846
 -0.0001491406698
    0.01804333692
      232.0279703
      146.5155073
     -40.77615745
 -1.194551365E-05
    -0.5153883791
     -142.4226196
      190.1421692
     -17.99851219
    0.05000000000
     0.1000000000
     0.1500000000
     0.2000000000
     0.2500000000
   Q=    0.0000
