      30.36163548
     -27.77606194
      13.13427858
     -3.279052184
     0.3403012672
      102.5890359
     -60.33280210
      20.45996258
     -3.869496413
     0.3268309894
      510.1446068
     -154.1962029
      44.91117746
     -9.218454156
     0.9277424276
     -39.51442864
     -124.7643512
      55.55183225
     -13.06168691
      1.353734396
     -202.3049154
     -273.6765292
      103.1971851
     -23.06860184
      2.427092201
      94.83372003
     -189.7721155
      114.7543148
     -33.24953327
      4.031156722
     -25.65860127
      144.2201322
      115.0974692
     -50.62333625
      6.897475310
      3.482422027
     -126.2091514
      21.88263887
     -63.64156786
      10.52782131
     0.3177573968
      156.2191472
     -207.0837841
     -67.67430985
      13.93167292
    -0.2909630680
     -125.9760786
     -90.56014377
     -48.96881759
      13.15727741
    0.07862401038
      62.92877355
      225.6234846
      14.75147555
      4.523278731
   -0.01328082103
     -20.57455516
     -90.34037027
      32.46849685
     -10.75341805
   0.001507566350
      4.169836545
     -52.65014207
     -61.48215018
     -27.50084818
 -9.727091058E-05
    -0.2408860790
      86.80648882
      1.117332321
     -34.77208835
 -2.427462083E-06
    -0.1821796372
     -58.25668991
      140.8738373
     -19.51970768
    0.05000000000
     0.1000000000
     0.1500000000
     0.2000000000
     0.2500000000
   Q=    0.0000
