      0.000000000
      0.000000000
      0.000000000
      0.000000000
      0.000000000
     -26.55034154
      13.11974761
     -3.750213597
     0.5046803093
   -0.01223365117
     -45.04560819
      8.917883279
    -0.2735803806
    -0.5007866818
     0.1059987745
     -8.535135190
      5.021288120
      1.343632751
     -1.296293118
     0.2492755556
     -5.698673901
      4.285832482
      8.198574732
     -4.284272407
     0.7050414004
      5.763387631
     -19.72412556
      18.13941627
     -9.478537409
      1.631466172
     -2.370855046
     -38.50747347
      11.95083403
     -18.38627249
      3.706693968
     0.2253007493
      12.99771110
     -25.13915906
     -32.24350618
      7.960740624
     0.1269166874
      16.91750795
     -54.96738753
     -44.29590697
      15.91062168
   -0.06266462658
     -20.95603347
     -10.49609117
     -33.70533094
      29.25195859
    0.01482702473
      11.10293051
      51.06428854
      5.927945764
      47.57471120
  -0.002195054515
     -3.374034930
     -21.39104082
      24.51217833
      62.86650165
  0.0001876962281
     0.4722865210
     -13.83997782
     -9.920129720
      59.68134075
  6.444121681E-07
    0.09258831313
      22.67078996
     -4.086795907
      34.07833947
 -3.224706616E-06
   -0.07852091820
     -15.12450947
      36.18010807
      8.181522128
    0.05000000000
     0.1000000000
     0.1500000000
     0.2000000000
     0.2500000000
   Q=    0.0000
