      0.000000000
      0.000000000
      0.000000000
      0.000000000
      0.000000000
     -20.49790208
      6.998073633
    -0.3319574889
    -0.4186052464
    0.07898171653
     -64.55688362
      1.971177097
      4.430745587
     -1.385869206
     0.1317940087
     -117.7535935
     -22.50549159
      11.50186975
     -2.146869837
     0.1474512293
      22.67532219
     -73.31157496
      19.10838372
     -2.511565914
     0.1115095757
      3.573297915
     -88.85560168
      19.20386599
     -1.270134496
   -0.08210409978
     -4.251825741
     -42.93705712
      9.569454627
      2.570116077
    -0.5019648756
     0.7830316757
      35.93503518
     -15.79255560
      9.626861022
     -1.243822826
     0.1298655813
      20.14603780
     -46.90631074
      14.53171848
     -2.532199400
   -0.09710469947
     -32.72251806
     -34.27560791
      5.888996635
     -5.403015322
    0.02427887179
      17.29297208
      46.41297029
     -18.06307861
     -11.61502631
  -0.003466865600
     -4.597404029
      29.57692789
     -31.75206108
     -20.79459384
  0.0002345225086
     0.1807391192
     -80.53738563
     -8.986735053
     -26.78149717
  1.935252937E-05
     0.3990402210
      71.59377179
      32.54344150
     -21.81974852
 -8.283198075E-06
    -0.2027231802
     -39.45973587
      39.37116625
     -8.546671571
    0.05000000000
     0.1000000000
     0.1500000000
     0.2000000000
     0.2500000000
   Q=    0.0000
