     -1.020758239
     0.4534929423
   -0.07754694946
   -0.01377285185
   0.006061432470
     -13.08465527
      7.071896966
     -1.971270456
     0.2356080700
  -0.002871492687
     -104.6483040
      22.19799033
     -2.937674721
   -0.04748528580
    0.05401392790
     -91.16508143
      24.36201419
     -3.382920540
    -0.4157708367
     0.1512408394
      100.6873109
      74.55349273
     -4.833459179
     -3.090751335
     0.6155180000
     -37.24348246
      147.8422545
      15.12649417
     -12.62044310
      1.875089597
      12.08828326
      29.87071418
      57.27965078
     -34.79916692
      4.945073416
     -3.038046735
     -103.3607548
      56.04255504
     -81.32670436
      11.64311612
     0.5054628367
      57.75797807
     -15.39234038
     -158.3997908
      23.84105994
   -0.03945499830
     -12.42266166
     -73.32068821
     -216.4665158
      42.73215954
  -0.005674578402
     -4.157252861
     -18.14876894
     -143.0141933
      69.17312740
   0.002638087155
      4.426024798
      73.26293129
      73.38105982
      99.96208131
 -0.0005377968922
     -1.994501268
     -66.66966926
      167.8448596
      117.2316444
  7.810220351E-05
     0.6400946815
      43.52967751
     -47.77267661
      93.65156385
 -8.943371765E-06
    -0.1638730765
     -22.96246048
     -162.2795677
      36.39448027
    0.05000000000
     0.1000000000
     0.1500000000
     0.2000000000
     0.2500000000
   Q=    0.0000
