      0.000000000
      0.000000000
      0.000000000
      0.000000000
      0.000000000
  1.020574545E-06
 -4.961781261E-07
  1.388075313E-07
 -1.885893879E-08
  7.671927402E-10
  4.870484680E-06
 -9.106187084E-07
  7.036222871E-08
  1.064620140E-08
 -1.445210609E-09
  1.351505949E-05
 -1.380479026E-07
 -2.384055918E-07
  2.438712495E-08
  3.020296766E-09
  4.608211005E-06
  4.760322321E-06
 -5.100752833E-07
 -9.458408459E-08
  2.117083225E-08
 -4.137760998E-06
  1.208964517E-05
  1.008740085E-06
 -5.610161171E-07
  5.476332283E-08
  1.366836737E-06
  1.726352068E-05
  6.924960795E-06
 -1.346519388E-06
  7.385669996E-08
  8.889474699E-10
  3.962050367E-06
  1.751809539E-05
 -1.615922025E-06
  1.059551205E-08
 -1.289082178E-07
 -1.910249103E-05
  2.123974454E-05
  3.368385837E-07
 -1.801273875E-07
  4.932476474E-08
  1.642474656E-05
  2.781673919E-06
  4.680304907E-06
 -4.014078400E-07
 -1.061314936E-08
 -7.671241937E-06
 -1.829932525E-05
  7.642932710E-06
 -4.332476901E-07
  1.459675374E-09
  2.095543630E-06
 -8.820670259E-07
  4.859244142E-06
 -1.573949676E-07
 -1.084256711E-10
 -2.027943756E-07
  1.954482052E-05
 -1.881955327E-06
  2.484215175E-07
 -4.150936657E-12
 -1.043396508E-07
 -2.047062352E-05
 -6.741491350E-06
  4.483466510E-07
  2.680205689E-12
  6.398981878E-08
  1.228605353E-05
 -6.211505156E-06
  2.735776413E-07
    0.05000000000
     0.1000000000
     0.1500000000
     0.2000000000
     0.2500000000
   Q=    0.0000
