      24.70932396
     -25.06604255
      11.99335889
     -2.903107232
     0.2819865624
      77.08306155
     -42.31956352
      14.37019788
     -2.592863887
     0.1725402947
      154.8755785
     -95.26282141
      35.95102384
     -6.942905270
     0.5160646597
      37.70072830
     -160.4086503
      46.60483662
     -5.751348629
     0.1621459146
     -151.1968371
     -250.4377000
      48.21869135
     -3.428738534
    -0.1178860621
      64.37900822
     -171.6922620
      16.93719990
      3.597979688
    -0.8616082549
     -18.93411224
      56.20042714
     -23.10925364
      14.40711254
     -2.001224479
      3.460923776
     -1.959138048
     -72.33513765
      32.66001426
     -3.745621198
    -0.1685036267
      37.18700438
     -99.01287443
      52.11596786
     -5.749893365
    -0.1124621353
     -51.15091884
      43.59084419
      62.80438338
     -7.824889428
    0.04152065363
      32.90062594
      100.9451492
      50.76804657
     -9.513157087
  -0.008252533441
     -13.11852072
     -98.38174593
     -20.49260533
     -11.54431724
   0.001114342812
      3.494509556
      29.10508650
     -78.52231231
     -16.42769220
 -0.0001027303672
    -0.5789751329
      10.04774172
      26.64186646
     -19.09566721
  4.905128359E-06
    0.02049272750
     -14.47523307
      104.5558317
     -10.28088605
    0.05000000000
     0.1000000000
     0.1500000000
     0.2000000000
     0.2500000000
   Q=    0.0000
