      0.000000000
      0.000000000
      0.000000000
      0.000000000
      0.000000000
      24.08189858
     -11.57293169
      3.224490309
    -0.4570497725
    0.02307420492
      69.66009775
     -13.46758741
      1.256351850
     0.1246396626
   -0.02655220775
      87.18775098
     -6.901223046
    -0.8986364334
     0.3983697238
   -0.02134952331
     -55.19829277
      3.791225159
     -6.844411987
      1.403916889
  -0.008799359894
      13.31940776
     -4.319098601
     -23.66973013
      2.813518299
     0.2735291039
     -1.191935137
     -1.725032224
     -61.92583618
      3.132722056
      1.355036698
    -0.5771610898
     -43.79568345
     -98.55747487
    0.02415353008
      4.434435355
     0.2839149326
      39.62173409
     -73.02694790
    -0.8111706941
      11.90319820
   -0.07860107547
     -25.49538219
      57.64433142
      15.24672962
      27.72858162
    0.01623485953
      12.88468381
      69.12865975
      43.55145871
      53.99426651
  -0.002540205308
     -4.746045965
     -95.25597288
      24.79469159
      81.43376360
  0.0002920367985
      1.240456649
      55.62279651
     -38.27728137
      86.02429840
 -2.188999507E-05
    -0.2128251204
     -19.51916180
     -7.862912057
      55.20308925
  3.504807805E-07
    0.01327623344
      3.835911747
      52.13347915
      15.93839656
    0.05000000000
     0.1000000000
     0.1500000000
     0.2000000000
     0.2500000000
   Q=    0.0000
