    -0.1063932501
     0.1054534061
   -0.05672256847
    0.01683068133
  -0.002140870665
    -0.3604969515
     0.2739934848
    -0.1281899514
    0.03338119733
  -0.003562421623
     -1.700344967
     0.9574090117
    -0.3969460768
    0.08852676063
  -0.007642434023
      2.209503329
      2.315715163
    -0.8494312167
     0.1293299878
  -0.005411717298
      17.85016184
      7.538457580
     -1.452417744
    0.06623202190
   0.009129216690
     -10.47867658
      17.88693704
    -0.4106776945
    -0.3425417985
    0.04002025240
      3.440389645
      15.25693512
      5.301770773
     -1.059361275
    0.05895959305
    -0.5267323540
     -1.857998511
      13.72672255
     -1.304030828
    0.01115918729
   -0.02841502494
     -14.20632789
      16.61738785
    0.06900696032
    -0.1415403613
    0.03608564294
      14.57563527
      2.080741975
      3.444300151
    -0.3604303150
  -0.009874963510
     -7.562281828
     -14.69941662
      6.192992628
    -0.4905394321
   0.001631019324
      2.407381658
     0.1798530404
      5.101436734
    -0.3951030523
 -0.0001728098261
    -0.4238713007
      14.78990501
    0.04439192667
   -0.04934240487
  8.304195372E-06
   -0.01278314780
     -15.99252312
     -6.760154651
     0.3202654010
  9.380730592E-07
    0.03655549920
      9.744919990
     -8.299865349
     0.2982139849
    0.05000000000
     0.1000000000
     0.1500000000
     0.2000000000
     0.2500000000
   Q=    0.0000
