      4.943417443
     -5.503477198
      2.858084481
    -0.7550108106
    0.08154177181
      17.97862193
     -10.20969419
      3.830880255
    -0.8146291142
    0.07137802273
      28.84274853
     -22.06737011
      9.652336111
     -2.176078076
     0.1942048448
      34.49034869
     -43.32619950
      14.91649449
     -2.459691531
     0.1291849656
     -16.40150554
     -60.63345390
      18.56408927
     -2.075571315
   -0.06712617491
    -0.4141803948
     -31.49673051
      18.36920312
      1.557420384
    -0.8967489195
     0.5369762355
      37.20090251
      18.79909669
      13.89345401
     -3.200967625
     0.3403082465
      24.37824901
      17.50293703
      43.15784434
     -8.434728637
    -0.2151891415
     -37.19683560
      15.63626728
      87.15776002
     -18.58647536
    0.06152822780
      23.12939050
      25.19766783
      115.5988703
     -36.00727467
   -0.01089805476
     -8.260217838
     -2.278959550
      75.18353814
     -61.38533341
   0.001186093944
      1.525560247
     -31.41397503
     -36.57612945
     -88.39182134
 -3.204409396E-05
     0.1708692127
      44.83376153
     -84.00081560
     -98.76608176
 -1.787348404E-05
    -0.2557043038
     -38.05285156
      17.81910602
     -73.66851601
  4.668114911E-06
     0.1128488071
      22.58803616
      65.24260495
     -26.61340610
    0.05000000000
     0.1000000000
     0.1500000000
     0.2000000000
     0.2500000000
   Q=    0.0000
