      0.000000000
      0.000000000
      0.000000000
      0.000000000
      0.000000000
    -0.9688586419
     0.4678919975
    -0.1275601936
    0.01584551215
 -0.0003533188385
     -3.774574908
     0.6468637280
   -0.01560784797
   -0.02070006085
   0.002787547443
     -7.454150696
    -0.2424914540
     0.2721908812
   -0.04579822328
   0.001516440962
     0.1584213186
     -3.273910830
     0.5566865522
   -0.01404574987
  -0.005505311889
     0.9490606426
     -6.565015135
    0.06914720789
     0.1697465881
   -0.02176990900
    -0.4865783436
     -6.734071770
     -2.144016909
     0.5281406043
   -0.04140865072
    0.05312227883
      2.336910324
     -5.796493302
     0.8298263503
   -0.04625752518
    0.02486998530
      3.569688590
     -6.531430184
     0.5820514562
   -0.01884092984
   -0.01268628457
     -4.206359698
    -0.9756874600
    -0.4230243121
    0.03335578518
   0.002992914424
      2.168279671
      6.259419995
     -1.687093232
    0.06451171141
 -0.0004326075135
    -0.6222733163
    -0.2573729319
     -1.914378179
   0.005887669494
  3.372540586E-05
    0.06398198931
     -5.795267698
    -0.5269977375
    -0.1427491633
  1.043654674E-06
    0.03057575344
      6.223046067
      2.530672335
    -0.2634970738
 -7.895709445E-07
   -0.01919745997
     -3.729926844
      3.435337057
    -0.1679522971
    0.05000000000
     0.1000000000
     0.1500000000
     0.2000000000
     0.2500000000
   Q=    0.0000
