    -0.2558160756
    -0.1544616404
     0.2542353550
    -0.1181336084
    0.01964380647
      1.835361169
     -1.368227900
     0.8930130644
    -0.3064069304
    0.04129521912
     -6.420583844
     -3.192211627
      2.621028411
    -0.8184212016
     0.1006179736
      32.14712507
     -16.90239103
      6.673184220
     -1.564296100
     0.1614289267
     -10.39097351
     -24.61837300
      9.814871887
     -2.079732604
     0.1761756332
    -0.2646371980
     -29.25528009
      11.80475886
     -1.301935719
   -0.06715828568
    -0.1993198879
      3.477107281
      6.291107781
      5.017232107
     -1.159662234
     0.5110828246
      41.60786011
      1.361470643
      23.76716262
     -4.121241580
    -0.2237121095
     -40.29370133
      14.16689899
      60.20395395
     -10.26387160
    0.05656371463
      21.82963886
      26.83928704
      96.02205463
     -20.53093925
  -0.009327352886
     -7.218687593
     -4.068515713
      75.02632107
     -35.12028683
  0.0009424338964
      1.213464662
     -27.11294970
     -25.17261079
     -51.90145148
 -1.339966596E-05
     0.1902836170
      38.94097430
     -80.38772212
     -61.53758603
 -1.684728691E-05
    -0.2292719336
     -32.88582507
      14.59643657
     -49.41742753
  4.099993826E-06
    0.09814527570
      19.55213970
      69.52846295
     -19.16702703
    0.05000000000
     0.1000000000
     0.1500000000
     0.2000000000
     0.2500000000
   Q=    0.0000
