 -5.435071841E-05
  5.472552927E-05
 -2.909004429E-05
  8.399608971E-06
 -1.033597743E-06
 -0.0002166484513
  0.0001483252417
 -6.408796720E-05
  1.570308999E-05
 -1.600863937E-06
 -0.0009984664438
  0.0004835112826
 -0.0001865676443
  4.019959838E-05
 -3.400738796E-06
  0.0002718281467
   0.001092309661
 -0.0003784197627
  5.614884562E-05
 -2.227164558E-06
   0.007788607056
   0.003253842418
 -0.0006179950013
  2.529477790E-05
  4.316237053E-06
  -0.004448773907
   0.007650638001
 -0.0001414938826
 -0.0001551445796
  1.783543229E-05
   0.001449331175
   0.006212931751
   0.002355610044
 -0.0004659011397
  2.592713004E-05
 -0.0002241010828
 -0.0008936869526
   0.005882082505
 -0.0005651304614
  5.098342800E-06
 -1.039317498E-05
  -0.005728727562
   0.006937912506
  9.880174086E-06
 -6.019226340E-05
  1.471609431E-05
   0.005964950691
  0.0006069815321
   0.001388574760
 -0.0001553822939
 -4.073477294E-06
  -0.003124459453
  -0.006216932237
   0.002452778836
 -0.0002198049555
  6.788939576E-07
   0.001006888380
  0.0005471206126
   0.001995210336
 -0.0001997217814
 -7.300879701E-08
 -0.0001828338574
   0.005644355956
  6.846063052E-05
 -7.126473698E-05
  3.729641270E-09
 -2.343083452E-06
  -0.006321687103
  -0.002701921494
  9.201190924E-05
  3.474937230E-10
  1.429593711E-05
   0.003903690130
  -0.003380739689
  0.0001074443955
    0.05000000000
     0.1000000000
     0.1500000000
     0.2000000000
     0.2500000000
   Q=    0.0000
