     -16.51809050
      14.10618629
     -6.649316139
      1.732627402
    -0.1923326759
     -47.87228496
      34.06732704
     -13.69595893
      3.057000071
    -0.2917698125
     -336.2017187
      115.4996190
     -37.05103036
      7.671123818
    -0.7159082887
      51.72412259
      145.9249385
     -60.73271714
      12.72222928
     -1.113817190
      322.4594949
      352.7443817
     -119.0236023
      22.04648887
     -1.771688308
     -168.9836308
      365.5132756
     -143.2709277
      30.09927887
     -2.541480910
      50.48725742
     -84.24166316
     -118.9549041
      45.03975357
     -4.138185016
     -7.084326447
      154.6524991
      51.86834519
      73.85095198
     -6.786107625
    -0.6777742615
     -293.5486864
      419.3641495
      140.6046042
     -10.58387300
     0.6098753234
      256.3484897
      151.8858706
      219.6809845
     -13.82639438
    -0.1636140582
     -129.7591057
     -433.7131959
      143.1731144
     -19.21681651
    0.02726251838
      42.00966136
      163.5504648
     -46.91384213
     -36.51948923
  -0.002992566556
     -8.068014931
      138.8178716
     -49.32945659
     -54.97403658
  0.0001685292467
     0.1815569030
     -211.4271975
     -20.70182503
     -44.13854266
  1.079126093E-05
     0.4983470803
      142.4487284
     -96.61940911
     -13.60796837
    0.05000000000
     0.1000000000
     0.1500000000
     0.2000000000
     0.2500000000
   Q=    0.0000
