      1.372077197
     -1.299314490
     0.4732607278
   -0.06947117180
   0.002283754717
      1.526999114
     0.1593831671
    -0.3882880178
     0.1422202255
   -0.01910814585
     -30.34229475
      4.383510294
    -0.6228862493
     0.2356546890
   -0.03837199046
     -139.8861024
     -1.168425029
     -2.006406672
      1.278302724
    -0.1056763046
     -157.7220278
     -63.24195300
     -12.10051291
      3.615424778
    0.04494052120
      115.2121273
     -182.9714289
     -61.67196933
      4.966519667
      1.123247188
     -40.56385480
     -257.1365816
     -171.3544410
     -8.763208414
      4.449328996
      6.027401481
      23.48182568
     -283.8336273
     -60.45616390
      10.77855235
     0.4841492186
      188.1672318
     -211.9381876
     -154.2863323
      18.88674254
    -0.4754306539
     -188.3692865
      18.77310793
     -229.2400082
      25.42778834
     0.1265235306
      96.09988550
      127.6892144
     -190.7636594
      27.89364445
   -0.02052011398
     -29.99596275
      37.76139553
     -15.33899063
      26.66015226
   0.002102705068
      4.945795571
     -215.9285573
      139.5730501
      24.42034281
 -8.319246111E-05
     0.3877315695
      227.0433477
      56.88726574
      20.11704314
 -1.591236094E-05
    -0.5526053939
     -140.8697030
     -56.31013612
      9.099784486
    0.05000000000
     0.1000000000
     0.1500000000
     0.2000000000
     0.2500000000
   Q=    0.0000
