      0.000000000
      0.000000000
      0.000000000
      0.000000000
      0.000000000
     -94.66069733
      51.91776015
     -18.19539299
      3.650404013
    -0.3137412905
     -301.9231653
      77.60320425
     -15.17270968
      1.389050276
    0.02304856523
     -594.9725297
      70.54182435
     -3.802171956
     -1.958870557
     0.4360184038
      173.8540078
     -70.93681018
      43.65687478
     -14.00011623
      1.860405218
      1.817943455
     -184.1614859
      131.8893088
     -39.88453958
      4.974052549
     -13.51473835
     -182.8078371
      264.1778120
     -90.24212735
      11.48199878
      2.015421854
      96.92278760
      286.0706660
     -170.2256193
      23.45059126
     0.7827817139
      129.4935037
     -40.25359242
     -281.4009696
      42.43091399
    -0.4072787301
     -141.7920514
     -424.1932759
     -379.3784249
      65.36935106
    0.08847346270
      60.15505805
      61.59139927
     -306.0476538
      83.84824772
   -0.01065751561
     -10.81298837
      394.2364355
      30.47785814
      91.03669406
  0.0003337412549
     -2.335386266
     -518.3553684
      233.1607710
      83.38325083
  0.0001579804139
      2.473814113
      385.1767906
      18.08905394
      53.82553063
 -4.164758586E-05
     -1.015786260
     -200.2445171
     -63.01094170
      15.37404613
    0.05000000000
     0.1000000000
     0.1500000000
     0.2000000000
     0.2500000000
   Q=    0.0000
