     -5.534243819
      5.739805068
     -2.748394486
     0.6549630542
   -0.06230784801
     -24.47677926
      12.29095212
     -3.719363728
     0.5978001694
   -0.03606629672
     -74.88852404
      27.08769942
     -8.121195813
      1.427072612
    -0.1002719589
     -118.2477942
      41.13898950
     -9.712603687
     0.9645032286
    0.01563714117
      40.48508119
      52.72582100
     -8.337269848
    -0.6121742010
     0.2547544247
      1.027243499
      47.68083012
      1.089229902
     -6.083772391
     0.9037280422
     -1.598920705
     -50.31271355
      11.87549473
     -20.83600425
      2.041333573
    -0.6640055338
     -63.74936069
     -11.21172142
     -56.22246355
      2.761774042
     0.5130340546
      92.25835308
     -62.07554914
     -121.0508012
    -0.7669575597
    -0.1582557106
     -59.90019950
     -67.23908336
     -182.2670978
     -15.19481815
    0.02945027049
      22.37164774
      27.65692852
     -147.6650438
     -42.15996955
  -0.003338093323
     -4.314461042
      73.67864491
      21.63727265
     -66.74345464
  0.0001096132504
    -0.4019486075
     -119.8431374
      134.1525267
     -64.04333885
  4.460395622E-05
     0.6595973336
      99.48067369
     -9.848873049
     -33.05133956
 -1.186328057E-05
    -0.2858080418
     -56.13148702
     -117.4412461
     -6.159550077
    0.05000000000
     0.1000000000
     0.1500000000
     0.2000000000
     0.2500000000
   Q=    0.0000
