     -2.387805201
      2.730056417
     -1.449660782
     0.3934891730
   -0.04402002850
     -7.785076437
      4.555726995
     -1.827556540
     0.4224679822
   -0.04091354945
     -5.203665812
      9.314518252
     -4.805149213
      1.187796081
    -0.1161578948
     -5.743515004
      19.70243511
     -7.675576205
      1.470446208
    -0.1061290037
     -1.169446864
      24.29117819
     -9.884918409
      1.719230104
   -0.07165032685
      3.259677833
      1.476244600
     -11.89569836
      1.119776962
     0.2154413919
     -1.272575740
     -21.61354138
     -15.60837587
     -2.281906216
      1.183829240
     0.1242766552
     0.3847709440
     -12.30011607
     -11.13613626
      3.759239562
    0.04471226503
      9.984170464
     -2.286413493
     -23.46438541
      9.603687562
   -0.02172041252
     -8.304271792
     -4.819632265
     -30.16214810
      20.90994644
   0.004894218494
      3.664522191
     0.9723052552
     -18.42118762
      38.00686696
 -0.0006976565117
    -0.9660690329
      8.391932620
      11.18474608
      55.07438446
  5.671304197E-05
    0.08682234492
     -13.78629144
      21.72181657
      59.25723052
  1.016693297E-06
    0.05464065648
      12.50498732
     -3.456973470
      41.53618585
 -1.201529727E-06
   -0.03360910436
     -7.578991228
     -10.59778351
      13.97527727
    0.05000000000
     0.1000000000
     0.1500000000
     0.2000000000
     0.2500000000
   Q=    0.0000
