      0.000000000
      0.000000000
      0.000000000
      0.000000000
      0.000000000
      50.28393684
     -28.98843519
      11.03063914
     -2.492234060
     0.2526549259
      101.4990863
     -33.79916627
      10.14791316
     -2.004311710
     0.1832792215
      93.43352068
     -43.98744636
      15.28770884
     -3.167251516
     0.2938464115
     -77.37550483
     -37.55210178
      10.92559209
     -1.786189730
     0.1454465688
      20.61613078
     -8.415353983
     -10.52736998
      2.629493765
    -0.1668597344
     -2.378827606
     0.5884537330
     -65.71843450
      13.97148781
    -0.8735595465
    -0.8006867371
     -67.70027527
     -140.0903258
      33.30872667
     -1.743149941
     0.4729305893
      68.00970785
     -115.0367472
      59.30860399
     -2.133446327
    -0.1393967042
     -45.50658839
      86.87732691
      85.88816019
    -0.5795486354
    0.02878938699
      22.16220740
      93.88719045
      76.30713412
      3.790235932
  -0.004267128026
     -7.422477302
     -111.1868792
     -17.76144764
      6.902930843
  0.0004286424097
      1.601563116
      46.74095026
     -84.91378673
      1.795569040
 -2.045783865E-05
    -0.1505267868
     -5.404046631
      22.98939435
     -6.517388356
 -1.971017283E-06
   -0.03725734557
     -4.453239112
      90.95733543
     -5.401293215
    0.05000000000
     0.1000000000
     0.1500000000
     0.2000000000
     0.2500000000
   Q=    0.0000
