      7.685884526
     -6.754110742
      3.070089968
    -0.7311464579
    0.07138247920
      24.11940529
     -14.01005950
      4.486077284
    -0.7746928664
    0.05968279217
      136.4658747
     -37.00550197
      9.625967573
     -1.881292284
     0.1962830868
      4.081131395
     -19.75063590
      9.964914405
     -2.830127894
     0.3516905631
      29.00895146
     -37.40596299
      22.44735111
     -6.621431704
     0.8079011709
     -24.39188585
      27.75921314
      36.28022100
     -12.96351150
      1.581166820
      9.574385444
      120.1641179
      71.51489921
     -23.74709064
      2.768185389
     -1.557746991
     -42.77550231
      89.45771699
     -30.66765614
      3.901369413
   -0.06176559510
     -27.11423471
      18.93490343
     -23.69099570
      4.404813242
    0.09676701156
      36.20539358
     -29.36904845
      4.717009535
      3.290143705
   -0.02640655718
     -19.23485785
      7.474268869
      46.59283626
     0.3001664306
   0.004244817904
      5.907239372
     -34.35588288
      43.43352607
     -3.615609144
 -0.0004153061062
    -0.8501734990
      63.16758317
     -32.66456449
     -7.959431832
  1.141100112E-05
    -0.1543883226
     -57.35904990
     -38.80988245
     -10.72150531
  4.268845539E-06
     0.1366423782
      33.34754488
      22.90521609
     -6.369248581
    0.05000000000
     0.1000000000
     0.1500000000
     0.2000000000
     0.2500000000
   Q=    0.0000
