      9.001144143
     -7.999191652
      3.806054051
    -0.9801675744
     0.1066628217
      30.98734390
     -19.54091271
      7.144408840
     -1.474827486
     0.1354358802
      187.4794220
     -57.74722372
      17.05328813
     -3.495008167
     0.3462653741
      40.07636657
     -59.83126719
      24.21410858
     -5.450483265
     0.5414001521
     -99.08327478
     -126.2545230
      45.52809027
     -9.492126434
     0.9093675708
      38.86296157
     -106.8604486
      53.11540077
     -12.98378333
      1.364636608
     -10.02348808
      88.33595753
      51.62913327
     -17.37847718
      2.141886559
      1.639758138
     -37.37841706
      18.24355204
     -17.15324340
      3.478855396
   -0.02855387553
      37.29845509
     -84.78132043
     -9.840542536
      6.791087137
   -0.07274868797
     -34.88177060
     -23.77198346
      4.394070896
      14.36084211
    0.02426005105
      20.25764096
      109.0040026
      32.89401799
      28.26141710
  -0.004713053907
     -7.827127169
     -86.19587411
      24.62887880
      45.46082817
  0.0006391417500
      2.104326849
      32.52600210
     -44.95242654
      50.76348598
 -6.089909361E-05
    -0.3736593781
     -2.023041097
     -7.289018968
      32.30874422
  3.329153729E-06
    0.02568755481
     -5.193082963
      75.09747103
      8.198858443
    0.05000000000
     0.1000000000
     0.1500000000
     0.2000000000
     0.2500000000
   Q=    0.0000
