      3.692950153
    -0.8664149760
    -0.1187888020
    0.05621295174
 -0.0004851390154
     -48.86663138
      19.56933084
     -4.799988328
     0.5293559590
  -0.004522107355
     -179.1750681
      38.05875889
     -3.792686928
    -0.3765204518
    0.08755742774
     -1084.548866
      80.47545249
     0.4014735741
     -1.183426050
    0.07107401789
      98.16067809
     -181.5609521
      33.48768526
     -2.305476802
   -0.02517634943
      124.6915563
     -400.7627117
      13.28426358
      4.385563968
    -0.2865825125
     -65.16650849
     -617.7449463
     -79.13351743
      10.25956181
     0.5967770803
      10.21499416
      142.3916318
     -317.8573023
     -1.963514626
      4.138457013
      1.356709188
      383.2880698
     -441.2638417
     -79.75009379
      11.53096465
     -1.049264247
     -404.6514487
     -256.1976622
     -220.7516393
      18.90774599
     0.2658520406
      199.9559073
      381.2853521
     -326.3073974
      18.72845703
   -0.04025098878
     -56.24446712
      265.9357401
     -193.1136144
      6.217625859
   0.003484978802
      5.860723886
     -717.8601387
      96.21657940
     -8.833115339
  5.053318513E-06
      2.604217757
      648.7856725
      244.8427834
     -15.49545261
 -5.789823092E-05
     -1.647977348
     -364.1633077
      220.4705601
     -10.17523731
    0.05000000000
     0.1000000000
     0.1500000000
     0.2000000000
     0.2500000000
   Q=    0.0000
