     -7.281933417
      10.17819393
     -5.270175408
      1.202715142
   -0.09322320251
     -136.1953815
      61.40806253
     -15.89640441
      1.855495412
   -0.03113123205
     -570.3114019
      131.6979559
     -20.73952129
      1.108779799
    0.09332363481
     -1697.507576
      195.4839437
     -15.93606877
     -1.322053649
     0.3601922287
      1110.294357
     -30.93307746
      24.31940620
     -8.009046986
     0.8920247370
     -346.6951179
      98.32641900
      46.25638077
     -14.47199759
      1.410944514
      68.42446414
     -241.4367366
      132.4899069
     -27.03723621
      2.254698524
     -8.116132526
      297.0245941
      99.42535927
     -34.10709589
      2.883012623
    0.02370356110
     -230.9997558
      70.89755054
     -56.09912147
      3.450580348
     0.2751532507
      139.3083089
     -212.7452293
     -81.88214203
      1.098539998
   -0.08660407086
     -71.25224548
     -56.73994079
     -126.5443333
     -6.649148754
    0.01786833923
      30.05561768
      266.9113045
     -68.89564779
     -21.65055757
  -0.002829834242
     -10.21573299
     -255.7353049
      68.24323071
     -30.55700313
  0.0003552030154
      2.750826762
      143.9243795
      72.93256708
     -22.54929976
 -3.470955635E-05
    -0.5642299750
     -51.44607862
     -7.389846421
     -6.645951635
    0.05000000000
     0.1000000000
     0.1500000000
     0.2000000000
     0.2500000000
   Q=    0.0000
