      0.000000000
      0.000000000
      0.000000000
      0.000000000
      0.000000000
    -0.8350564408
    -0.9042529916
     0.8599816071
    -0.2448583313
    0.01946738965
     -8.073714928
     -3.853952211
      2.090206951
    -0.2651673329
   -0.01572861089
     -44.99221425
     -15.57741658
      3.812823310
     0.1907628210
    -0.1254435316
     -8.748884574
     -49.30755408
      1.955678286
      2.274599816
    -0.4078265996
      8.526354038
     -69.22266490
     -13.62052113
      7.303035690
    -0.9587731341
     -3.617000992
     -34.39358050
     -42.33519558
      15.68362973
     -1.903160276
     0.3056721786
      6.112815654
     -64.76631486
      26.78495960
     -3.411575589
     0.2176474751
      31.92010591
     -53.91385563
      35.79701389
     -5.629539804
    -0.1033172817
     -34.12568864
      10.40622956
      30.82445155
     -8.813110987
    0.02432045415
      17.77122557
      53.93183115
      4.303765508
     -13.28760767
  -0.003571530124
     -5.306119773
     -16.86723098
     -28.10757475
     -18.19345426
  0.0002942805720
     0.6658701807
     -34.01604145
     -25.01758140
     -20.21337400
  4.083225757E-06
     0.1893036681
      42.33138537
      26.91747110
     -15.58038094
 -5.690469474E-06
    -0.1369082462
     -26.07264039
      45.95975732
     -6.069831937
    0.05000000000
     0.1000000000
     0.1500000000
     0.2000000000
     0.2500000000
   Q=    0.0000
