      1.766655550
     -1.332849689
     0.5867354931
    -0.1523247238
    0.01797463632
     -2.596791413
    0.05430936094
     0.3793308716
    -0.1632176476
    0.02244734905
     -9.523182587
     -2.224801508
      2.426400455
    -0.7013562963
    0.06834194154
     -179.2702396
     -4.709178051
      6.211132800
     -1.108617933
    0.04879325039
     -155.7805334
     -83.18366336
      16.05086227
    -0.8760855376
   -0.06612258798
      118.7333960
     -210.7044340
      6.628015655
      3.082354379
    -0.3172704033
     -42.16448979
     -239.8823948
     -53.32138503
      9.430623317
    -0.2666601994
      6.307453379
      26.32161268
     -164.8709820
      8.769928271
     0.8181530264
     0.5456181139
      203.9874319
     -220.0032287
     -16.58139717
      3.434026469
    -0.5133973444
     -204.0516207
     -71.16337308
     -70.12441369
      6.536497096
     0.1349142074
      102.6676915
      192.0428811
     -111.6425503
      7.380352843
   -0.02147093238
     -31.05402623
      56.25184690
     -77.91017964
      3.982942491
   0.002119021534
      4.667395821
     -265.4063006
      16.62342970
     -1.990459402
 -6.865899551E-05
     0.6093366836
      259.5017125
      101.0086005
     -6.415244733
 -1.891683073E-05
    -0.6217927472
     -151.5733938
      113.6130651
     -4.927433563
    0.05000000000
     0.1000000000
     0.1500000000
     0.2000000000
     0.2500000000
   Q=    0.0000
