    0.06825644043
    -0.1601885150
     0.1234697073
   -0.04671275302
   0.007327366617
      1.888138529
     -1.010617032
     0.4065791990
    -0.1120394899
    0.01515665318
      6.359577232
     -2.113706688
     0.8390854167
    -0.2647705791
    0.03885947702
      18.06536910
     -4.140105644
      1.768336187
    -0.5564421652
    0.07728883611
     -7.127344761
     -5.218175645
      2.729261720
    -0.8908591932
     0.1298975667
     0.7648412650
     -9.249364137
      2.512686423
    -0.9833417025
     0.1878907280
    -0.2109489234
    0.02182007645
     -1.738522838
     0.2097889812
     0.1986042912
     0.2154337936
      16.21616174
     -3.771197230
      4.995232392
    0.09452241517
   -0.09272233961
     -16.32918898
      6.755827713
      16.92206674
    -0.1106048397
    0.02387835466
      9.159546974
      13.99416579
      32.17166948
    -0.2866545297
  -0.003975734003
     -3.072457653
     -4.422709686
      29.15434212
    -0.9598144671
  0.0003925924255
     0.4916902300
     -11.56703948
     -5.527932452
     -3.796671981
 -1.311579125E-06
     0.1043243897
      17.94003535
     -28.04058970
     -8.557972998
 -8.103799511E-06
    -0.1069028298
     -14.82459168
      3.673487541
     -9.881341762
  1.861276367E-06
    0.04378118946
      8.455163073
      23.39079720
     -4.683485426
    0.05000000000
     0.1000000000
     0.1500000000
     0.2000000000
     0.2500000000
   Q=    0.0000
