      7.159917637
     -7.990473970
      4.291951659
     -1.196980670
     0.1387140944
      21.90408500
     -13.98414864
      5.986012177
     -1.469345044
     0.1534236893
      34.50584260
     -32.71730841
      16.07353399
     -4.106363831
     0.4321105923
      38.93774287
     -60.74331964
      26.50217337
     -6.013260242
     0.5495334742
      38.17288530
     -63.33436795
      40.67689197
     -9.448310513
     0.7295119738
     -34.19363336
      39.88762391
      65.25459539
     -12.43967980
     0.3510902055
      12.77818138
      140.0385391
      106.8821312
     -8.159374886
     -1.659475512
     -1.859537978
     -28.08948846
      111.5864174
      15.11423277
     -7.240193698
    -0.1671528523
     -55.46882223
      29.68575311
      56.27826023
     -19.09395660
     0.1489940253
      57.36604287
     -10.32575722
      91.28014428
     -39.95341635
   -0.03850440245
     -28.60869855
     -6.590176297
      82.74869743
     -68.35920595
   0.006060495650
      8.558586596
     -42.91450752
      1.283850081
     -93.25924877
 -0.0005856531197
     -1.217039637
      86.92463315
     -75.34417214
     -96.57607989
  1.496469493E-05
    -0.2275907765
     -81.54759971
     -17.56503680
     -67.66223771
  6.360347928E-06
     0.2014002265
      48.98310171
      40.46769868
     -23.51226911
    0.05000000000
     0.1000000000
     0.1500000000
     0.2000000000
     0.2500000000
   Q=    0.0000
