      1.249886550
    -0.9775440424
     0.2822662324
   -0.01415911306
  -0.004149253087
      5.321360992
     -1.594406100
   -0.05249054553
     0.1141061935
   -0.01360894847
      23.80658478
     -1.963414951
    -0.7190694903
     0.2153904002
   -0.01150748382
      32.33116210
      7.567628726
     -2.868158807
     0.2826154512
    0.01550371510
      9.304199726
      23.94004234
     -3.283119637
    -0.3529375607
     0.1201832495
     -10.58312393
      37.33929698
     0.4758824922
     -2.080028562
     0.3384870713
      4.531101335
      29.26578730
      10.98292192
     -5.554128553
     0.7463747573
    -0.8363232526
     -16.45940517
      24.23132289
     -10.31903601
      1.383761867
  -0.008512643364
     -12.49835278
      23.03055880
     -13.57359138
      2.323230199
    0.04665891122
      18.39200328
     0.7573169793
     -10.27388090
      3.764999427
   -0.01372387140
     -10.36404614
     -21.63952772
      2.931314170
      6.003705270
   0.002312348817
      3.364897651
    -0.7375535830
      16.64491208
      8.828453700
 -0.0002425953380
    -0.5692564481
      23.96599866
      10.34190258
      10.46046985
  1.044475012E-05
   -0.03616893679
     -24.95388469
     -16.59558471
      8.421513522
  1.601368344E-06
    0.05773309253
      14.63049502
     -23.87228536
      3.361945452
    0.05000000000
     0.1000000000
     0.1500000000
     0.2000000000
     0.2500000000
   Q=    0.0000
