     -9.176185410
      11.01818230
     -6.348057099
      1.894407382
    -0.2339502857
     -80.62358262
      45.88258658
     -17.22263919
      3.785729081
    -0.3657723612
     -350.3026374
      120.1638153
     -37.58805627
      7.815992992
    -0.7612315178
     -759.0174465
      205.3846852
     -59.97428361
      11.53809816
     -1.000077446
      225.2683405
      206.7903093
     -71.21698563
      12.64357010
    -0.8274020256
      18.54814631
      74.50987551
     -56.62649074
      5.083947724
     0.7957980375
     -20.90387250
     -462.7814501
     -21.93257338
     -27.30903977
      6.390269991
     0.9407715899
     -57.16254421
     -80.90950639
     -115.3021320
      19.49450922
      1.831645917
      345.7389125
     -192.4759047
     -285.4823645
      41.76900049
    -0.7364765696
     -275.5442788
     -320.4042130
     -458.7086859
      68.53027923
     0.1536961726
      113.9834496
      128.3023961
     -421.6374791
      90.25141939
   -0.01926268421
     -24.40949598
      403.9506122
     -17.12305843
      99.56629022
  0.0009587758983
     -1.120764521
     -641.8459149
      301.5478956
      94.43636661
  0.0001799258857
      3.120690754
      515.0794637
      73.97410037
      64.76840436
 -5.589029640E-05
     -1.389868935
     -276.3620081
     -66.21618448
      20.09260746
    0.05000000000
     0.1000000000
     0.1500000000
     0.2000000000
     0.2500000000
   Q=    0.0000
