      0.000000000
      0.000000000
      0.000000000
      0.000000000
      0.000000000
     -2.761016243
     0.3662075770
     0.5219020037
    -0.2603629225
    0.03557435560
      68.44896974
     -16.70628833
      2.434090741
     0.1477975955
   -0.08667127853
      326.1597997
     -14.34033189
     -9.851956507
      4.196339301
    -0.5833482474
     -248.8715898
      58.91553216
     -49.69891099
      15.76784841
     -1.871027545
      81.74025744
     -50.41842659
     -151.3019110
      46.05134961
     -4.817897022
     -16.99579843
     -280.9478305
     -394.3843029
      106.5985699
     -10.11080595
    -0.9936444147
     -88.20459472
     -643.7049144
      193.2259778
     -18.44372707
      1.634492453
      222.4610392
     -380.5952764
      290.2174638
     -30.80907278
    -0.5705717521
     -182.6728497
      358.7606952
      354.9345266
     -47.68480998
     0.1251717121
      93.80394754
      303.6031256
      235.2838592
     -70.07232086
   -0.01878969538
     -31.06496360
     -344.7131530
     -144.7785568
     -102.0061470
   0.001822507076
      6.110206627
      89.09039264
     -299.3491335
     -132.7616097
 -6.464126157E-05
    -0.2335398029
      46.57972071
      138.4028233
     -118.6530022
 -1.390638606E-05
    -0.3091053574
     -52.34911083
      324.3239200
     -49.48950758
    0.05000000000
     0.1000000000
     0.1500000000
     0.2000000000
     0.2500000000
   Q=    0.0000
