      6.324733891
     -7.137044792
      3.619527347
    -0.8955835102
    0.08589076231
      44.86451545
     -21.26450321
      5.790423373
    -0.7248685962
    0.01596979074
      154.8160285
     -37.13225848
      6.440553317
    -0.4978164596
  -0.008808468877
      356.0034371
     -18.93200905
     -5.395225218
      2.148641031
    -0.2618217451
      159.4233557
      117.7619988
     -35.92817113
      6.405841706
    -0.5581295490
     -154.1564107
      347.2578339
     -61.83441573
      8.587595301
    -0.7195011067
      59.27039104
      379.1909066
     -19.27996998
      3.161781332
    -0.4260392683
     -9.364521498
     -99.84159506
      146.7859206
     -13.07023747
      1.203852647
    -0.7152528208
     -270.0911375
      331.6552887
     -31.09529716
      6.352881954
     0.7366407794
      291.2473643
      182.5735519
     -22.76060103
      19.51510425
    -0.1947349605
     -147.9821497
     -338.6589259
      39.42481392
      46.21550616
    0.03071824178
      44.04693634
     -93.60107905
      139.5643012
      85.30217476
  -0.002943653413
     -6.124854803
      421.0631580
      143.4287919
      118.2073709
  7.592730896E-05
     -1.113531048
     -395.9137662
     -170.7642555
      110.8275403
  3.017156097E-05
     0.9483969624
      222.3345846
     -381.9646161
      51.63608404
    0.05000000000
     0.1000000000
     0.1500000000
     0.2000000000
     0.2500000000
   Q=    0.0000
