      0.000000000
      0.000000000
      0.000000000
      0.000000000
      0.000000000
     -35.30687425
      19.61341728
     -7.049695899
      1.470677434
    -0.1338371949
     -76.11457431
      20.33551419
     -4.164533723
     0.4023200265
   0.006156735331
     -141.6471888
      18.67173116
     -1.002331809
    -0.6680685889
     0.1478465834
      108.5203631
     -24.94461098
      18.65206602
     -6.010166746
     0.7468510544
     -34.03307677
     -19.56026092
      60.46030333
     -17.99006531
      1.975620164
      5.633468828
      88.99207832
      150.4279334
     -42.25937044
      4.372992232
     0.9441242600
      72.34915601
      244.1306369
     -76.62668327
      8.348152002
    -0.7652994157
     -107.4555861
      138.4382395
     -112.3368216
      14.79987553
     0.2380029330
      76.48076915
     -144.5423164
     -132.1263573
      24.62543560
   -0.04923870180
     -36.62987790
     -96.63516795
     -80.96525228
      38.25036499
   0.007123123157
      11.68083504
      117.2572401
      59.20661558
      55.10399016
 -0.0006680003948
     -2.223688962
     -28.43945353
      100.3944709
      66.52983920
  2.089387798E-05
    0.06379672229
     -18.90252404
     -52.04913479
      54.06719031
  5.594884853E-06
     0.1210698032
      20.14552386
     -99.50685610
      20.66014560
    0.05000000000
     0.1000000000
     0.1500000000
     0.2000000000
     0.2500000000
   Q=    0.0000
