 -0.0008141747393
  0.0008478298533
 -0.0004494296756
  0.0001272289440
 -1.529565088E-05
  -0.003580586981
   0.002290029505
 -0.0009480822859
  0.0002269153240
 -2.303711763E-05
   -0.01330162262
   0.006815406838
  -0.002706073094
  0.0005951591106
 -5.150619208E-05
   0.008506999775
    0.01613309457
  -0.005765379494
  0.0008780727065
 -3.769322708E-05
     0.1422097858
    0.05025350735
  -0.009889100421
  0.0004812247875
  5.678560156E-05
   -0.08236732813
     0.1279841266
  -0.003608892072
  -0.002222391134
  0.0002582429743
    0.02662046545
     0.1172255172
    0.03662143739
  -0.007179023147
  0.0003678818345
  -0.003956601269
  -0.005093658374
    0.09952094555
  -0.008627281196
 -3.481143580E-05
 -0.0002635231869
    -0.1176783584
     0.1267000848
   0.002258460742
  -0.001233454151
  0.0002879045023
     0.1161082868
    0.02197910517
    0.02893877346
  -0.002890068405
 -7.739513467E-05
   -0.05921973897
    -0.1103843496
    0.05059684032
  -0.003708714028
  1.263954509E-05
    0.01857240881
  -0.008521195491
    0.04028394343
  -0.002634236163
 -1.319421838E-06
  -0.003172459907
     0.1237096235
  -0.002136657584
  0.0002386713415
  5.982658093E-08
 -0.0001472103657
    -0.1293207189
   -0.05268399638
   0.002906361520
  7.925216360E-09
  0.0002971916500
    0.07785535565
   -0.06307386234
   0.002462643729
    0.05000000000
     0.1000000000
     0.1500000000
     0.2000000000
     0.2500000000
   Q=    0.0000
