  0.0002334036171
 -0.0002382555907
  0.0001267751498
 -3.644293567E-05
  4.462617507E-06
  0.0009548558641
 -0.0006417358924
  0.0002752251124
 -6.740781619E-05
  6.913281483E-06
   0.003994529212
  -0.002028757760
  0.0008020243164
 -0.0001753762919
  1.503517828E-05
  -0.002268881563
  -0.004734835501
   0.001677778286
 -0.0002528587584
  1.048071890E-05
   -0.03766812859
   -0.01458739008
   0.002820356123
 -0.0001271031242
 -1.784385878E-05
    0.02175165645
   -0.03561692798
  0.0008395893967
  0.0006687709151
 -7.737566284E-05
  -0.007067822930
   -0.03086759717
   -0.01055704162
   0.002081357180
 -0.0001115277395
   0.001070898699
   0.002837143655
   -0.02754608337
   0.002515061962
 -6.926569551E-06
  6.110895032E-05
    0.02971332958
   -0.03380517959
 -0.0003501463643
  0.0003128624999
 -7.437144239E-05
   -0.03005432999
  -0.004533040238
  -0.007302829211
  0.0007663180836
  2.025837319E-05
    0.01551688811
    0.02982876657
   -0.01283132695
   0.001030074255
 -3.338744850E-06
  -0.004926290865
  2.452443124E-05
   -0.01030121750
  0.0008301816510
  3.531805635E-07
  0.0008650152433
   -0.03049819445
  0.0001919557376
  0.0001286434564
 -1.691545941E-08
  2.691199729E-05
    0.03281586817
    0.01367292830
 -0.0006193934300
 -1.926430848E-09
 -7.494591138E-05
   -0.01997222349
    0.01661798901
 -0.0005908515753
    0.05000000000
     0.1000000000
     0.1500000000
     0.2000000000
     0.2500000000
   Q=    0.0000
