      0.000000000
      0.000000000
      0.000000000
      0.000000000
      0.000000000
  -0.008732535873
   0.003934792796
 -0.0008704462310
  3.292286078E-05
  1.297969529E-05
   -0.01489664726
 -0.0001685927820
   0.001586835833
 -0.0005395330210
  6.216994614E-05
    0.04578682247
   -0.01437878165
   0.004581446303
 -0.0009531825139
  9.169090881E-05
    0.09001384532
   -0.01452087926
   0.006977229513
  -0.001855476020
  0.0001878268928
   -0.05135675262
    0.02549210708
    0.01642035797
  -0.004377014852
  0.0003164511816
    0.01179746917
     0.1348088580
    0.05215171122
  -0.008284197439
  0.0002167282485
   0.001667948119
     0.1491437477
     0.1381273532
  -0.007407158526
 -0.0006910572849
  -0.001774753494
    -0.2673394828
     0.1984394983
    0.01425341403
  -0.002791875926
  0.0005784491901
     0.1933489182
    0.04298050246
    0.05872586765
  -0.004906752233
 -0.0001154254873
   -0.08287772601
    -0.1500141281
    0.08352793767
  -0.004675996760
  1.500655521E-05
    0.02112112816
   -0.06010798074
    0.04579194672
  -0.001353559011
 -1.016949165E-06
  -0.001616767805
     0.2330745211
   -0.03296516635
   0.002694918779
 -6.038420727E-08
  -0.001227559190
    -0.2236863817
   -0.06038995837
   0.003898363445
  2.948533946E-08
  0.0006905862107
     0.1303242764
   -0.04908002550
   0.002494877338
    0.05000000000
     0.1000000000
     0.1500000000
     0.2000000000
     0.2500000000
   Q=    0.0000
