     -14.77318864
      13.54331999
     -6.611310246
      1.745951302
    -0.1952506504
     -51.47541724
      32.62647696
     -12.23990046
      2.615497978
    -0.2478251722
     -282.7095439
      93.25089440
     -29.37769902
      6.246205533
    -0.6231704523
     -20.12989112
      105.5161495
     -43.34411165
      9.484009233
    -0.9054683680
      229.4806774
      232.8715777
     -77.00961028
      14.97164880
     -1.389615374
     -110.5801227
      240.3258051
     -76.61547855
      17.62986749
     -1.993123557
      32.59650196
     -44.28631995
     -35.65997832
      21.09860427
     -3.417994575
     -5.040538100
      54.52682416
      69.27315703
      24.11696362
     -6.589887320
    -0.1646353445
     -138.8659431
      219.9279483
      32.67948969
     -13.78036523
     0.3118557913
      133.1979496
      32.95202946
      42.45764375
     -27.09487786
   -0.09029203802
     -71.42620016
     -224.4678246
      14.93546324
     -46.98792859
    0.01580955539
      24.51858879
      114.9221428
     -6.609946308
     -67.60490799
  -0.001856729500
     -5.269239181
      43.16918452
      30.26275577
     -70.24737789
  0.0001281344143
     0.4082955542
     -92.42600252
     -28.44654450
     -43.25235501
  1.410517396E-06
     0.1883027443
      66.02350288
     -106.3893906
     -11.00571512
    0.05000000000
     0.1000000000
     0.1500000000
     0.2000000000
     0.2500000000
   Q=    0.0000
