     -24.12280733
      21.78482580
     -10.16594488
      2.498992683
    -0.2546066766
     -63.33639685
      38.13169479
     -12.78035981
      2.337838169
    -0.1858777580
     -259.6386988
      85.24925461
     -27.25295148
      5.800595965
    -0.5639949591
      524.6945952
      38.52876698
     -30.49335463
      6.674378268
    -0.5586789032
      232.6956424
      226.7881632
     -58.96537381
      8.752359797
    -0.6909258253
     -206.5120366
      328.7793269
     -29.00996218
      4.588432200
    -0.9466691268
      73.22948260
      362.4445315
      68.23376006
      6.256620385
     -2.939101368
     -9.970929762
      70.02832888
      282.6950552
      34.14376161
     -8.375354393
     -1.455005544
     -454.8316732
      428.1185976
      129.2986971
     -18.11467407
      1.034314299
      410.5057196
      186.5984392
      270.7524208
     -27.97392000
    -0.2600490172
     -198.0303140
     -348.4479423
      316.2023691
     -31.49293417
    0.04019161515
      57.59679804
     -173.3386835
      112.8268688
     -27.52736572
  -0.003782304394
     -7.734983435
      571.5567801
     -148.2627322
     -22.65150451
  8.242397599E-05
     -1.631054595
     -539.6973603
     -164.1053150
     -15.31810547
  4.290069540E-05
      1.327705609
      312.9359520
     -103.7273969
     -3.758360404
    0.05000000000
     0.1000000000
     0.1500000000
     0.2000000000
     0.2500000000
   Q=    0.0000
