      0.000000000
      0.000000000
      0.000000000
      0.000000000
      0.000000000
     -14.48026663
      2.729711960
      2.048215134
     -1.281197771
     0.2152578915
     -9.429191965
     -26.41167831
      17.27549306
     -4.839370233
     0.5221680240
     -185.8007815
     -98.22862646
      44.48981559
     -8.967489931
     0.7080349372
     -123.3405153
     -333.5605587
      83.76102060
     -10.44557813
     0.3745737510
      72.22570951
     -514.5272033
      53.27211318
      5.431070873
     -1.753995471
     -26.82718415
     -223.1911382
     -125.3481020
      55.09253474
     -7.439289654
      2.219056562
      48.95221533
     -423.1276969
      159.1029931
     -19.49599404
      1.586222393
      227.7441246
     -559.9946204
      309.7838674
     -39.62715209
    -0.7590194413
     -253.2261194
      42.32687744
      413.6789507
     -66.71355593
     0.1803770646
      135.2932038
      604.8383117
      286.9203229
     -97.48797873
   -0.02678109115
     -41.54453990
     -301.0016286
     -182.9958975
     -130.1870239
   0.002278552304
      5.878623728
     -148.0261687
     -474.8976051
     -159.4693984
  6.817463354E-06
      1.034791288
      253.7619000
      203.7115634
     -150.0554840
 -3.753672319E-05
    -0.8820430975
     -159.4241619
      686.5993668
     -71.17010148
    0.05000000000
     0.1000000000
     0.1500000000
     0.2000000000
     0.2500000000
   Q=    0.0000
