      0.000000000
      0.000000000
      0.000000000
      0.000000000
      0.000000000
     -12.01726155
      8.544361931
     -4.115812996
      1.160690010
    -0.1423934750
     -50.12714997
      24.38443624
     -9.852727957
      2.341254272
    -0.2356531147
      61.54473070
      47.10732341
     -20.45753327
      4.071167472
    -0.3155674647
      112.0016435
      151.0597747
     -36.70700541
      4.046160736
   -0.06002531669
     -55.94944547
      232.6254422
     -13.62714281
     -5.854387778
      1.202228655
      16.29128241
      137.8221746
      87.96449960
     -34.25421140
      4.435127044
   -0.05843884601
      56.77694416
      264.5428015
     -91.96009984
      11.23402050
     -1.464268915
     -215.2068423
      341.7021759
     -169.8317726
      22.74570162
     0.5733202094
      191.2640314
     -25.40103219
     -216.6600577
      39.34065937
    -0.1266646536
     -93.91013751
     -343.7267471
     -139.4855160
      60.16277718
    0.01797742740
      27.34862808
      139.0549381
      111.6511457
      83.51660777
  -0.001444967500
     -3.494931921
      134.8507376
      247.9914633
      102.3427001
 -2.050302094E-05
    -0.8485850361
     -186.5130408
     -121.6072123
      93.15241377
  2.718121055E-05
     0.6319542754
      114.3995170
     -374.0607823
      42.81875536
    0.05000000000
     0.1000000000
     0.1500000000
     0.2000000000
     0.2500000000
   Q=    0.0000
