      7.023428549
     -6.873292966
      3.497351708
    -0.9528770777
     0.1095998858
      27.39000661
     -16.84176493
      6.378201383
     -1.394829176
     0.1354500936
      122.9737937
     -44.19615516
      14.90820117
     -3.296106447
     0.3337022307
      21.70573011
     -56.66570025
      22.56670494
     -4.752930321
     0.4283273429
     -112.3745226
     -117.9104113
      36.01927406
     -6.198254368
     0.4806747365
      52.58549615
     -128.5368475
      28.70750161
     -3.870213315
     0.2066158063
     -16.12738938
     -2.170046867
     -4.199219041
      3.903420230
    -0.6470956273
      2.844796040
      13.62898689
     -54.84113981
      21.54071784
     -2.684490403
   -0.07814635040
      36.31985793
     -80.29822996
      46.17148243
     -6.424367266
    -0.1118008634
     -48.22230337
      19.71231945
      60.38586293
     -12.60088218
    0.03707024529
      28.92927815
      79.49968918
      36.13359343
     -21.78273412
  -0.006902834872
     -10.66907896
     -53.51982929
     -35.41870326
     -32.89868497
  0.0008619378484
      2.517054602
     -7.453724740
     -62.47655452
     -40.15030381
 -6.837534159E-05
    -0.2966810422
      29.19921498
      36.04721481
     -33.30378659
  1.393753836E-06
   -0.03996225388
     -21.50032787
      81.99913553
     -13.32509698
    0.05000000000
     0.1000000000
     0.1500000000
     0.2000000000
     0.2500000000
   Q=    0.0000
