     -13.68795790
      15.70352347
     -7.503179155
      1.633787758
    -0.1236108715
     -108.3967186
      46.59025141
     -10.55268258
     0.7664717613
    0.05512531738
     -332.0736184
      73.43705426
     -10.47507829
     0.4312228915
    0.04312489346
     -849.7617623
      64.61371098
      2.407151154
     -2.104505959
     0.2319153822
      917.0401542
     -123.6189401
      27.09755161
     -3.798158053
     0.1352688274
     -388.9125804
      69.52500064
      10.96147939
    -0.1384074453
    -0.6061820314
      97.14282124
      205.7897808
      51.72086877
      6.742385114
     -2.660623044
     -10.23254670
      366.6251745
      137.1661380
      38.74357934
     -7.680873101
     -1.934362366
     -623.0664919
      309.1955137
      104.1802426
     -14.93275916
      1.117293211
      456.8906310
      143.8220275
      193.8934836
     -21.28740342
    -0.2669422838
     -204.9722047
     -220.6450283
      191.7374804
     -20.42437628
    0.04106408347
      59.57040442
     -192.0840313
      50.48868473
     -12.64938339
  -0.004113104639
     -9.449275210
      482.3948990
     -84.21193374
     -2.314179686
  0.0001738202560
    -0.6585995450
     -440.8814236
     -79.66610883
      6.504880707
  2.623830280E-05
     0.9719172279
      255.7928850
     -123.8060553
      8.792673069
    0.05000000000
     0.1000000000
     0.1500000000
     0.2000000000
     0.2500000000
   Q=    0.0000
