      6.157573154
     -6.475386152
      2.736330967
    -0.4586564927
    0.01215546021
      37.86145646
     -13.69138167
      1.412698042
     0.4990298261
    -0.1086707518
      90.96071780
     -9.592665268
     -2.999057278
      1.265519625
    -0.1268132737
      184.9698101
      21.50512459
     -12.60365961
      2.210243833
    -0.1077675199
     -446.5000606
      101.7399121
     -15.16776910
   -0.06213046408
     0.2949509980
      232.4859330
     -49.65905541
      22.34873460
     -8.179275941
      1.210655889
     -64.79619679
     -271.9878707
      40.39244017
     -18.42021751
      2.751193118
      6.706791807
     -209.0661638
     -36.39392875
     -35.41654769
      5.235316413
      1.711131822
      475.3893097
     -246.4547421
     -65.39518633
      7.399238005
    -0.9107433376
     -363.3905928
     -239.2449594
     -115.7819679
      5.754293483
     0.2110685988
      160.3380859
      201.3952564
     -141.1078035
     -5.258728639
   -0.03084433976
     -43.14171790
      272.9661450
     -88.46599057
     -25.33456959
   0.002711796738
      4.836253971
     -537.2233807
      3.613889931
     -44.11148664
 -3.046266826E-05
      1.588269630
      452.0437290
      111.4434402
     -46.79171217
 -3.582972064E-05
     -1.072027136
     -246.5127385
      231.2179092
     -26.06786118
    0.05000000000
     0.1000000000
     0.1500000000
     0.2000000000
     0.2500000000
   Q=    0.0000
