      3.967921103
     -4.989506395
      3.211510385
     -1.088405946
     0.1520228926
      4.130423362
     -7.324344891
      5.322388647
     -1.812925197
     0.2411746954
     -20.70310652
     -20.85039123
      16.43836011
     -5.315827416
     0.6722781696
     -62.69714740
     -44.52819099
      33.06948610
     -10.07575844
      1.172243702
      74.49820031
     -35.14245663
      63.07143175
     -19.48439108
      2.075821747
     -35.33825613
      96.61448511
      118.2552435
     -33.51200030
      3.181084227
      12.73361642
      136.8774959
      185.5326517
     -47.72584156
      4.541663266
     -2.740291891
     -105.9550112
      143.9430503
     -56.76462023
      7.013930446
     0.3151355661
      31.90587544
     -48.74838735
     -65.81714044
      12.84881645
    0.01060852008
      3.807453386
     -93.91831319
     -65.39644891
      25.33639120
   -0.01356212419
     -9.133553190
      44.52481463
     -17.34068603
      47.69165875
   0.003307810847
      4.896081106
      8.964262148
      46.28189592
      75.93722264
 -0.0005051931476
     -1.577577403
     -12.04735167
      27.80569673
      89.10671507
  5.375882992E-05
     0.3360422055
      2.323721490
     -27.87226746
      65.80731241
 -3.693270653E-06
   -0.04044977899
      1.871107466
     -16.84595685
      22.67721120
    0.05000000000
     0.1000000000
     0.1500000000
     0.2000000000
     0.2500000000
   Q=    0.0000
