      0.000000000
      0.000000000
      0.000000000
      0.000000000
      0.000000000
     -151.5412401
      85.30459864
     -31.10327330
      6.669391804
    -0.6433223784
     -638.3457643
      179.2012050
     -44.56550624
      7.626831683
    -0.6574735309
     -781.9701465
      181.0860897
     -52.57365307
      11.24196039
     -1.162360075
      117.6261240
      165.3178234
     -74.79660744
      17.90571821
     -1.813672057
      81.73848485
     -170.1445423
     -67.42990719
      22.48341345
     -2.162939844
     -43.15807389
     -847.4311399
     -108.3484546
      22.74117804
    -0.9462078750
      3.068508673
      162.3751015
     -235.3224375
     -27.43325987
      5.874284177
      2.930028878
      431.0561054
     -237.1074680
     -187.8329732
      20.51258226
     -1.259818074
     -417.0825460
     -305.8445817
     -436.3197756
      40.02307915
     0.2723814713
      188.6592546
      118.2787091
     -558.5879813
      54.68146324
   -0.03584460363
     -45.31137336
      583.4976207
     -170.7999395
      59.48165122
   0.002164241813
     0.5167883438
     -945.7737596
      408.5959291
      65.71487348
  0.0002430636718
      4.515397659
      782.9564711
      200.5861817
      65.12118735
 -9.068000938E-05
     -2.200512071
     -433.2620550
     -160.6868196
      31.31163037
    0.05000000000
     0.1000000000
     0.1500000000
     0.2000000000
     0.2500000000
   Q=    0.0000
