      0.000000000
      0.000000000
      0.000000000
      0.000000000
      0.000000000
     -200.0844211
      113.7808724
     -42.06775590
      9.142199574
    -0.8872106106
     -768.3188478
      224.8155743
     -58.46519554
      10.15539176
    -0.8362595837
     -646.3943013
      228.8673451
     -72.01268383
      14.08140057
     -1.235675186
      294.0418746
      312.2448717
     -96.06701151
      16.33151408
     -1.207418516
     -14.72219206
      1.438884223
     -23.45517177
      4.634512126
    -0.1938355300
     -18.91741817
     -607.1865509
      84.53288742
     -19.94422343
      2.305383811
      5.070917403
      386.8731279
      196.9052263
     -89.35805010
      8.268558102
    -0.1041026568
     -21.71767990
      220.8168114
     -218.6356721
      15.46198271
    -0.2097547507
     -68.00793589
     -342.2409448
     -382.5607534
      16.86595413
    0.05366066846
      29.98203769
     -245.4087870
     -437.1334750
     0.9036425671
  -0.006001580558
     -1.616091654
      629.5091552
     -79.35249745
     -27.97479880
 -0.0001030808560
     -4.288298850
     -621.5540794
      376.8035590
     -34.38025959
  0.0001783923888
      2.708337452
      414.8390139
      73.93566077
     -7.330049003
 -3.997747698E-05
     -1.003130809
     -205.6232658
     -276.1821691
      7.041272924
    0.05000000000
     0.1000000000
     0.1500000000
     0.2000000000
     0.2500000000
   Q=    0.0000
