      0.000000000
      0.000000000
      0.000000000
      0.000000000
      0.000000000
      3.398205037
     -1.407039807
     0.2093310816
    0.04555896981
   -0.01517549684
      10.39976204
     -1.384872572
    -0.4663356101
     0.2901023466
   -0.04470138460
      14.49059379
   -0.02328474544
     -2.036902362
     0.8096869874
    -0.1020154403
     -19.85177838
     0.2066588965
     -6.386339781
      2.038492371
    -0.2036809995
      7.660481710
     -12.20290405
     -17.36036462
      4.195626436
    -0.3173214776
     -1.740282460
     -23.82236775
     -38.58473770
      6.642487476
    -0.3677715102
    -0.1184085596
     -12.19125714
     -55.93165503
      7.474269954
    -0.2707658099
     0.1876007809
      26.67178811
     -35.73496709
      6.201836730
    0.02217419709
   -0.06549246568
     -21.32344233
      23.31235988
      5.358415078
     0.6668993925
    0.01413537134
      10.46052288
      29.86822361
      4.670517132
      1.871223919
  -0.002064733427
     -3.277587494
     -25.71069070
     -3.016639821
      3.149890839
  0.0001882383120
     0.5666504601
    -0.6353614822
     -9.198213611
      3.020013979
 -3.652082988E-06
    0.02243884201
      11.98645047
      6.198921121
      1.243292944
 -2.185342530E-06
   -0.05119392421
     -9.595192467
      16.09636493
   -0.02850119036
    0.05000000000
     0.1000000000
     0.1500000000
     0.2000000000
     0.2500000000
   Q=    0.0000
