   -0.09604582587
     0.2922791124
    -0.2781409961
     0.1186721873
   -0.01922893160
     0.9312828378
     0.2255546564
    -0.5292527086
     0.2343013936
   -0.03545966390
      10.25320882
     0.8942135062
     -1.855131636
     0.7127192377
    -0.1015781011
      13.73872581
      4.981468290
     -4.285985498
      1.497352776
    -0.2093477555
     -6.601170266
      4.681439334
     -7.924235717
      3.184590402
    -0.4623099889
      1.504863880
     -7.818785486
     -13.70753315
      6.586837773
    -0.9931133312
    -0.4495369719
     -7.835442516
     -17.48096651
      12.53874938
     -2.068619270
     0.1638049172
      11.72363732
     -5.302598970
      21.52411936
     -4.136277309
   -0.05156107153
     -8.969221712
      17.31591154
      30.96025788
     -7.793398067
    0.01252287679
      5.047065532
      10.46768477
      29.83793537
     -13.62534207
  -0.002125720648
     -1.822864411
     -11.93420806
      8.130938438
     -21.47757975
  0.0002300939773
     0.3730442314
      1.541293168
     -15.70701446
     -28.42095714
 -7.111661391E-06
   0.008280121249
      4.973895265
     -10.92174452
     -28.22566315
 -3.149050288E-06
   -0.04200094851
     -5.790723686
      6.777867823
     -18.02454360
  8.427067705E-07
    0.01978834029
      3.761247446
      5.182959056
     -5.444598384
    0.05000000000
     0.1000000000
     0.1500000000
     0.2000000000
     0.2500000000
   Q=    0.0000
