      0.000000000
      0.000000000
      0.000000000
      0.000000000
      0.000000000
      30.56067489
     -16.89339046
      6.000770425
     -1.239832025
     0.1129882500
      59.31570346
     -19.22698261
      5.532856799
     -1.014711337
    0.08186962966
     -6.234918315
     -26.21500867
      10.40167547
     -2.019971290
     0.1547664502
      2.718932794
     -51.91721086
      15.40415187
     -2.300273549
     0.1018121473
     -5.365980024
     -19.72881747
      16.25025131
     -2.173830292
   -0.07442068889
      2.191542111
      69.79384272
      24.73117183
    -0.7450831025
    -0.7575400471
    -0.1618022260
     -17.65201113
      37.07751592
      5.487073335
     -2.554495062
    -0.1120482981
     -13.78125390
      9.563788465
      16.39571005
     -6.177485919
    0.04844050937
      15.23770470
     -8.652741863
      21.76793828
     -12.18578705
   -0.01061042481
     -7.295701438
      2.497785874
      16.18742985
     -19.89105822
   0.001465094685
      1.974366804
     -14.90202188
   -0.04722696977
     -25.47416412
 -0.0001087448039
    -0.1673131788
      26.01987278
     -15.54984613
     -23.98619216
 -4.483379912E-06
    -0.1169508673
     -23.51995746
     -5.263608898
     -14.95920210
  2.812216242E-06
    0.06901492304
      13.87617684
      7.623450564
     -4.643478322
    0.05000000000
     0.1000000000
     0.1500000000
     0.2000000000
     0.2500000000
   Q=    0.0000
