      0.000000000
      0.000000000
      0.000000000
      0.000000000
      0.000000000
      28.99627640
     -13.16867131
      3.373853518
    -0.4549820917
    0.02969715037
      90.89737777
     -13.93477531
     0.8608295531
   -0.07710842484
    0.03866915224
      145.9456263
      4.394292538
     0.2059593872
     -1.261365803
     0.2078887180
      42.29218181
      56.62990113
      8.998215557
     -4.600703743
     0.4274924367
     -42.04655369
      141.4322798
      49.02799326
     -10.59388377
     0.5457791835
      15.01402506
      209.2680113
      143.0099706
     -13.52443961
     0.1791631060
    -0.3605689388
      15.66746564
      255.5492180
      1.339366596
    -0.4243154336
     -1.244756496
     -181.8626387
      221.0077485
      45.01170378
     0.9636102699
     0.4984945830
      164.5716679
     -20.02579814
      94.35646816
      8.478438480
    -0.1097643676
     -79.15681052
     -170.8737390
      98.28681548
      23.99717963
    0.01546336932
      22.40664865
      7.385306603
      33.66698481
      41.32135935
  -0.001211743174
     -2.499875955
      181.4465864
     -46.23443710
      46.54766531
 -3.001513303E-05
    -0.9587838099
     -201.3727039
     -55.93373597
      32.08014225
  2.654724745E-05
     0.6405079778
      124.8278064
     -23.98149710
      10.57588909
    0.05000000000
     0.1000000000
     0.1500000000
     0.2000000000
     0.2500000000
   Q=    0.0000
