 -1.670567767E-13
  1.693656919E-13
 -8.907412152E-14
  2.517676702E-14
 -3.016597344E-15
 -7.324134354E-13
  4.715204760E-13
 -1.925150013E-13
  4.488324486E-14
 -4.389847643E-15
 -3.397780987E-12
  1.473960874E-12
 -5.339798216E-13
  1.113116651E-13
 -9.229891215E-15
 -1.288867021E-12
  3.134021881E-12
 -1.026322720E-12
  1.483180987E-13
 -5.568202602E-15
  2.028954133E-11
  8.528613886E-12
 -1.592901940E-12
  5.732378673E-14
  1.224547661E-14
 -1.122586928E-11
  1.972470116E-11
 -2.552644706E-13
 -4.256438063E-13
  4.781024968E-14
  3.629457326E-12
  1.488982703E-11
  6.374231257E-12
 -1.234044174E-12
  6.749067979E-14
 -5.707736510E-13
 -2.781679285E-12
  1.522463225E-11
 -1.447247254E-12
  1.008086484E-14
 -2.001369621E-14
 -1.335959997E-11
  1.730443321E-11
  5.349103657E-14
 -1.602194665E-13
  3.510502529E-14
  1.430668127E-11
  5.483051826E-13
  3.453306941E-12
 -4.051964091E-13
 -9.903859322E-15
 -7.616948908E-12
 -1.584626992E-11
  5.781096302E-12
 -5.786058049E-13
  1.674318656E-15
  2.502562734E-12
  3.259979827E-12
  4.421196679E-12
 -5.640522725E-13
 -1.841187494E-16
 -4.753065912E-13
  1.193709029E-11
  1.548071558E-13
 -2.857447622E-13
  1.021437300E-17
  5.355280904E-15
 -1.432877143E-11
 -6.245738262E-12
  1.270586342E-13
  6.990468245E-19
  3.187408004E-14
  9.067987610E-12
 -7.785930981E-12
  2.154144541E-13
    0.05000000000
     0.1000000000
     0.1500000000
     0.2000000000
     0.2500000000
   Q=    0.0000
