      0.000000000
      0.000000000
      0.000000000
      0.000000000
      0.000000000
     -12.40156273
      5.010132358
    -0.7588141056
    -0.1131702858
    0.03711528784
     -119.3106241
      21.01713266
    -0.9014325429
    -0.5010116891
    0.06395025380
     -475.0500055
      13.56110831
      7.176461840
     -1.330560774
    0.02132933611
     -21.60503645
     -126.8778367
      18.58955609
     0.5706929059
    -0.3384511963
      77.66344051
     -270.3330972
     -9.481481697
      9.591518862
     -1.047117076
     -32.16028580
     -473.6747958
     -108.3319145
      25.23073531
     -1.730490064
      1.781770676
      46.01467299
     -327.3718419
      37.79457586
     -1.496941581
      2.320483166
      341.0697506
     -386.9188303
      12.03222392
     0.5604235880
    -0.9841265814
     -327.0525286
     -116.8703563
     -57.74319437
      2.576981763
     0.2174069137
      155.7514135
      345.2586665
     -141.8226556
     0.7378543651
   -0.02991325459
     -41.71479618
      118.2484618
     -133.9633412
     -9.516840386
   0.002129774827
      3.221810454
     -500.6966549
     -5.622428843
     -23.18715312
  0.0001147392528
      2.565566038
      480.9185698
      167.4422950
     -28.10217448
 -6.027493530E-05
     -1.445178472
     -277.5214899
      217.1920903
     -15.57040418
    0.05000000000
     0.1000000000
     0.1500000000
     0.2000000000
     0.2500000000
   Q=    0.0000
