     -16.08302375
      12.78105806
     -3.677034177
     0.1958281927
    0.05313674410
     -61.94654163
      16.32807494
      1.636810990
     -1.598444116
     0.2083709453
     -205.1531080
      13.51640685
      8.848530322
     -3.019408005
     0.3046689167
     -278.1773767
     -68.93267020
      32.49010185
     -6.142282773
     0.4509957311
     -17.77467980
     -194.0612413
      47.17327471
     -5.961269633
     0.2845973565
      54.64049942
     -245.1950492
      35.97091183
     -2.241211779
   -0.01442788885
     -25.96103562
     -144.9784097
     -28.14650451
      6.961380835
    -0.4141528028
      4.789274698
      76.61708934
     -148.5228957
      14.59354697
    -0.1580328386
     0.1513696819
      93.93200549
     -204.2293941
      3.680572174
      1.408114343
    -0.3170080479
     -125.4065652
     -27.79815012
     -31.33603859
      4.000115589
    0.09093363596
      69.51945846
      183.7402557
     -64.69042530
      6.179929273
   -0.01516906987
     -22.39019011
     -22.83464761
     -62.90576624
      5.901630281
   0.001568486513
      3.722054180
     -147.8912000
     -11.48825090
      1.851856919
 -6.166495267E-05
     0.2880463166
      165.8474145
      84.50225800
     -3.289754939
 -1.186829805E-05
    -0.4065013872
     -100.7469800
      104.6762365
     -3.290588929
    0.05000000000
     0.1000000000
     0.1500000000
     0.2000000000
     0.2500000000
   Q=    0.0000
