      0.000000000
      0.000000000
      0.000000000
      0.000000000
      0.000000000
  9.090028297E-05
 -3.305678867E-05
  1.507361789E-06
  2.580238488E-06
 -5.598778377E-07
 -0.0003097836621
  0.0001554904197
 -6.314885321E-05
  1.523699734E-05
 -1.607779141E-06
  -0.002953722672
  0.0004833909510
 -0.0001145978447
  2.386661858E-05
 -2.583180964E-06
  -0.002524617506
  2.553173844E-05
 -0.0001350513834
  5.158514655E-05
 -5.985883651E-06
   0.001688954086
  -0.001681037332
 -0.0004301125813
  0.0001405009933
 -1.117027155E-05
 -0.0004431270937
  -0.005510602944
  -0.001669971849
  0.0002908821862
 -1.031345770E-05
 -3.810825101E-05
  -0.003825476011
  -0.004781087670
  0.0003107051587
  1.498907528E-05
  5.691882329E-05
   0.008542849739
  -0.006869003904
 -0.0003519287189
  7.739594118E-05
 -1.943463259E-05
  -0.006494838087
  -0.001833666808
  -0.001805460453
  0.0001369631626
  3.958627647E-06
   0.002843864309
   0.005575270012
  -0.002789968572
  0.0001125145662
 -5.208368758E-07
 -0.0007322875361
   0.002000087327
  -0.001726197481
 -2.997461151E-05
  3.566217379E-08
  5.613248352E-05
  -0.008208436949
  0.0008199060070
 -0.0001978256030
  2.078300209E-09
  4.307416288E-05
   0.007893823593
   0.002270999734
 -0.0002441345928
 -1.029186889E-09
 -2.422808923E-05
  -0.004588614982
   0.002228390508
 -0.0001396833263
    0.05000000000
     0.1000000000
     0.1500000000
     0.2000000000
     0.2500000000
   Q=    0.0000
