  -0.003965235765
   0.004655237576
  -0.002358826068
  0.0005785926994
 -5.610246077E-05
   -0.02884240418
    0.01366673204
  -0.003989134787
  0.0006424711318
 -4.432444487E-05
   -0.07177171556
    0.02524586975
  -0.007788083615
   0.001530613947
 -0.0001311365932
   -0.08790634300
    0.05014000720
   -0.01520660810
   0.002266559170
 -0.0001055829351
     0.7129879782
     0.1170259870
   -0.02596594373
   0.001615397847
  8.173121999E-05
    -0.3962669526
     0.4356236650
   -0.02101548274
  -0.004418076053
  0.0004747126769
     0.1217770859
     0.5169048119
     0.1062216643
   -0.01848891409
  0.0004376720733
   -0.01631186190
     0.1189702868
     0.3562240899
   -0.01853563248
  -0.001824054716
  -0.001860873547
    -0.6554420949
     0.5474332259
    0.03375690158
  -0.007313952991
   0.001447398500
     0.5810430117
     0.1855548626
     0.1608503718
   -0.01384496678
 -0.0003688379310
    -0.2813709630
    -0.4481141916
     0.2644302845
   -0.01412023421
  5.810425954E-05
    0.08406500534
    -0.1936009474
     0.1969050303
  -0.003443818194
 -5.768468559E-06
   -0.01287756518
     0.7083282274
   -0.03878987806
    0.01343218297
  2.070708430E-07
  -0.001403447178
    -0.6762794825
    -0.2460334126
    0.02282023314
  4.625498181E-08
   0.001574873157
     0.3929333796
    -0.2838677396
    0.01530917062
    0.05000000000
     0.1000000000
     0.1500000000
     0.2000000000
     0.2500000000
   Q=    0.0000
