      0.000000000
      0.000000000
      0.000000000
      0.000000000
      0.000000000
     -15.34332972
      9.582161890
     -3.997676479
     0.9887878132
    -0.1085323798
     -88.74078420
      29.31225874
     -8.823033294
      1.743853581
    -0.1580119139
     -71.22985223
      38.09148609
     -13.00629945
      2.580046302
    -0.2275332529
      26.40800623
      74.60719133
     -21.64158970
      3.715579304
    -0.3085665359
      3.877015573
      45.21623164
     -13.36827571
      2.904294455
    -0.3305585700
     -3.182321072
     -107.5577263
      3.880687092
      1.915897692
    -0.4599935615
     0.2870757647
      28.78682829
      17.45184582
     -2.871250127
    -0.5996239188
     0.1853605246
      26.77476747
      36.88696421
     -15.92415357
     -1.268192629
   -0.07745155936
     -25.17783572
     -42.91428746
     -38.34164532
     -3.514790620
    0.01506459086
      9.183623942
     -52.61137052
     -61.03411647
     -8.652202013
  -0.001577387472
     -1.017883490
      117.7174764
     -27.30497950
     -15.40965867
  7.187599018E-07
    -0.7242488182
     -115.7676624
      50.69108595
     -16.37152940
  3.493898490E-05
     0.5106632554
      76.83962335
      20.51884428
     -8.189685435
 -7.901067624E-06
    -0.1907916907
     -37.60332571
     -34.79812127
     -1.076423194
    0.05000000000
     0.1000000000
     0.1500000000
     0.2000000000
     0.2500000000
   Q=    0.0000
