      0.000000000
      0.000000000
      0.000000000
      0.000000000
      0.000000000
     0.1028155509
   -0.05163647094
    0.01538010616
  -0.002368012101
  0.0001317692626
     0.4827077022
   -0.09857184888
    0.01120297180
  0.0003027249924
 -0.0001320003588
      1.194814825
   -0.03904988853
   -0.01603841640
   0.002872671494
 -3.680323757E-08
     0.1477174316
     0.3471065442
   -0.05264308853
  -0.001047984093
  0.0008728644853
    -0.2434536525
     0.8705860719
   0.007018864531
   -0.02497559605
   0.002846870262
    0.09361461178
      1.281759763
     0.3206346232
   -0.07328460108
   0.004884249838
  -0.003555138771
  -0.001470626743
     0.9784582031
    -0.1105913114
   0.003830460081
  -0.007448118623
     -1.099714542
      1.268355206
   -0.03718018710
  -0.003139368625
   0.003047809487
      1.015116167
     0.3323469218
     0.1857605553
   -0.01173221996
 -0.0006676350622
    -0.4805086484
     -1.138205179
     0.4220320909
   -0.01003620589
  9.185206356E-05
     0.1295675543
    -0.2367416460
     0.3815408668
    0.01305998194
 -6.631100512E-06
   -0.01087586928
      1.428488883
   0.009794188876
    0.04768944737
 -3.223068410E-07
  -0.007436861288
     -1.411851036
    -0.4919224565
    0.06413890696
  1.795034543E-07
   0.004296328813
     0.8240040028
    -0.6231980315
    0.03749185525
    0.05000000000
     0.1000000000
     0.1500000000
     0.2000000000
     0.2500000000
   Q=    0.0000
