     -38.10641075
      32.14363850
     -13.84907428
      3.029742998
    -0.2546619008
     -168.3662233
      91.62351563
     -26.78352119
      3.747332297
    -0.1519300247
     -965.7526829
      244.5672893
     -50.65126071
      5.926437470
    -0.2142569178
     -192.8601457
      208.5248325
     -48.45612106
      3.293556582
     0.2659346355
      844.6646987
      576.8803472
     -69.68344993
     -4.324702035
      1.232951984
     -405.3784249
      827.8385551
      63.07989579
     -30.36308000
      2.531268835
      121.9017940
      149.3737678
      318.8948864
     -51.58570621
      2.452195816
     -19.46144535
      25.46073593
      513.7006588
     -50.75163343
     0.2986480125
    -0.2021732494
     -409.3237735
      518.1893511
     -5.860308490
     -5.393410235
      1.014495308
      428.0942860
     -86.21951621
      82.90202540
     -14.36192942
    -0.3031382754
     -235.6416942
     -511.3131774
      119.4162076
     -25.81456869
    0.05385390174
      82.35553548
      273.5044317
      77.13331257
     -39.94344045
  -0.006415897476
     -18.07217073
      174.3228628
      25.58703372
     -46.89526050
  0.0004558855750
      1.516354032
     -315.5303846
     -131.9320152
     -31.58473775
  2.310200364E-06
     0.6035333698
      223.9246448
     -225.3912778
     -7.592956916
    0.05000000000
     0.1000000000
     0.1500000000
     0.2000000000
     0.2500000000
   Q=    0.0000
