      0.000000000
      0.000000000
      0.000000000
      0.000000000
      0.000000000
     -51.78134233
      29.92941758
     -11.33523498
      2.517163024
    -0.2459524541
     -197.3131677
      59.24700155
     -15.38849406
      2.491040072
    -0.1666131756
     -268.2274001
      70.72179468
     -16.91375339
      2.103912624
   -0.04773236053
      122.5499068
      74.10067878
     -7.727830808
     -2.404656507
     0.5901019541
     -13.77190741
      34.71056781
      44.56374178
     -17.10247592
      2.233182835
     -2.478722427
     -103.0069386
      147.5346686
     -46.66485229
      5.645716091
     0.9274400463
      72.72779201
      223.8428719
     -97.02638552
      12.16823022
   0.008372280397
      7.227945936
      120.6443846
     -168.2400737
      22.70083771
   -0.04253767607
     -16.29380417
     -217.8980678
     -232.3179384
      36.22224483
   0.006718863036
      1.316317764
     -121.3257793
     -199.4182145
      48.93909340
  0.0003113695092
      3.727879633
      295.3972262
      22.72776328
      57.76908392
 -0.0003437246818
     -2.682199977
     -257.4899822
      194.1716640
      61.47477816
  8.612551845E-05
      1.134937853
      155.4528591
     -12.51409389
      50.10529488
 -1.429298355E-05
    -0.3547878261
     -72.46764481
     -147.2517721
      20.10778171
    0.05000000000
     0.1000000000
     0.1500000000
     0.2000000000
     0.2500000000
   Q=    0.0000
