      0.000000000
      0.000000000
      0.000000000
      0.000000000
      0.000000000
     -47.47346590
      25.68627876
     -8.869641980
      1.764491283
    -0.1535082396
     -71.50542990
      16.77542805
     -2.671204945
     0.1325695536
    0.01428922596
     -122.8713268
      8.813483087
     0.3554694200
    -0.2260691811
    0.01244778120
      48.37329099
     -62.77754992
      19.03148843
     -3.250553905
     0.2205218596
     -8.279976946
     -109.9480014
      37.64225440
     -6.077317315
     0.3246206654
     -1.499904048
      9.277451777
      63.10498066
     -10.77705375
     0.5302134941
     0.9774828092
      53.65685770
      81.00087956
     -13.64983433
     0.9021786300
    -0.1632758090
     -21.50202477
     -4.222164097
     -14.22212409
      2.926781663
   0.002238325009
     -1.048106688
     -89.89256357
     -21.42114937
      9.398156604
   0.003509695568
      2.542563050
      39.97920845
     -20.33473868
      22.84147123
 -0.0005615906119
    -0.2972338794
      34.27699117
      2.726603899
      41.56660053
 -5.194382725E-06
    -0.4132062462
     -58.39747786
     0.2729648112
      52.62928083
  1.822705271E-05
     0.2876322898
      43.63509373
      5.069310266
      39.58608728
 -4.234627950E-06
    -0.1078245577
     -21.38247153
      43.47528221
      12.82110067
    0.05000000000
     0.1000000000
     0.1500000000
     0.2000000000
     0.2500000000
   Q=    0.0000
