      10.15370361
     -10.00347553
      4.790186647
     -1.161591754
     0.1101802294
      30.32730089
     -18.68613839
      6.781214244
     -1.209236127
    0.06234661108
      82.38692715
     -50.27872475
      17.76302234
     -2.829844482
     0.1205638830
     -120.6414302
     -98.78043766
      24.77681722
     -1.186480562
    -0.2002719277
     -301.6045324
     -267.9288254
      20.95257012
      4.057034026
    -0.5378367873
      182.7792222
     -416.3287706
     -52.87836096
      14.79069515
    -0.4801743380
     -62.81004074
     -258.0284832
     -207.2770760
      18.74764738
      1.400354484
      10.47337355
      82.56772110
     -355.7046805
    -0.8607459456
      6.537266905
     0.1844228448
      205.0056688
     -305.1852798
     -52.09245414
      16.18021530
    -0.5902783868
     -240.1164255
      47.43963864
     -104.9052250
      29.89537031
     0.1727882288
      132.4510678
      256.8577737
     -106.2183681
      44.34274648
   -0.02982747788
     -44.66839955
     -72.51570115
     -57.16221476
      51.17399684
   0.003350348493
      8.794611245
     -191.2759224
      11.91587046
      40.55837049
 -0.0001955708105
    -0.2206465657
      243.7534457
      103.3425292
      16.91906931
 -1.095100714E-05
    -0.5408469606
     -158.2235251
      121.0006229
      1.121679232
    0.05000000000
     0.1000000000
     0.1500000000
     0.2000000000
     0.2500000000
   Q=    0.0000
