      8.810985499
     -10.68960482
      5.056819702
     -1.024340934
    0.05999321058
      90.54120098
     -36.79800973
      7.064889894
   0.001834392308
    -0.1360384959
      310.1003999
     -52.10311553
    -0.2309477002
      2.274055638
    -0.3096312446
      1088.181580
    -0.9523730990
     -32.08138101
      7.346249810
    -0.5417444562
      247.8281833
      421.6880268
     -95.03927905
      9.575767924
    -0.1416061588
     -322.1471976
      876.2911820
     -72.01773283
     -6.508209419
      1.543671026
      132.8470409
      896.4081490
      136.9594713
     -44.26958409
      4.132135826
     -21.97004394
     -290.8562819
      570.5282904
     -89.65676463
      6.423880565
     -1.364719973
     -563.3980857
      777.4392622
     -75.92794684
      5.870472299
      1.636819386
      644.3288276
      248.0141105
      57.79974841
      3.344451548
    -0.4428233126
     -335.7419636
     -708.1727088
      279.0509867
      5.553454659
    0.07102599527
      102.3246520
     -168.5748191
      360.0425435
      22.39830767
  -0.006956117797
     -14.96901055
      912.9784130
      90.00985511
      49.19864135
  0.0002026504502
     -2.314951965
     -892.5291519
     -429.5922592
      59.65536008
  6.742259289E-05
      2.159783092
      515.4788088
     -553.6194687
      32.50356211
    0.05000000000
     0.1000000000
     0.1500000000
     0.2000000000
     0.2500000000
   Q=    0.0000
