      0.000000000
      0.000000000
      0.000000000
      0.000000000
      0.000000000
      28.32714073
     -16.15954591
      6.049709665
     -1.345677987
     0.1350869821
      37.94452467
     -14.82041276
      5.271404375
     -1.210850251
     0.1275007922
     -41.99158716
     -21.57943162
      11.43788280
     -2.866937696
     0.3083761073
      25.24516621
     -40.70161944
      19.11179805
     -4.952362649
     0.5540083395
     -10.58256290
      6.143694459
      31.29602644
     -10.32156706
      1.215422968
      3.217552770
      77.00981657
      61.99490345
     -21.28358067
      2.571624956
    -0.1948329067
     -16.19605836
      87.62535648
     -38.55260529
      5.391468117
    -0.1640624102
     -20.06377891
      37.00545590
     -60.34980401
      11.06061278
    0.07155026393
      22.44916832
     -45.21670756
     -73.25915683
      21.39571951
   -0.01662504012
     -12.19786486
     -31.69655756
     -41.15597522
      37.48640768
   0.002499476288
      3.946751898
      29.68104892
      37.11071150
      56.42046884
 -0.0002291843257
    -0.6789454177
      3.088358641
      59.09783231
      66.12322865
  4.616276799E-06
   -0.02575096909
     -14.42687260
     -29.22217474
      51.45290350
  2.493763512E-06
    0.05667273156
      9.731988186
     -64.48382821
      19.31046668
    0.05000000000
     0.1000000000
     0.1500000000
     0.2000000000
     0.2500000000
   Q=    0.0000
