     -13.73074877
      14.54641961
     -7.494136297
      1.999283844
    -0.2199152241
     -45.46925277
      27.97917694
     -11.04255210
      2.446422433
    -0.2253381602
     -117.6435130
      69.76320545
     -28.73778056
      6.466390757
    -0.5959839287
     -85.06657232
      122.7997846
     -45.47831819
      8.396116228
    -0.5639032558
      50.12632315
      180.8856101
     -67.03792322
      10.14445404
    -0.2742251626
     -1.351690887
      89.10310272
     -85.19126141
      4.453988674
      1.526810194
     -1.616913215
     -152.3814501
     -109.5090331
     -22.98075727
      6.571834543
    -0.6119204848
     -21.70033489
     -100.8812162
     -94.45280724
      17.04406774
     0.4502694767
      70.74507939
     -9.010339881
     -202.2154273
      33.94472873
    -0.1306425494
     -46.51742923
     -14.68658421
     -270.1778294
      56.54284765
    0.02280135193
      16.33406114
     -46.66031935
     -188.2766541
      81.59143624
  -0.002342169643
     -2.643152297
      101.4829242
      62.96411103
      102.0110174
  1.866954925E-05
    -0.6307654138
     -115.3964615
      209.7981962
      106.4605496
  4.775132709E-05
     0.6450329360
      92.20804257
     -31.09068642
      81.07988699
 -1.141102406E-05
    -0.2716598198
     -53.90812223
     -196.0776324
      31.70580590
    0.05000000000
     0.1000000000
     0.1500000000
     0.2000000000
     0.2500000000
   Q=    0.0000
