      0.000000000
      0.000000000
      0.000000000
      0.000000000
      0.000000000
      7.750329020
     -3.803368066
      1.073114274
    -0.1448406306
   0.004993617906
      29.38303427
     -5.290811209
     0.2475110354
     0.1402484949
   -0.02176056858
      51.37150482
      1.445038294
     -1.951252075
     0.3821739157
   -0.02228829838
     -11.94296409
      22.05436528
     -4.513472845
     0.3939056185
   0.001108631889
     -1.293957512
      41.72403989
     -3.567156081
    -0.3042773006
    0.07665114318
      2.242181408
      35.19810076
      5.605486351
     -2.026244632
     0.2054681100
    -0.5475774604
     -32.27389271
      21.08727063
     -4.134846020
     0.3403023827
   0.003323655480
      1.624798075
      23.23949731
     -5.005563607
     0.4116154471
    0.03110954500
      10.20628834
      6.822626117
     -2.948178840
     0.3574563119
  -0.009321906427
     -6.760712692
     -26.34049231
      3.724305392
     0.2708180944
   0.001480801883
      2.108498929
      1.720753644
      9.695409130
     0.5608416275
 -0.0001228005912
    -0.2193435033
      22.31122829
      7.347199461
      1.360618965
 -3.191527379E-06
    -0.1135602391
     -23.86058930
     -12.27182807
      2.018990283
  2.815073264E-06
    0.07079260029
      14.06913096
     -20.87370033
      1.201746630
    0.05000000000
     0.1000000000
     0.1500000000
     0.2000000000
     0.2500000000
   Q=    0.0000
