      0.000000000
      0.000000000
      0.000000000
      0.000000000
      0.000000000
     -25.67520884
      13.71207544
     -4.626213354
     0.8841032894
   -0.07167993651
     -34.18788257
      6.880988591
    -0.4332778942
    -0.2274278807
    0.04775762066
     -66.83840194
     0.5446560573
      2.746628993
    -0.9316427130
     0.1151802478
      45.74649585
     -43.98698738
      17.32239739
     -3.993704910
     0.4028592047
     -15.05758365
     -55.97684333
      36.06032513
     -8.560567100
     0.8102713393
      1.925727482
      50.43960238
      68.41697791
     -16.59908954
      1.534357975
     0.6930204286
      44.71702200
      99.40467257
     -24.19726960
      2.626728782
    -0.3901492005
     -55.54817754
      35.03614970
     -25.98223398
      4.990879546
     0.1057477661
      33.69799045
     -63.75750750
     -22.08525711
      10.38217903
   -0.01978986156
     -14.17587619
     -2.725135087
     -3.212937150
      20.34888846
   0.002642137658
      4.100186304
      16.90153991
      22.02097473
      33.43308186
 -0.0002247592803
    -0.6802290496
      2.955893493
      2.690157059
      40.16639487
  3.216159220E-06
   -0.02562157742
     -13.26300372
     -16.40265054
      29.28434507
  2.707219936E-06
    0.05922042337
      10.69179190
      11.04536496
      9.368343295
    0.05000000000
     0.1000000000
     0.1500000000
     0.2000000000
     0.2500000000
   Q=    0.0000
