     -36.47258967
      30.93819348
     -14.27897513
      3.615706465
    -0.3916866137
     -46.16660254
      39.04718333
     -16.02585616
      3.619004690
    -0.3615615490
     -246.7059640
      103.4422101
     -41.82424981
      10.30209806
     -1.096826669
      1525.136803
      10.12813702
     -54.03987711
      14.03455190
     -1.349650836
     -238.3452621
      442.0480372
     -126.2215501
      22.32772626
     -1.992980038
     -89.79940733
      449.1419219
     -86.90620873
      20.63210528
     -2.781580982
      58.42731938
      472.5286110
      7.852947972
      31.23265240
     -5.992336991
     -9.112830841
     -58.87741101
      314.6778717
      68.64355717
     -12.90206917
     -1.578064626
     -424.5244368
      534.6328083
      192.1117282
     -24.31508669
      1.105616310
      428.2603095
      309.9786857
      365.1160160
     -33.22101703
    -0.2772237214
     -209.7378189
     -457.0963150
      422.3595823
     -31.76469008
    0.04171601357
      58.52919730
     -251.1942801
      152.5131234
     -19.91555902
  -0.003550400616
     -5.813792453
      752.2711550
     -190.6243994
     -11.92071821
 -2.449163111E-05
     -2.898734919
     -691.8483119
     -225.3016129
     -7.957980434
  6.380360113E-05
      1.793012292
      392.8227618
     -139.6892908
     -1.639052427
    0.05000000000
     0.1000000000
     0.1500000000
     0.2000000000
     0.2500000000
   Q=    0.0000
