     -19.07328325
      16.37499426
     -6.058688280
     0.9901344888
   -0.05182386548
     -76.15851641
      28.95030375
     -4.540625762
   -0.01940800478
    0.04243430922
     -284.1807240
      52.50900389
     -6.593864689
     0.6177060526
   -0.07073055814
     -304.4107700
     -1.215698765
      5.133985303
    -0.2727301539
   -0.08606765082
      59.76952555
     -68.49249844
      4.483784031
      2.040630859
    -0.3706928087
      22.40731133
     -134.2849360
     -4.083454036
      5.086287519
    -0.5624199962
     -16.21564891
     -185.1002647
     -38.76059925
      9.129074753
    -0.4693452644
      2.826859419
      66.83323056
     -106.4301702
      4.817890977
     0.8618451848
     0.3112913145
      87.06241093
     -129.4390118
     -21.51138568
      3.947271123
    -0.2741829317
     -104.3534528
     -59.57196884
     -66.27230669
      8.051504384
    0.07120051944
      53.42132395
      111.0387795
     -93.26064999
      10.90741078
   -0.01090257510
     -15.29575724
      60.77572405
     -51.64979055
      10.15954115
  0.0009480952812
      1.622751799
     -189.4579767
      26.12645023
      5.885823143
  2.066403300E-06
     0.7091596378
      175.3134837
      68.36420498
     0.2990694477
 -1.599859374E-05
    -0.4519779735
     -99.16188931
      66.77722617
     -1.938761046
    0.05000000000
     0.1000000000
     0.1500000000
     0.2000000000
     0.2500000000
   Q=    0.0000
