      4.541033324
     -5.242376312
      2.651821085
    -0.6508540956
    0.06260539360
      34.24815841
     -16.34484531
      4.702806588
    -0.7104410805
    0.04026511764
      109.6861807
     -32.55890436
      8.298079545
     -1.356126012
    0.09713105937
      221.3185704
     -51.16285357
      11.24800870
     -1.259737579
    0.01816728302
     -470.1505746
     -63.10586321
      11.29756087
     0.2366112094
    -0.1753103424
      232.3187930
     -236.5108278
     0.8044017610
      4.984749415
    -0.4580306867
     -67.76991214
     -235.9893883
     -83.05372541
      13.57557372
    -0.3615664344
      9.194133142
     -71.89584540
     -209.3996755
      10.76444478
      1.246185272
     0.8181573969
      331.7101306
     -281.2460860
     -20.64066819
      4.820678728
    -0.7231512089
     -294.0052642
     -51.38286481
     -85.04200410
      9.413415095
     0.1887913765
      144.7789791
      233.0854570
     -122.3336725
      11.74497797
   -0.03053796489
     -44.89885459
      39.26351099
     -77.75995228
      9.922710908
   0.003200699620
      7.772192443
     -294.0242792
      21.54336361
      4.027016893
 -0.0001532690701
     0.2525450797
      301.3637852
      104.3409639
     -2.725912384
 -1.713552133E-05
    -0.6744176978
     -181.4348914
      125.9744390
     -4.369509779
    0.05000000000
     0.1000000000
     0.1500000000
     0.2000000000
     0.2500000000
   Q=    0.0000
