      0.000000000
      0.000000000
      0.000000000
      0.000000000
      0.000000000
     -88.48885437
      48.31592642
     -16.96971285
      3.486573910
    -0.3218019760
     -141.7118396
      36.58811274
     -8.052079769
      1.312223411
    -0.1318342987
     -189.5557522
      26.58254059
     -8.953652530
      2.990708992
    -0.4492871944
      17.42242670
     -80.94274744
      4.759554779
      3.892496978
    -0.8202897926
      18.33070024
     -216.4120871
     -3.729196550
      12.08839751
     -2.054160404
     -11.32739973
     -135.7403891
     -42.36590643
      25.69551073
     -4.032742436
      1.429471934
      61.91574254
     -87.65976251
      42.00323426
     -6.958856341
     0.5480661381
      80.83586926
     -135.1051924
      44.07617914
     -9.614672442
    -0.2962026991
     -99.16889133
     -64.27599610
      4.205322512
     -9.798962021
    0.07046662534
      50.98797500
      154.8801347
     -54.30629583
     -4.798787067
   -0.01010875434
     -14.26282598
      15.67965546
     -59.31170307
      7.281870321
  0.0007550376112
      1.217355861
     -162.4167176
     -9.431196359
      20.45190676
  3.394585440E-05
     0.8437553117
      163.1235115
      66.42013134
      20.18875198
 -2.008306020E-05
    -0.4888755957
     -94.88952575
      97.56597836
      7.257959595
    0.05000000000
     0.1000000000
     0.1500000000
     0.2000000000
     0.2500000000
   Q=    0.0000
