      9.217705392
     -11.09510169
      5.369047458
     -1.163921956
    0.08517768561
      85.64184601
     -36.21691679
      7.985465469
    -0.4936007273
   -0.05911944807
      267.4936250
     -55.10865225
      5.892805993
     0.3354199431
    -0.1020184925
      811.8120930
     -40.05164058
     -9.605923551
      3.072077277
    -0.2638565018
     -421.7892331
      194.2684210
     -42.65587686
      4.806144346
    -0.1224994043
      109.5548669
      237.8947075
     -27.35862573
     -1.577815702
     0.6750647194
     -10.74825521
      174.1802320
      15.06939952
     -14.90991422
      2.248158145
     -1.376905732
     -290.6645796
      103.9163815
     -41.60901203
      5.104189280
     0.6110410656
      158.8318204
      79.99114055
     -66.74876462
      8.340475133
   -0.08680739901
     -43.31392907
      7.082480578
     -71.82692907
      11.11385187
   0.004501640576
      4.711951950
     -110.3006509
     -11.07174817
      12.47509356
  0.0002123561239
     0.1186612282
      54.00741310
      76.62918158
      15.05647149
  3.070098930E-05
     0.3836239945
      25.96640867
      69.90588524
      18.72633162
 -3.060327764E-05
    -0.3776277664
     -43.11114215
     -85.40828856
      17.31825679
  7.199628964E-06
     0.1580194803
      24.60304106
     -107.4937114
      6.633212484
    0.05000000000
     0.1000000000
     0.1500000000
     0.2000000000
     0.2500000000
   Q=    0.0000
