      0.000000000
      0.000000000
      0.000000000
      0.000000000
      0.000000000
      28.15281580
     -16.17369892
      6.102948672
     -1.368715942
     0.1384201475
      49.27236518
     -19.42290569
      6.910000552
     -1.564500192
     0.1599632893
     -45.00653029
     -31.19063508
      15.19261102
     -3.561875364
     0.3547353770
      31.53980957
     -72.18549979
      28.15432533
     -6.193749931
     0.5868349299
     -15.33937955
     -25.69971900
      43.00724159
     -11.02230697
      1.006308341
      4.147820042
      108.8701227
      77.33139851
     -18.78270185
      1.460300496
    0.04595444308
     -2.794159581
      108.5893283
     -25.09530505
      1.645795615
    -0.3348871703
     -44.81233766
      40.22347593
     -26.01561738
      1.329772504
     0.1203739397
      38.23303724
     -48.86350721
     -22.33874204
     0.3997711441
   -0.02554118539
     -18.21460170
     -18.43808236
     -2.718038612
    -0.5144783604
   0.003591744591
      5.337980939
      8.637062658
      24.81075345
     0.8228751499
 -0.0002982267170
    -0.7432216297
      26.79994835
      11.68146782
      4.440250515
 -9.764175719E-07
    -0.1350379909
     -34.44759145
     -24.28801591
      5.519946462
  4.937131277E-06
     0.1163309264
      22.12044503
     -20.37148557
      2.431907320
    0.05000000000
     0.1000000000
     0.1500000000
     0.2000000000
     0.2500000000
   Q=    0.0000
