      4.205191084
     -4.495329630
      2.338174885
    -0.6296182983
    0.06979871262
      12.88489870
     -8.088854617
      3.274270981
    -0.7438328259
    0.07011239021
      28.59711462
     -19.74630997
      8.668160293
     -2.028214742
     0.1942949650
      7.473351379
     -34.55262176
      13.72585606
     -2.722826524
     0.2114294592
     -4.205389164
     -49.55091199
      20.56269500
     -3.873255257
     0.2360885796
     -2.609646522
     -10.32518518
      27.69677966
     -4.286623537
   -0.02934265417
      1.531847238
      51.67015313
      39.34212869
     -1.676659604
     -1.092772957
    -0.1938104034
     -14.21258979
      32.58414669
      8.239974835
     -4.120290419
   -0.03584944082
     -5.755263056
     -10.29125945
      22.77749770
     -11.21483215
    0.02052990065
      6.875334078
     -7.385793670
      31.30269331
     -25.37007995
  -0.004589967566
     -3.052674722
      18.31315259
      24.68841438
     -47.11586148
  0.0006124697894
     0.6967270890
     -22.66410173
     -5.537133164
     -68.67444286
 -3.730280565E-05
    0.02213982797
      22.25199561
     -30.91715720
     -74.13693569
 -4.544819335E-06
   -0.09312312375
     -17.07582193
     -1.144404051
     -52.80212006
  1.713432884E-06
    0.04487865965
      9.682970049
      21.30614167
     -18.36457083
    0.05000000000
     0.1000000000
     0.1500000000
     0.2000000000
     0.2500000000
   Q=    0.0000
