      0.000000000
      0.000000000
      0.000000000
      0.000000000
      0.000000000
     -33.53922186
      18.73543341
     -6.860251995
      1.504437238
    -0.1520674813
     -34.83618589
      11.88797543
     -4.040401235
      1.023102730
    -0.1304931936
     -19.89108895
      17.40419356
     -9.390480148
      2.868515100
    -0.3738462850
      5.212836424
      1.922465156
     -12.46533726
      4.893204087
    -0.6596683640
      1.296384358
     -29.70477254
     -26.24581816
      9.738712046
     -1.197313046
     -1.279251311
     -22.59753965
     -42.37347226
      12.86636892
     -1.488897356
     0.1683726722
      8.117670175
     -34.54833027
      7.293151085
    -0.8660044741
    0.05697971273
      7.933352286
     -4.261291099
     -16.31504944
      2.292256326
   -0.03232648199
     -10.30620409
      7.856321933
     -53.26294874
      10.15005680
   0.008091354725
      5.673904634
      1.373106993
     -60.40832941
      24.78387657
  -0.001283770311
     -1.865151463
    -0.4426692226
      5.859668636
      45.23155699
  0.0001234688469
     0.3026944337
     -10.34529313
      65.67940287
      61.03278414
 -1.680486321E-06
    0.04890696381
      15.70142029
     -2.850647607
      53.40313941
 -1.892981979E-06
   -0.05206913515
     -12.18721881
     -64.84230635
      22.22625206
    0.05000000000
     0.1000000000
     0.1500000000
     0.2000000000
     0.2500000000
   Q=    0.0000
