      0.000000000
      0.000000000
      0.000000000
      0.000000000
      0.000000000
      25.92611411
     -3.825711633
     -3.379244595
      1.619535510
    -0.2059453382
      91.52731711
      14.76478103
     -13.72530725
      3.040793866
    -0.1984633105
      237.1956608
      82.47795690
     -27.74368751
      3.094130187
   -0.02824618893
      42.99165496
      237.1016362
     -28.78718877
     -1.436784325
     0.4725024114
     -46.05290475
      329.3979851
      29.02284084
     -14.43390792
      1.339606055
      19.36720016
      198.3267264
      167.3719363
     -34.96036559
      2.391346330
     -1.562019858
     -33.58719537
      327.1982379
     -57.27977589
      3.542789007
     -1.200739926
     -175.0446738
      321.2048020
     -69.66607004
      5.055669690
     0.5623845815
      186.2123691
     -32.81099290
     -56.38650241
      8.279720383
    -0.1316097811
     -96.29166212
     -300.2083366
     -3.115103817
      15.99584920
    0.01926457444
      28.62421727
      90.46068420
      87.70698034
      30.30512286
  -0.001584759979
     -3.581209699
      183.6021631
      97.54915112
      46.39305354
 -2.249748946E-05
     -1.028966471
     -229.5777461
     -110.6340589
      47.07651190
  3.087946594E-05
     0.7454153293
      142.9414685
     -216.3334161
      22.57607904
    0.05000000000
     0.1000000000
     0.1500000000
     0.2000000000
     0.2500000000
   Q=    0.0000
