     -11.89036989
      10.83671299
     -5.163029361
      1.309119152
    -0.1386013746
     -41.40667771
      24.91722986
     -8.690502402
      1.687678654
    -0.1430909033
     -220.9009282
      67.50691010
     -19.53606011
      3.872727212
    -0.3663516262
     -19.84767477
      62.80972910
     -24.62286458
      5.150732889
    -0.4708909847
      144.1816631
      136.2059075
     -42.20214440
      7.825705970
    -0.7283332756
     -67.29219847
      128.4626047
     -35.03969538
      8.913715925
     -1.180364268
      18.92595293
     -42.79745779
     -7.677335359
      13.91628446
     -2.588521331
     -2.715159412
      57.51587822
      48.82714941
      25.99755422
     -5.789301019
    -0.1582613486
     -94.66478493
      130.0871008
      50.62771074
     -12.08512817
     0.1920479199
      82.28046082
      17.19433416
      73.64121394
     -21.88215410
   -0.05384850764
     -42.77772205
     -126.9810389
      43.53111114
     -34.67098043
   0.009346310833
      14.57035976
      68.74209473
     -21.77980953
     -47.82993512
  -0.001097082293
     -3.144186303
      21.82819086
     -25.31155835
     -51.40934632
  7.590681379E-05
     0.2484979885
     -53.49834260
     -2.028743794
     -35.54897667
  8.791749269E-07
     0.1132502983
      40.15243122
     -12.60344314
     -11.39129922
    0.05000000000
     0.1000000000
     0.1500000000
     0.2000000000
     0.2500000000
   Q=    0.0000
