     -17.76542042
      16.09615571
     -8.160099466
      2.318054083
    -0.2844174890
     -42.89951730
      33.98390735
     -15.36326661
      3.902050338
    -0.4261528081
     -246.0841596
      108.2174088
     -42.60370338
      10.15419171
     -1.048082894
      415.1760638
      156.7279118
     -76.07734049
      16.13360319
     -1.380991662
      356.9527635
      515.7644878
     -141.3757139
      20.88570130
     -1.270565828
     -248.1372402
      721.7733177
     -110.2429129
      6.045291620
     0.6131031714
      91.22786663
      346.7773657
      61.20321452
     -36.87226957
      5.510920014
     -16.31295827
     -209.1199162
      357.0100215
     -122.5415939
      16.11859657
   -0.03056861129
     -253.3347001
      483.2447083
     -222.3702930
      34.54195340
     0.8422736548
      342.5234166
      26.63200079
     -244.9966125
      63.51674664
    -0.2532846591
     -193.9300389
     -481.4804529
     -67.41203137
      104.5474751
    0.04374452666
      64.99546024
      105.1447705
      258.3347692
      152.5847669
  -0.004840795050
     -12.30995786
      328.7971070
      289.2877530
      181.9330354
  0.0002679826136
    0.09046923683
     -383.5909274
     -272.6517648
      151.0984296
  1.827916216E-05
     0.8327195228
      232.4241215
     -518.9890601
      62.47948371
    0.05000000000
     0.1000000000
     0.1500000000
     0.2000000000
     0.2500000000
   Q=    0.0000
