     -11.43510650
      11.01096461
     -5.353155445
      1.357715093
    -0.1420930624
     -43.88657866
      24.68497411
     -8.179241878
      1.495312029
    -0.1172771390
     -188.9962548
      58.13510403
     -16.73415195
      3.276361731
    -0.3042470226
     -52.33303854
      50.73931184
     -18.01255688
      3.456395304
    -0.2818740239
      71.06237394
      86.60182924
     -23.64965456
      3.660721866
    -0.2728707357
     -22.37530021
      51.02313869
     -6.614850985
     0.8701348513
   -0.09478229292
      4.865522861
     -59.09782611
      18.48088002
     -2.401320370
     0.2103208373
    -0.9181117824
      15.37537250
      33.57054426
     -7.058042384
      1.245174171
     0.1352491362
      1.402345700
      17.84971783
     -11.87266472
      4.212643249
  -0.006513740875
      1.009380572
     -42.84952347
     -15.96312303
      11.29367573
  -0.003748954187
     -3.549793352
     -14.21001372
     -15.08271314
      23.45359935
   0.001426035519
      2.704930576
      56.37267460
     -1.525565551
      36.61253244
 -0.0003009644306
     -1.231897796
     -53.47564167
      8.694938428
      40.38767048
  4.563000022E-05
     0.3990908433
      31.07235467
      5.168083447
      27.61153059
 -5.250712716E-06
   -0.09624463388
     -12.30427290
      12.82435777
      8.485051319
    0.05000000000
     0.1000000000
     0.1500000000
     0.2000000000
     0.2500000000
   Q=    0.0000
