    -0.7136756274
     0.6420377764
    -0.2502542890
    0.04165348770
  -0.001726993945
     -3.053128818
      1.265471631
    -0.2237398408
  -0.004987112593
   0.004730907985
     -11.33555605
      2.473700197
    -0.3043862254
   -0.02122903462
   0.008533857406
     -9.976635880
      1.440682971
     0.2915833792
    -0.1999001028
    0.02764341481
      10.32654795
      2.830865063
      1.140083148
    -0.4881459598
    0.04994945212
     -3.923064662
      7.102845256
      3.914036201
     -1.049418431
    0.07540171486
      1.095486228
      3.062647908
      8.108174445
     -1.614223809
    0.07391970286
    -0.2085429105
     -3.567038523
      8.014871931
     -2.126464249
    0.02502588194
    0.02125961332
     0.6942835349
   -0.02216999361
     -3.131674910
    -0.1400015500
   0.001688590524
     0.9307972876
     -6.545919496
     -4.465062101
    -0.5362032371
  -0.001277809286
    -0.9741857590
     0.2343926344
     -3.424289610
     -1.115811355
  0.0003113689474
     0.5012299188
      4.141145780
      1.301193601
     -1.413391066
 -5.029116655E-05
    -0.1726062749
     -3.579483331
      3.206669939
    -0.9785904650
  5.960968387E-06
    0.04286821220
      1.683704770
     -1.174495221
    -0.2377277902
 -5.127408718E-07
  -0.007502858615
    -0.4821562218
     -2.637391383
    0.05066081854
    0.05000000000
     0.1000000000
     0.1500000000
     0.2000000000
     0.2500000000
   Q=    0.0000
