      0.000000000
      0.000000000
      0.000000000
      0.000000000
      0.000000000
     -49.98147829
      25.20368131
     -7.612436555
      1.210612865
   -0.07043737636
     -135.9709958
      31.34488829
     -4.801110761
     0.1148035847
    0.05750327863
     -139.1515525
      28.60977778
     -3.413694438
    -0.4985797332
     0.1544923491
      67.49375134
      31.45678336
      4.784891184
     -3.845784004
     0.5540157626
     -8.323321396
      23.28699334
      32.28836080
     -11.64114516
      1.289863000
     -1.229015306
     -56.38781211
      78.58344295
     -27.03174855
      2.578222763
     0.5689543660
      43.81717311
      99.22247471
     -55.70647034
      4.242846626
   -0.03550655820
     -2.788695030
      52.72088358
     -102.6933689
      4.793727726
   -0.01301670654
     -5.136062802
     -95.46337501
     -147.4971079
     0.9700530770
   0.002308962196
    -0.1687272717
     -70.36635973
     -128.7602490
     -8.877774035
  0.0001986669315
      1.898158963
      146.1142916
      11.49523783
     -18.57021818
 -0.0001586338714
     -1.270043015
     -123.6462478
      130.3045945
     -15.45154399
  3.968805440E-05
     0.5365589218
      75.32836694
     -8.731526348
     -1.142149691
 -6.744799687E-06
    -0.1716686687
     -36.46359431
     -126.5767956
      4.277475982
    0.05000000000
     0.1000000000
     0.1500000000
     0.2000000000
     0.2500000000
   Q=    0.0000
