    -0.1601380921
    0.08838817617
   -0.03007911151
   0.005047986972
 -0.0001152612260
     -3.041044084
      1.630678617
    -0.4833607075
    0.06981824646
  -0.003080633101
     -21.12611954
      4.744332088
    -0.7372635994
    0.02709386947
   0.007254975741
     -20.66367502
      6.244536651
     -1.044207966
   -0.04679282335
    0.03140798728
      25.84937848
      18.47033441
     -1.156200954
    -0.7749031632
     0.1529610389
     -10.25083032
      38.20005904
      4.486168033
     -3.338917246
     0.4912762355
      3.447399390
      13.60858041
      17.14348280
     -9.341707985
      1.347114691
    -0.8389669407
     -28.92559297
      19.21943959
     -21.61183786
      3.320834757
     0.1270907244
      14.01959797
     -2.678220316
     -41.53248475
      7.264932863
  -0.006276722536
     -1.837419171
     -21.06156057
     -56.24556161
      14.10935853
  -0.002480488141
     -1.784032457
     -3.278001317
     -35.46482139
      24.50725738
  0.0008327569929
      1.338083017
      16.28150700
      22.15464658
      36.75094879
 -0.0001510285679
    -0.5289864895
     -13.63110329
      43.02365584
      43.08018245
  1.987995097E-05
     0.1523211794
      8.378830249
     -14.59828901
      33.52156704
 -2.047802014E-06
   -0.03518978994
     -4.383809074
     -40.02390917
      12.54171147
    0.05000000000
     0.1000000000
     0.1500000000
     0.2000000000
     0.2500000000
   Q=    0.0000
