     0.2807236840
    -0.2849209681
     0.1519445668
   -0.04401004243
   0.005449467942
      1.068203907
    -0.7443065587
     0.3294991549
   -0.08296953267
   0.008718675259
      4.321338984
     -2.402371324
     0.9911600276
    -0.2215072896
    0.01927937757
     -5.385398419
     -5.841564175
      2.148407063
    -0.3300538449
    0.01429268251
     -49.93680539
     -19.05774229
      3.737616524
    -0.1839445734
   -0.02127221876
      29.27955367
     -47.22952095
      1.307633382
     0.8352318456
   -0.09796457203
     -9.542333036
     -42.49504013
     -13.52194318
      2.682805512
    -0.1428864558
      1.432344106
      3.032878477
     -36.42769036
      3.285122882
  -0.006765518881
    0.09055561212
      41.44642173
     -45.76810414
    -0.5434072294
     0.4128978260
    -0.1026990353
     -41.40931850
     -7.489418993
     -10.03311500
     0.9971913297
    0.02773461740
      21.22003178
      40.01553172
     -17.87511672
      1.289983586
  -0.004540386113
     -6.675546322
      2.402841883
     -14.56733888
     0.9091983263
  0.0004750871330
      1.145431360
     -43.96376864
     0.3312646844
    -0.1297115131
 -2.170695799E-05
    0.05072117813
      46.21678823
      19.04983570
     -1.102048630
 -2.820661926E-06
    -0.1062109126
     -27.86866877
      23.19844078
    -0.9193676101
    0.05000000000
     0.1000000000
     0.1500000000
     0.2000000000
     0.2500000000
   Q=    0.0000
