     -6.426924384
      5.971437803
     -2.555128168
     0.5260111129
   -0.04037458199
     -24.61400675
      11.53349084
     -2.885374000
     0.3101621968
  -0.002526289736
     -92.03303426
      25.68064398
     -5.960401214
     0.7910335224
   -0.03246624947
     -77.51153680
      24.22985188
     -4.570500686
    0.08131025743
    0.07564214424
      52.79444000
      35.10832233
     -4.067860332
    -0.8682341725
     0.2111707667
     -13.21331265
      31.87787352
      3.956900720
     -3.747763740
     0.5241572796
      2.417868356
     -34.95763250
      11.66093927
     -8.703646066
     0.9552623242
    -0.6051496673
     -5.902647804
      2.322904333
     -18.76498589
      1.315182395
     0.1687518015
      18.68797810
     -11.06864372
     -35.94844927
     0.5208319876
   -0.03576144841
     -11.66677705
     -27.39159946
     -51.18005923
     -3.296085828
   0.004474481947
      3.032937071
     -2.468554281
     -44.11595016
     -10.92489373
 -5.099304898E-05
     0.3377809475
      41.64035094
     0.3831218766
     -18.93273677
 -0.0001182823229
    -0.6694765940
     -51.01195607
      38.71188284
     -19.83115481
  3.171447888E-05
     0.3373935473
      36.90863066
      2.343146921
     -11.42537409
 -5.208942713E-06
    -0.1111172197
     -18.74107301
     -31.73520840
     -2.629353891
    0.05000000000
     0.1000000000
     0.1500000000
     0.2000000000
     0.2500000000
   Q=    0.0000
