      10.52192485
     -8.822853833
      4.037154784
     -1.015732977
     0.1097141149
      24.12307680
     -17.06527704
      6.580336165
     -1.447198988
     0.1468223580
      168.1916979
     -54.33238450
      17.64728478
     -4.008793141
     0.4361225124
     -177.8916437
     -48.02066136
      28.36186872
     -7.282460366
     0.7930754332
     -129.4952269
     -178.0856055
      66.54395883
     -14.60546606
      1.492327622
      91.97353452
     -217.8611047
      88.73728686
     -21.60337715
      2.379427594
     -31.51960328
     -57.72950864
      85.65565929
     -28.51886523
      3.608703808
      4.754431747
     -23.00954261
     -17.39277434
     -25.28708196
      4.712225251
     0.4158439141
      167.4458627
     -219.6000624
     -12.83676894
      5.226548076
    -0.3958784105
     -161.3843583
     -126.1297945
    -0.4907294850
      2.994366805
     0.1048681336
      81.22157167
      238.0317694
      4.985055403
     -4.959957742
   -0.01682789906
     -24.76666418
     -5.874682148
     -37.57461507
     -19.88180133
   0.001693653859
      3.901825269
     -181.9310377
     -96.16844061
     -38.31540194
 -6.426833749E-05
     0.3524561740
      185.9267936
      66.09704223
     -45.56532905
 -1.271680809E-05
    -0.4368192144
     -107.5074775
      226.7685440
     -24.98537748
    0.05000000000
     0.1000000000
     0.1500000000
     0.2000000000
     0.2500000000
   Q=    0.0000
