      0.000000000
      0.000000000
      0.000000000
      0.000000000
      0.000000000
      68.59321289
     -51.45961961
      23.95143872
     -5.881098135
     0.5702630764
      170.3591720
     -97.68427898
      34.10354983
     -5.682140283
     0.2918506337
      5.783613398
     -166.2979201
      46.86917447
     -5.113680867
    0.06201122132
     -66.74108389
     -277.7714196
      31.74097456
      2.756754902
    -0.7137011993
      12.15203357
     -154.8895391
     -58.72914419
      17.87428851
     -1.559791767
    -0.6170666783
      136.0120817
     -177.2327011
      30.59188861
     -1.928685967
    -0.6877875891
     -98.99512279
     -230.5287424
      32.19685746
     -1.421482838
     0.3356276211
      53.38081111
     -131.3853726
      15.07888284
     0.4009688425
    -0.1098289092
     -35.54091045
      152.5199747
     -7.586500787
      3.262280133
    0.02680216773
      21.18863787
      95.69508705
     -2.612089471
      7.289244349
  -0.004758405827
     -8.808335066
     -174.1658337
      12.94765128
      12.78414094
  0.0006004867252
      2.472414841
      105.6382690
      15.02657493
      16.99925330
 -4.836578282E-05
    -0.4272940219
     -32.70081536
     -4.934901357
      15.57284440
  8.081402255E-07
    0.01393747312
      1.057547924
     -37.05317179
      7.361216760
    0.05000000000
     0.1000000000
     0.1500000000
     0.2000000000
     0.2500000000
   Q=    0.0000
