      0.000000000
      0.000000000
      0.000000000
      0.000000000
      0.000000000
     -18.66095803
      16.08158274
     -9.062329874
      2.830088471
    -0.3707150125
     -41.12727364
      34.35867464
     -17.40331297
      4.755145747
    -0.5463428970
      14.82277774
      71.99185292
     -34.68943876
      8.761869311
    -0.9701483407
      104.1747390
      134.2379729
     -52.22849787
      12.73017394
     -1.492182488
     -46.02283063
      151.7348454
     -38.38006943
      14.54536526
     -2.436592391
      11.85512487
      83.58426315
      60.60213325
      13.48047602
     -4.814218796
     0.3628881392
      73.10784250
      255.2604470
      13.85468397
     -11.21286557
     -1.216172596
     -177.2048615
      327.1094570
      16.27632809
     -26.68483425
     0.4574850204
      152.2857640
     -53.34498628
     -4.150763601
     -58.58595805
    -0.1009533342
     -75.47093685
     -290.1880616
     -49.80465499
     -109.9195688
    0.01464840930
      22.96192340
      171.1290922
     -8.973266608
     -160.5915882
  -0.001269728953
     -3.512547786
      48.27752016
      88.65435497
     -162.9732906
  6.203392686E-06
    -0.4188833323
     -118.6750816
     -44.21123706
     -98.40612172
  1.894963350E-05
     0.4476267741
      83.69273579
     -182.1563584
     -25.58961485
    0.05000000000
     0.1000000000
     0.1500000000
     0.2000000000
     0.2500000000
   Q=    0.0000
