     -27.38534654
      31.34344227
     -15.77977611
      3.833423421
    -0.3586222683
     -218.5298601
      102.7493109
     -28.14960340
      3.754760608
    -0.1471060665
     -784.6799485
      195.5246024
     -38.45515836
      4.737016311
    -0.2947744892
     -1934.067687
      188.9783998
     -13.73962977
    -0.1129368275
    0.05423934036
      405.6450935
     -296.2788394
      60.83440395
     -5.804821412
    0.07290446698
      104.0258046
     -763.1464507
      78.81850939
   -0.05010445127
    -0.6023512484
     -86.27556805
     -1043.818821
     -30.94924692
      17.96616268
     -1.412831914
      16.12860696
      479.0995405
     -420.1685240
      43.04822333
     -1.493470689
      1.303800231
      391.8276423
     -683.1232454
      16.59079193
      1.248910246
     -1.386572526
     -527.5466240
     -418.7272171
     -103.6047608
      4.607421589
     0.3670457038
      275.2858646
      672.9894131
     -299.7991182
     0.8155514107
   -0.05634010236
     -78.64797029
      310.2285213
     -347.8621780
     -21.83337986
   0.004852379159
      7.956503982
     -1015.059951
     -97.01739727
     -57.10556892
  2.412151284E-05
      3.843241320
      926.9180300
      428.2664444
     -74.18769164
 -8.444731182E-05
     -2.370961986
     -514.3347850
      606.5737371
     -41.88915355
    0.05000000000
     0.1000000000
     0.1500000000
     0.2000000000
     0.2500000000
   Q=    0.0000
