     -1.350859565
      2.150234251
    -0.9793170369
     0.1425581997
   0.004309738255
     -27.01961456
      9.450147023
     -1.000176748
    -0.3514548793
    0.08189875007
     -81.27749164
      6.117879332
      4.555238174
     -1.723615555
     0.1823084017
     -402.7049011
     -23.81422466
      19.66614468
     -3.734613672
     0.2206582477
     -251.1489295
     -227.3914317
      47.26979088
     -3.668410963
   -0.07661229885
      208.7554845
     -488.8929341
      25.68195802
      6.341727019
    -0.9403194826
     -78.40370973
     -452.9764717
     -108.8520519
      25.85989723
     -1.828321657
      12.77835236
      133.3957742
     -341.6283153
      40.74768394
     -1.722033454
     0.6509106904
      313.5539583
     -430.6162819
      17.54849314
     0.5138670531
    -0.8864478816
     -352.9477785
     -92.78455038
     -62.93691070
      3.937831630
     0.2436831067
      185.6931085
      392.5780224
     -157.0079460
      4.676509854
   -0.03984826942
     -58.20746944
      29.35572315
     -162.3914627
     -1.580501070
   0.004075883861
      9.456048882
     -428.6110689
     -26.05223229
     -13.53445778
 -0.0001599089551
     0.7886690234
      443.4156260
      204.8994248
     -21.06447497
 -3.034503162E-05
     -1.051912540
     -263.4191924
      258.4960914
     -12.88653053
    0.05000000000
     0.1000000000
     0.1500000000
     0.2000000000
     0.2500000000
   Q=    0.0000
