      0.000000000
      0.000000000
      0.000000000
      0.000000000
      0.000000000
      18.28200489
     -14.12961826
      7.257429409
     -2.081611051
     0.2468685660
      162.8757495
     -62.19269487
      20.19720268
     -3.845859114
     0.2853182096
      424.0946402
     -118.1121610
      27.72043636
     -3.022435022
   -0.01481990013
     -119.3543037
     -135.3610262
      13.31676247
      4.357159395
     -1.035389820
     -13.26688331
     -103.8095096
     -65.89399260
      26.83493632
     -3.436063692
      10.72534733
      256.9220953
     -233.9346098
      67.53478541
     -7.381223547
    -0.2835644605
     -21.63737673
     -300.0890501
      119.2017814
     -12.28395632
     -1.073070743
     -170.7055188
     -95.49075148
      179.3461576
     -15.08363088
     0.3954552666
      135.7731573
      382.4602070
      224.8471935
     -7.416732045
   -0.07359348173
     -47.42641858
      93.87778798
      209.4649651
      19.85452488
   0.007261159159
      4.872889515
     -510.6831583
      31.18698383
      62.77455488
  9.364631722E-05
      3.750389359
      548.4003685
     -135.2029820
      89.29225209
 -0.0001813989912
     -2.538004576
     -366.6003170
     -35.87762177
      73.19198667
  3.893212595E-05
     0.9235477571
      176.4507851
     -14.03069555
      30.39803568
    0.05000000000
     0.1000000000
     0.1500000000
     0.2000000000
     0.2500000000
   Q=    0.0000
