      0.000000000
      0.000000000
      0.000000000
      0.000000000
      0.000000000
     -126.8893103
      74.55163565
     -28.80731276
      6.560228374
    -0.6624230660
     -550.7445693
      170.2216952
     -46.86105738
      8.368141040
    -0.6704423504
     -451.9221076
      192.5985040
     -59.34373447
      10.36760837
    -0.7415930865
      228.6405395
      312.2812471
     -74.70310115
      8.211131169
    -0.1657771795
     -17.76937374
      126.0952483
      18.43010877
     -12.62027817
      1.864333994
     -8.817614082
     -372.1799725
      181.8691226
     -51.27357024
      5.749125565
      2.346321108
      203.5395359
      333.4504222
     -127.9191241
      13.10904925
    0.06738933408
      13.03355548
      256.8166046
     -244.3439757
      22.02874694
    -0.1219901809
     -41.58757371
     -355.1030302
     -371.5253229
      26.53619394
    0.02268742743
      8.537141207
     -280.1180016
     -373.8203954
      16.62303359
 -0.0008128857460
      5.420701991
      600.9873159
     -25.23239559
     -4.174550220
 -0.0005515799538
     -5.006843350
     -526.4928405
      349.1891336
     -8.975301165
  0.0001685727794
      2.282967981
      321.4193741
      20.83765010
      8.226770158
 -2.981145925E-05
    -0.7384043991
     -150.3939155
     -279.5013543
      10.67763960
    0.05000000000
     0.1000000000
     0.1500000000
     0.2000000000
     0.2500000000
   Q=    0.0000
