      0.000000000
      0.000000000
      0.000000000
      0.000000000
      0.000000000
      52.55124468
     -19.99962803
      2.892507474
     0.2491924290
   -0.07882475995
      155.0674829
     -10.06720560
     -5.839910757
      1.570440259
   -0.08515628698
      251.8930496
      43.08942756
     -12.84089776
     0.2952643714
     0.1633720295
      79.40280781
      164.5703912
     -2.732927295
     -5.299638021
     0.5635390118
     -72.38090909
      313.4810711
      70.43362665
     -17.85711599
     0.8590248689
      26.81711174
      348.3657191
      252.2169365
     -30.54721356
   -0.01117184210
     -1.195287683
     -3.811567658
      471.2102829
     -22.87512478
     -3.336276506
     -1.996616140
     -289.5337755
      421.1055936
      21.07418842
     -9.712115862
     0.8408476705
      277.4523604
     -52.80250700
      75.66500956
     -18.53380869
    -0.1894382180
     -137.5458232
     -353.9373915
      92.73813775
     -27.82647539
    0.02716430003
      39.96506702
      76.28478426
      67.35061910
     -32.21481044
  -0.002193380840
     -4.835185102
      277.3143043
      5.559663242
     -24.42950761
 -3.823905270E-05
     -1.511930683
     -331.1898042
     -114.6700112
     -7.492820820
  4.440075627E-05
      1.071771205
      207.6511876
     -155.4941959
      1.983019015
    0.05000000000
     0.1000000000
     0.1500000000
     0.2000000000
     0.2500000000
   Q=    0.0000
