      0.000000000
      0.000000000
      0.000000000
      0.000000000
      0.000000000
      159.7933049
     -96.26067434
      37.42290191
     -8.125415305
     0.7253339825
      41.55719925
     -74.81172494
      31.92405594
     -5.706916021
     0.2999159349
     -713.1111261
     -187.8476426
      70.95206244
     -9.537071284
     0.3342291984
     -52.17536780
     -506.4128145
      73.65838710
    -0.4837249141
    -0.6872052372
      98.86567658
     -554.9603501
     -12.60288972
      15.01627814
     -1.407425004
     -38.07766438
     -327.6555536
     -183.3318406
      33.11035408
     -1.627112724
      1.017287584
     -97.40412340
     -424.4128312
      35.61004419
     0.4768020769
      3.351528376
      509.2489705
     -569.3648999
     -14.64817999
      6.008833591
     -1.356579217
     -454.1462198
     -156.7990193
     -131.5016828
      12.91640399
     0.2974707152
      214.4142612
      519.3806143
     -216.5920220
      15.23069865
   -0.04105461544
     -57.99506172
      93.40799251
     -141.7920722
      9.412731206
   0.002981861808
      4.944901382
     -630.2619085
      30.75115834
     -1.637163172
  0.0001418517249
      3.308889573
      629.4471575
      193.5248886
     -11.87863537
 -8.035546703E-05
     -1.926296047
     -370.0967445
      251.6776388
     -10.72189583
    0.05000000000
     0.1000000000
     0.1500000000
     0.2000000000
     0.2500000000
   Q=    0.0000
