    -0.3049156756
    0.01969963829
    -0.2105983518
     0.1741610531
   -0.03787361695
      3.322035742
      2.160579325
     -2.570403985
     0.9802061805
    -0.1340246598
     -24.05099313
      20.69393390
     -10.58913198
      2.836702736
    -0.3135966668
      79.59359397
      58.67353963
     -27.24480970
      6.028336030
    -0.5596070471
      205.2541274
      186.7227705
     -56.03069869
      9.342436512
    -0.6888047639
     -124.6189694
      317.1667482
     -62.13548569
      7.236691874
    -0.3030651453
      43.28916691
      155.2841774
     -3.565757309
     -6.510727476
      1.188773349
     -7.470004050
     -80.89064880
      123.7550405
     -39.18375176
      4.811190748
   -0.06960013867
     -129.7273439
      231.3298882
     -85.27350890
      11.62685895
     0.4003562100
      163.6614951
      38.88036015
     -107.3075014
      23.05607420
    -0.1182329561
     -90.96420371
     -243.0306793
     -51.69592205
      40.90843663
    0.02027566432
      30.25276550
      57.12969708
      98.16022478
      64.55186594
  -0.002240022217
     -5.741630637
      146.4397672
      156.2839394
      84.47888088
  0.0001255900312
    0.07277800327
     -172.2869981
     -112.3227300
      77.37965647
  7.908976776E-06
     0.3700996136
      104.0432666
     -272.3546350
      34.82319492
    0.05000000000
     0.1000000000
     0.1500000000
     0.2000000000
     0.2500000000
   Q=    0.0000
