     -2.012260849
      1.099724621
    -0.2535728986
  -0.005395572837
   0.009555179459
     -7.607867274
      4.477047012
     -1.101172172
    0.05514441300
    0.01456593877
     -84.19476643
      17.18021482
     -2.009423488
    -0.1465379880
    0.05793497364
     -22.13434072
      8.388711758
    -0.7835956815
    -0.3942396703
    0.09858033690
      47.75455257
      37.11360472
     -5.261407011
    -0.6432226857
     0.2188497409
     -19.70599405
      55.06916143
     -3.243280505
     -2.303407027
     0.5056213490
      5.388293569
     -21.45348916
     -1.393647726
     -4.500136240
      1.092107270
    -0.8740524015
      9.408014145
     -4.026479686
     -8.681494108
      2.456360103
   0.009049645760
     -18.00690575
      24.05212259
     -13.19416365
      5.186285340
    0.03903238913
      17.81556337
      12.28995716
     -10.46572588
      10.01470077
   -0.01242008705
     -10.05672582
     -42.53112628
     -5.926413649
      16.50407897
   0.002315547093
      3.706268650
      29.21783946
     0.4645601918
      20.85897397
 -0.0002974175997
    -0.9201858816
     -5.623115700
      17.60909491
      19.15821703
  2.568711051E-05
     0.1351002749
     -4.895598288
    -0.3524730323
      12.50352525
 -9.762174174E-07
   0.001688955788
      5.054029754
     -29.91402472
      4.635052691
    0.05000000000
     0.1000000000
     0.1500000000
     0.2000000000
     0.2500000000
   Q=    0.0000
