  0.0007057928609
 -0.0006859339103
  0.0003735334734
 -0.0001139753487
  1.495096379E-05
   0.002029028287
  -0.001744605823
  0.0008789010697
 -0.0002398292904
  2.634753554E-05
    0.01085079550
  -0.006663489299
   0.002860064418
 -0.0006468367057
  5.617157228E-05
   -0.01889801891
   -0.01683460806
   0.006256572606
 -0.0009581526010
  4.050310518E-05
    -0.1181763357
   -0.05614641221
    0.01076945352
 -0.0004955371847
 -6.795859841E-05
    0.06989739240
    -0.1290981864
   0.002891971500
   0.002548191464
 -0.0003038387383
   -0.02329199591
    -0.1053340746
   -0.03858648180
   0.007915207722
 -0.0004729071194
   0.003687078006
    0.02285800108
   -0.09803493590
    0.01019931134
 -0.0002033656993
  0.0001441874839
    0.08744430221
    -0.1140239986
   0.001639847297
  0.0007773013887
 -0.0002337286291
   -0.09465761254
  -0.008781003660
   -0.02010444221
   0.002274514218
  6.544142682E-05
    0.05019292277
     0.1037465530
   -0.03815663593
   0.003377630974
 -1.096390778E-05
   -0.01628359280
   -0.01283132716
   -0.03316308793
   0.003172776023
  1.183841611E-06
   0.002978386987
   -0.08882032620
  -0.003625171786
   0.001133011790
 -6.102930714E-08
  2.973510480E-05
     0.1011291489
    0.04484526874
  -0.001602303742
 -5.531600006E-09
 -0.0002291357153
   -0.06268348315
    0.05771846323
  -0.001822111272
    0.05000000000
     0.1000000000
     0.1500000000
     0.2000000000
     0.2500000000
   Q=    0.0000
