      14.63199832
     -16.39142061
      7.549821265
     -1.514155929
    0.08897262108
      116.0002447
     -47.04566626
      8.486804715
     0.2873305868
    -0.2191980987
      384.1945815
     -60.63574262
     -2.680984504
      3.565488177
    -0.4840756629
      1146.310565
      36.04635602
     -50.60742980
      11.69269487
    -0.9629857280
      306.1010925
      553.2597741
     -136.9238938
      16.74309734
    -0.6122522493
     -362.6996655
      1104.006970
     -128.4430907
     -1.213347772
      1.773814577
      150.6666473
      972.0085915
      108.8460166
     -56.62079560
      7.122468863
     -26.25249156
     -431.2432725
      609.0723482
     -151.6601368
      15.99368122
    -0.9440455611
     -533.2027510
      871.0423306
     -224.6019380
      26.68256555
      1.706202473
      674.4869826
      240.4640326
     -160.6670361
      38.47666667
    -0.4783702350
     -363.2003119
     -843.2556367
      123.9571272
      55.56602466
    0.07836478092
      113.7025290
     -77.82461917
      445.5378444
      87.19471347
  -0.007917915251
     -17.81970102
      907.8666361
      307.4988535
      125.8131209
  0.0002839223766
     -1.920874292
     -914.6366898
     -510.2177819
      128.0705134
  6.457902382E-05
      2.168940886
      529.5986555
     -821.9642004
      62.99480733
    0.05000000000
     0.1000000000
     0.1500000000
     0.2000000000
     0.2500000000
   Q=    0.0000
