      0.000000000
      0.000000000
      0.000000000
      0.000000000
      0.000000000
     -260.3664770
      102.4919506
     -18.77608635
     0.2979367739
     0.2473527548
     -653.1137296
      63.65142566
      17.47209439
     -6.838620106
     0.6482477376
     -1000.051869
     -80.53763194
      50.30369126
     -8.697418589
     0.5319812674
      141.9537462
     -417.2594196
      89.94096197
     -10.38241430
     0.5320224558
      70.57515266
     -633.6574809
      68.36222036
     -3.779139799
     0.2843469888
     -46.56652490
     -632.4566724
     -49.96150614
      2.834905021
      1.284331790
      5.627646124
      245.5811068
     -321.0982439
     -12.43543920
      5.145380034
      2.399654634
      357.8279939
     -493.3908630
     -101.9569515
      12.49204525
     -1.246808051
     -416.0370049
     -288.7490066
     -265.3675877
      17.26284529
     0.2899436767
      205.6748718
      416.4430025
     -372.6379453
      8.563272916
   -0.04045145269
     -54.29189347
      330.4784115
     -191.7964704
     -16.85558126
   0.002786394640
      2.910587561
     -850.0034185
      157.6502414
     -38.61882530
  0.0001980619538
      4.204772284
      768.9035205
      245.2023535
     -35.54115026
 -9.108182451E-05
     -2.223461987
     -436.0994706
      149.7968725
     -15.33250503
    0.05000000000
     0.1000000000
     0.1500000000
     0.2000000000
     0.2500000000
   Q=    0.0000
