     -16.05737227
      18.22952798
     -8.978526356
      2.089951565
    -0.1796455697
     -124.0073459
      55.93889372
     -13.81448204
      1.308743213
    0.03523045330
     -431.3262805
      94.71794380
     -12.75626442
    0.06416587815
     0.1492010665
     -1124.440786
      47.58540302
      20.10901699
     -6.708509008
     0.7054570010
     -136.0283684
     -346.1616596
      97.30206822
     -15.19007905
      1.011873403
      270.0204602
     -814.5534018
      136.8503131
     -12.52355871
     0.2248683033
     -117.9802066
     -867.5373975
      26.09204266
      15.78192020
     -2.712988356
      19.90574730
      328.6003230
     -358.9561138
      82.96492700
     -9.245584338
      1.267319303
      498.3010040
     -705.4709548
      152.7189208
     -20.03440586
     -1.502341113
     -588.6715145
     -365.7542406
      131.4038612
     -37.48320177
     0.4036752980
      305.4629492
      714.5391287
     -80.54208455
     -67.46030339
   -0.06385848179
     -91.05829518
      212.4015878
     -370.5562209
     -115.6555142
   0.006051913138
      12.20254465
     -919.3291487
     -320.3406523
     -165.3730778
 -0.0001322838965
      2.626792307
      860.9334402
      428.8996970
     -164.6956431
 -6.772535013E-05
     -2.083505713
     -480.9736861
      828.8438593
     -80.78871359
    0.05000000000
     0.1000000000
     0.1500000000
     0.2000000000
     0.2500000000
   Q=    0.0000
