      1.607261408
     -1.677539329
     0.9153687658
    -0.2652563044
    0.03160817784
      2.309004777
     -2.440974635
      1.335727863
    -0.3644272999
    0.03862321967
      3.219994510
     -7.466935068
      4.081530427
     -1.047925563
     0.1066469132
     -33.60776743
     -13.55595270
      7.247929560
     -1.669121280
     0.1494896083
      4.862767444
     -24.04755609
      13.16451219
     -3.003115361
     0.2376806667
      1.141200283
      1.955981589
      21.45777580
     -4.981071541
     0.2589638361
    -0.2034801235
      22.88137834
      33.78652722
     -7.831372343
   -0.04028669515
    -0.2457745763
     -33.68900475
      20.95834068
     -12.13504341
     -1.537889274
     0.1515909589
      30.57359113
     -32.41332386
     -23.15955056
     -6.404107239
   -0.04608920354
     -18.52456235
     -30.95229591
     -38.14484159
     -18.19070722
   0.008789491821
      7.071958029
      28.98403578
     -31.17773990
     -37.62274017
  -0.001063885200
     -1.541131450
      5.694071491
      4.298552749
     -55.93949492
  5.496165455E-05
   0.006861286251
     -25.54844703
      21.31325501
     -57.63492981
  8.594019266E-06
     0.1451631330
      23.50797348
     -3.457413408
     -37.41745548
 -2.780885028E-06
   -0.06828444534
     -13.48849636
     -17.85836393
     -11.62180104
    0.05000000000
     0.1000000000
     0.1500000000
     0.2000000000
     0.2500000000
   Q=    0.0000
