      0.000000000
      0.000000000
      0.000000000
      0.000000000
      0.000000000
     -171.3888635
      86.85777788
     -26.23959630
      4.079258875
    -0.2152655127
     -466.5729764
      83.39011887
     -2.042776639
     -3.356119565
     0.5636868844
     -493.8599012
     -61.23583832
      43.17847316
     -10.33963181
     0.9875871539
      149.7146713
     -375.8587822
      115.3809439
     -20.98754003
      1.723836684
     -11.32256428
     -687.7440367
      175.8485779
     -27.12796874
      1.814369621
     -18.19855447
     -136.7808242
      114.3012336
     -14.52593658
     0.4423567814
      6.680413680
      377.2226623
     -35.30301787
      27.10290486
     -2.957287977
    -0.7515658381
     -118.0972327
     -316.8934716
      110.0379443
     -7.645791113
    -0.1296682999
     -46.41097777
     -159.1358354
      165.2794453
     -8.766969914
    0.06347676600
      49.40273805
      429.6064338
      121.8297023
     -4.081551987
   -0.01154648460
     -17.63366792
     -159.6508136
     -87.25811409
      2.377289567
   0.001068269871
      2.320748297
     -118.7739976
     -261.6070929
     -6.042186425
  6.618642836E-06
     0.7205823779
      167.5512702
      127.6838218
     -26.53865401
 -1.980848381E-05
    -0.5098169388
     -99.64750127
      431.3984063
     -21.35128373
    0.05000000000
     0.1000000000
     0.1500000000
     0.2000000000
     0.2500000000
   Q=    0.0000
