      0.000000000
      0.000000000
      0.000000000
      0.000000000
      0.000000000
     -129.0962524
      73.41327219
     -27.53346077
      6.185677168
    -0.6355869577
     -120.4400458
      50.06485610
     -19.43576972
      5.034654473
    -0.6129425070
      137.3783394
      70.65259233
     -45.18508139
      13.44598335
     -1.685250860
     -57.87090835
      68.92200324
     -73.43177190
      25.47355808
     -3.345462624
      18.43348195
     -114.7586664
     -145.9465909
      56.76305258
     -7.373450054
     -7.456331890
     -177.6500653
     -272.9760629
      110.0348880
     -14.49800855
      1.315169152
      94.08853600
     -301.9289783
      182.7045098
     -26.72081450
  -0.002457791625
     -14.47317085
     -68.92193918
      252.5768002
     -45.13681682
   -0.07492709430
     -19.88512896
      192.7387397
      252.0195892
     -69.14289482
    0.02563222824
      19.67742877
      81.44470010
      100.2671654
     -95.09064361
  -0.004954519382
     -8.901497899
     -160.7316897
     -123.5144627
     -113.6460160
  0.0006233796652
      2.430132766
      86.04183059
     -139.5822651
     -108.2516250
 -4.798160346E-05
    -0.3923954419
     -24.13151001
      86.51486622
     -69.80934092
  7.553003714E-07
    0.01465759939
      3.408144803
      129.0589337
     -21.54851994
    0.05000000000
     0.1000000000
     0.1500000000
     0.2000000000
     0.2500000000
   Q=    0.0000
