     -9.232348930
      8.515779457
     -3.884338754
     0.8968938394
   -0.08203140611
     -21.71598061
      11.30026853
     -2.905358646
     0.2848541732
   0.004062306244
     -58.81869356
      15.83892720
     -4.067840306
     0.6980019327
   -0.05146539431
      248.0490426
     -23.65274830
      3.531524576
    -0.9508205064
     0.1523390130
     -5.114267451
      8.579682970
      6.840682559
     -3.157168501
     0.4166832522
     -36.91360776
      15.98705195
      29.63700640
     -8.686195272
     0.8875517525
      15.42698527
      153.8177052
      54.89576399
     -12.64280703
      1.158350290
     -1.620842586
      29.41420087
      94.30902872
     -6.431766062
     0.8756559201
    -0.6040534349
     -141.0565194
      69.10968095
      30.92910707
   -0.05585675432
     0.3025134268
      115.6078258
      55.02173608
      97.37982925
   0.009466608576
   -0.06886714509
     -50.99740665
     -21.10415659
      146.3832572
      2.737340887
   0.009632766854
      12.77477713
     -146.9281713
      61.66036665
      6.226308951
 -0.0007149596221
    -0.6782896271
      235.2727146
     -102.1071148
      2.077156879
 -2.963887887E-05
    -0.9396216743
     -193.3152723
     -61.54161852
     -7.271915007
  1.828190930E-05
     0.4933305079
      105.7720928
      36.56568504
     -6.160119415
    0.05000000000
     0.1000000000
     0.1500000000
     0.2000000000
     0.2500000000
   Q=    0.0000
