      0.000000000
      0.000000000
      0.000000000
      0.000000000
      0.000000000
      21.78649518
     -19.91955956
      11.49434196
     -3.559038537
     0.4474053204
      177.8401112
     -87.57409641
      33.90696105
     -7.355289207
     0.6317336369
      235.8586602
     -186.9551082
      58.81998435
     -8.771141750
     0.3643449241
     -215.0736430
     -380.1997168
      65.56452757
    0.06528958634
     -1.157449918
      49.93542276
     -462.4324721
     -59.14452934
      38.58639298
     -5.358905494
     -12.38612204
      18.49453985
     -383.5218271
      117.8334183
     -13.24145063
      1.315140723
      8.504429858
     -695.3692321
      238.1939976
     -25.53390226
     0.3972872169
      40.47738132
     -528.8526481
      378.6502156
     -39.62318867
    -0.2738300212
     -86.15392065
      438.7091784
      464.2740097
     -46.78797750
    0.08247828788
      68.27970094
      531.3568535
      348.0543280
     -36.38599090
   -0.01565962391
     -30.11476272
     -707.2217084
     -107.7136006
     -12.93184120
   0.002016832341
      8.518715369
      391.2440988
     -409.0897468
     -4.882294258
 -0.0001685666674
     -1.548499825
     -132.3302927
      120.9775250
     -16.16135838
  5.358534989E-06
     0.1276686047
      28.90697404
      415.1062370
     -12.01179521
    0.05000000000
     0.1000000000
     0.1500000000
     0.2000000000
     0.2500000000
   Q=    0.0000
