      1.194752207
    -0.3789338445
    -0.1618627659
     0.1428926880
   -0.02853505132
      3.021611458
     -1.107581857
    -0.3474861095
     0.2970117692
   -0.05215530510
      49.00273593
     -6.118204355
     -1.403929154
     0.8958874540
    -0.1390291972
      8.527470959
      7.036050623
     -5.211568753
      1.737915385
    -0.2383808576
     -7.951440779
      1.861821062
     -5.321103955
      2.532311988
    -0.4072828630
      1.516055964
      3.184862242
     -4.249878382
      3.562283958
    -0.6913007519
     0.5981845674
      31.30094016
      9.165403642
      3.028057164
     -1.122856580
    -0.3684199197
     -34.18981239
      27.67237006
    -0.6270065893
     -1.942973176
    0.09965675628
      20.03907235
     -1.754332991
     -12.38470117
     -3.630731268
   -0.01726518824
     -7.725968177
     -26.27788187
     -32.55786487
     -7.059804469
   0.001907692939
      1.857828651
      14.14854306
     -29.78596631
     -11.56976490
 -9.092339188E-05
    -0.1906734547
    -0.6848773943
      13.07573103
     -12.23222147
 -1.370900925E-05
   -0.06152702453
     -4.160178640
      28.19886225
     -5.499014479
  4.476535994E-06
    0.04402028033
      4.435712135
     -13.58057651
      1.911106364
 -7.658403795E-07
   -0.01663401449
     -3.114657665
     -24.78205739
      2.287477032
    0.05000000000
     0.1000000000
     0.1500000000
     0.2000000000
     0.2500000000
   Q=    0.0000
