    0.02761712802
     0.5207103238
    -0.5074782960
     0.2063719813
   -0.03210452795
      2.353657429
    -0.4741904464
    -0.5282544810
     0.3075789162
   -0.04944717187
      39.07377833
     -3.085472457
     -2.245702237
      1.032606221
    -0.1472377407
      30.15241696
      5.751183316
     -5.760504859
      1.979273073
    -0.2670586758
     -27.91948879
     -2.190477518
     -8.777674056
      3.884234648
    -0.5534909336
      10.05545046
     -29.10369121
     -16.46753172
      7.883255768
     -1.106955095
     -2.839144468
     -6.812570235
     -23.99644347
      14.22750535
     -2.121889404
     0.5846612674
      13.81183848
     -10.09471001
      23.52676387
     -3.955229498
   -0.07480216282
     -5.413850980
      11.03768388
      34.15957200
     -6.976387719
   0.001220657962
    -0.3010786796
      10.98087762
      34.22151955
     -11.49772845
   0.002190612200
      1.646487716
     0.8953096626
      13.42915017
     -17.45722862
 -0.0006445856414
     -1.042052304
     -11.00052586
     -13.97360251
     -22.69886313
  0.0001151426134
     0.4063944765
      10.39840601
     -18.59826708
     -22.66547296
 -1.527076053E-05
    -0.1176251227
     -6.413670823
      6.453449102
     -15.16754203
  1.580137408E-06
    0.02674957613
      3.044396023
      17.72019430
     -5.074286142
    0.05000000000
     0.1000000000
     0.1500000000
     0.2000000000
     0.2500000000
   Q=    0.0000
