      2.478712753
     -1.065795010
     0.1534867534
    0.03468891204
   -0.01152547679
      23.85665484
     -13.08902544
      3.645514263
    -0.4614360088
    0.01427116853
      205.7440072
     -43.19903705
      5.987322457
   -0.09723649322
   -0.07139065643
      118.4866946
     -44.46786197
      7.889659752
     0.2484979034
    -0.2170084720
     -269.8896942
     -164.2904514
      15.29094560
      4.728805264
     -1.003740970
      125.1714251
     -349.6376946
     -23.93999670
      22.58174724
     -2.973788767
     -40.91060214
     -138.9188165
     -124.5082000
      62.37748833
     -6.826347775
      8.119107287
      170.5544801
     -168.8578035
      139.0407953
     -12.76343123
    -0.6056457706
      2.250913268
     -74.60671626
      254.9022258
     -17.97427375
    -0.1703448056
     -74.47685185
      96.78866345
      326.0310361
     -16.95005916
    0.07235013017
      55.05896136
      119.9247070
      190.1744981
     -10.20263010
   -0.01461531164
     -22.34715726
     -110.0131699
     -143.8458031
     -11.09055486
   0.001953497711
      5.822133161
      4.869952386
     -259.7344488
     -28.96569730
 -0.0001755509560
    -0.9090225196
      37.38341376
      123.4296771
     -41.95627633
  7.898295425E-06
    0.01761620208
     -27.83820239
      321.7686426
     -23.54579701
    0.05000000000
     0.1000000000
     0.1500000000
     0.2000000000
     0.2500000000
   Q=    0.0000
