      26.95391622
     -17.86073416
      5.435133366
    -0.6766112387
    0.01111697598
      97.03778425
     -44.00406887
      8.281610164
    -0.3572294969
   -0.02014596127
      749.0767197
     -117.8641642
      9.706145257
    -0.1963575473
    0.07119574982
     -362.5339672
      82.33233736
     -8.224254688
     -2.145976135
     0.4866392606
     -50.25427494
     -123.2289369
      50.95247558
     -11.34200901
      1.142540801
      61.74439266
     -181.0930769
      62.23623387
     -16.46934575
      2.006719092
     -21.24183642
      34.68115033
      82.00184707
     -33.01804517
      4.205304792
      2.624640712
     -101.6263000
      42.48485144
     -54.99920104
      7.714462998
     0.5792009357
      179.5707515
     -170.0989088
     -93.20024283
      13.86575881
    -0.3516360119
     -145.3099695
     -188.3817833
     -141.4272760
      22.40709405
    0.08630447303
      67.85705149
      228.5428801
     -115.3676002
      34.23324735
   -0.01322271222
     -19.49048956
      2.053368863
      24.18636971
      52.48311468
   0.001242703222
      2.652377985
     -166.9950450
      54.28036993
      69.07087436
 -2.807276311E-05
     0.5093276544
      170.3885152
      8.142842853
      56.06458391
 -1.386115391E-05
    -0.4304824790
     -101.1198782
      64.48991182
      19.10860997
    0.05000000000
     0.1000000000
     0.1500000000
     0.2000000000
     0.2500000000
   Q=    0.0000
