     -9.960800539
      12.60784007
     -6.179398024
      1.331881031
   -0.09327945267
     -109.4847058
      45.70111563
     -9.785302618
     0.4698260373
     0.1011927587
     -360.3928541
      68.22345508
     -4.178852674
     -1.483108818
     0.2439230268
     -1251.821518
      32.04710322
      25.36270143
     -6.441630544
     0.5005832168
     -9.471801880
     -403.8295476
      90.80974863
     -9.642749093
     0.2356409944
      212.4916958
     -799.7015010
      72.19728878
      3.797234334
     -1.156357791
     -102.7705484
     -811.2889578
     -103.7283282
      35.13078832
     -3.303301027
      18.22531626
      354.6675395
     -487.9324906
      75.71177397
     -5.560176220
     0.9153282995
      399.3162855
     -667.0478871
      68.86338941
     -6.122810011
     -1.306901175
     -510.2827745
     -232.0046603
     -35.77120212
     -6.426181369
     0.3594854415
      272.0533309
      632.8168910
     -225.7070396
     -12.22239050
   -0.05778942459
     -83.05746689
      125.6547879
     -312.9301613
     -31.45420645
   0.005592755396
      11.75658600
     -769.7229983
     -104.3636282
     -57.63019175
 -0.0001406072753
      2.154408872
      754.9974112
      377.0644982
     -64.95973837
 -5.950818632E-05
     -1.856218931
     -434.5171097
      510.1998241
     -33.73931567
    0.05000000000
     0.1000000000
     0.1500000000
     0.2000000000
     0.2500000000
   Q=    0.0000
