      1.648019518
     -2.016458154
      1.146341350
    -0.3395640329
    0.04238826426
      3.127625773
     -2.307634991
      1.275168887
    -0.3961761240
    0.05095353733
     -13.26839205
     -3.946206977
      3.899187260
     -1.267348226
     0.1586518442
     -13.74314209
     -10.55275362
      7.067466495
     -2.132198658
     0.2589983583
      31.04271865
     -1.160631474
      11.40800386
     -4.213037643
     0.5148921051
     -15.87482859
      42.22278759
      22.41578417
     -8.286345449
     0.9151312227
      5.536597567
      40.21178603
      40.44357505
     -14.35112819
      1.463208141
     -1.090720624
     -30.49125861
      35.95969219
     -21.93803653
      2.057549026
    0.07620769502
     0.9365411913
     -1.784540310
     -30.90602472
      2.318406277
    0.02369994781
      9.665940930
     -17.78326837
     -32.44078255
      1.661655996
  -0.009611828871
     -7.080874314
     -3.515727780
     -11.42784201
     0.5143904867
   0.001890641141
      2.800301351
      4.705890462
      19.71814459
     0.6618106247
 -0.0002434210471
    -0.6877523131
      5.669804612
      19.60711711
      2.575022829
  2.002544082E-05
    0.08615356954
     -8.865025723
     -15.75540122
      3.662007128
 -5.325178463E-07
   0.008958601582
      5.831660960
     -26.90888239
      1.961430920
    0.05000000000
     0.1000000000
     0.1500000000
     0.2000000000
     0.2500000000
   Q=    0.0000
