      17.90118133
     -21.21040224
      11.21694900
     -2.929433304
     0.3049008869
      174.2333546
     -86.96627525
      26.82811896
     -4.540045786
     0.3186110204
      730.1405035
     -198.4050204
      46.25294471
     -7.423010407
     0.6241751837
      1889.506648
     -263.7300460
      48.92772014
     -8.293577177
     0.8024866883
     -287.1204833
      70.26666307
      17.16479135
     -9.620841745
      1.222592637
     -175.1194072
      543.9744811
      25.86158161
     -19.20530907
      1.806814765
      102.9749188
      1232.739508
      137.5204006
     -28.33676433
     0.7673777685
     -15.72985491
     -293.6484163
      495.7412294
     -5.636264764
     -4.538749933
     -2.584585108
     -653.1416808
      674.7942395
      126.6574286
     -15.80670381
      1.800315448
      685.5354366
      501.7704478
      370.0828436
     -26.64253554
    -0.4442646469
     -331.7754048
     -571.9466917
      575.7209636
     -23.48961249
    0.06534230085
      89.44588365
     -607.1267750
      362.5361706
      3.286579077
  -0.005264522461
     -7.179245830
      1352.318684
     -166.0068302
      34.14135744
 -0.0001086143520
     -5.315665292
     -1175.091563
     -441.9684917
      43.49810864
  0.0001098127380
      3.010942929
      646.1359518
     -401.2870479
      24.93511987
    0.05000000000
     0.1000000000
     0.1500000000
     0.2000000000
     0.2500000000
   Q=    0.0000
