      36.24227035
     -33.41859362
      15.74455480
     -3.862581495
     0.3869313378
      151.3813394
     -84.91068040
      27.40819489
     -4.776348714
     0.3479032554
      735.9194913
     -210.3040979
      55.28789904
     -9.948324274
     0.8645883135
      259.7535971
     -186.9672819
      64.07699965
     -12.23792999
     0.9965134383
     -339.5331822
     -317.4600921
      100.7510671
     -17.18271166
      1.291943139
      114.7728387
     -183.3258152
      89.71256037
     -17.41076389
      1.418607282
     -23.72674736
      308.7378934
      75.59530226
     -19.51616742
      1.831825059
      3.023951256
     -194.3079918
      33.72427352
     -16.61637923
      2.536847992
    0.05824532409
      122.9365066
     -144.7263184
     -14.19584002
      4.689645736
    -0.1574610438
     -79.56541897
     -7.401260247
     -15.53537121
      9.311711755
    0.04915311141
      41.76282730
      177.8481336
      28.75194970
      19.09427027
  -0.009750364149
     -16.52894744
     -186.6475562
      59.79296592
      37.32791599
   0.001419072941
      4.926569348
      107.2154952
     -28.64970208
      51.93920678
 -0.0001548983683
     -1.083638487
     -36.77564755
     -42.05793630
      40.83159417
  1.180869107E-05
     0.1542800544
      3.758492093
      46.95130057
      13.31457086
    0.05000000000
     0.1000000000
     0.1500000000
     0.2000000000
     0.2500000000
   Q=    0.0000
