      0.000000000
      0.000000000
      0.000000000
      0.000000000
      0.000000000
      5.400673445
     -5.113604725
      3.005286835
    -0.9555267961
     0.1261367348
     -31.54972726
     -4.625189331
      6.452139650
     -2.174156628
     0.2707481743
     -223.0932609
     -25.89742943
      21.79986459
     -6.021082747
     0.6614121412
      134.6876517
     -107.1790352
      54.10348453
     -13.68893777
      1.390238419
     -41.80227489
     -28.77232534
      109.7957608
     -29.45455266
      2.700878875
      7.838655914
      171.2049675
      230.4851595
     -57.66295127
      4.393613856
     0.6903450561
      42.31692874
      332.3180433
     -93.33514143
      5.355628205
    -0.7880251078
     -104.3415476
      155.0217722
     -133.5844454
      3.035275914
     0.2582713516
      81.45029414
     -194.8785161
     -168.4520671
     -7.324851445
   -0.05538046415
     -41.43800669
     -120.7009866
     -123.6717909
     -27.63815259
   0.008325461157
      13.99802919
      168.8916004
      51.50059332
     -45.69347657
 -0.0008346317908
     -2.954738757
     -63.63442246
      141.0732310
     -40.90047503
  3.735427465E-05
     0.2260580437
     -3.515300169
     -54.74262551
     -16.24231961
  4.548361527E-06
    0.09587740878
      14.81791144
     -161.3030252
    -0.2910128997
    0.05000000000
     0.1000000000
     0.1500000000
     0.2000000000
     0.2500000000
   Q=    0.0000
