      6.237988080
     -6.957678473
      3.985964333
     -1.215994044
     0.1549760868
      41.31478035
     -25.64761189
      10.40601493
     -2.446384298
     0.2482346706
      194.7075011
     -73.00076395
      24.71156155
     -5.342687576
     0.5200553185
      319.1225152
     -128.2133340
      41.14880067
     -7.800182917
     0.6291564674
     -106.7919751
     -188.7894390
      54.18011012
     -7.864105472
     0.3502029016
     -6.884252045
     -150.0189287
      35.33126179
     0.9541185814
     -1.171440659
      6.345203273
      208.9185878
     -12.84160987
      29.04059353
     -5.736022836
      1.285222383
      122.8961140
     -4.766272653
      97.14822765
     -16.29278793
     -1.313343197
     -233.6974357
      83.43603125
      220.1984053
     -34.93184711
     0.4179538557
      156.2800026
      202.8696451
      338.0611242
     -59.82380782
   -0.07758294065
     -57.47366235
     -28.32400169
      288.1251838
     -84.94803374
   0.008513225019
      10.05628442
     -272.0666034
     -24.88917185
     -102.9990933
 -0.0001956296823
      1.719449236
      376.4581114
     -245.8823994
     -105.0988803
 -0.0001343719118
     -1.950814214
     -289.8966380
     -11.73074551
     -76.79632682
  3.320832799E-05
     0.7961575190
      153.7987732
      128.3529515
     -26.96281684
    0.05000000000
     0.1000000000
     0.1500000000
     0.2000000000
     0.2500000000
   Q=    0.0000
