      0.000000000
      0.000000000
      0.000000000
      0.000000000
      0.000000000
      16.20282536
     -5.880250625
     0.3301136978
     0.4404369173
    -0.1016956696
      65.55930213
     -4.721773261
     -4.650772132
      2.117485716
    -0.3050417018
      194.9208948
      13.50097495
     -17.74907008
      5.835486089
    -0.7516673165
     -93.85019609
      74.37346575
     -47.37921232
      14.41845835
     -1.778144033
      22.34867270
      36.48695601
     -97.14772672
      32.30218178
     -3.926463564
     -2.765371930
     -81.12949299
     -180.3674835
      66.52583838
     -8.115895221
    -0.5428247460
     -28.22497688
     -217.9052477
      119.1065444
     -15.50866310
     0.3051535774
      36.93735747
     -52.40390625
      183.2864374
     -27.45856112
   -0.08218001991
     -23.77592486
      167.8401819
      217.9624535
     -44.63725244
    0.01734267383
      13.45644801
      38.74511617
      129.3612857
     -66.89314495
  -0.002865964900
     -5.577047447
     -121.7719422
     -80.55917435
     -91.20914356
  0.0003624303681
      1.673196854
      86.63026779
     -145.1520959
     -102.6939276
 -3.502589247E-05
    -0.3871664096
     -42.57941421
      53.41560593
     -78.69506147
  2.577388320E-06
    0.07459265247
      18.03170309
      123.7569516
     -28.96390228
    0.05000000000
     0.1000000000
     0.1500000000
     0.2000000000
     0.2500000000
   Q=    0.0000
