  -0.005014506586
   0.005019143070
  -0.002680756822
  0.0007825590807
 -9.760930650E-05
   -0.01878455401
    0.01337194778
  -0.005963317405
   0.001498641309
 -0.0001558233092
   -0.08700573060
    0.04476102039
   -0.01781024567
   0.003896209487
 -0.0003326003678
    0.05839206598
     0.1040863406
   -0.03699573702
   0.005553747464
 -0.0002257085868
     0.7714388316
     0.3227884546
   -0.06172390955
   0.002658890968
  0.0004112837085
    -0.4462945428
     0.7630581606
   -0.01573785538
   -0.01506057982
   0.001744164523
     0.1458782866
     0.6354802349
     0.2306837913
   -0.04584878150
   0.002550781310
   -0.02243011591
   -0.08301190585
     0.5862308676
   -0.05600748904
  0.0004903657281
  -0.001129971846
    -0.5903402799
     0.7008244503
   0.001930986222
  -0.006025761345
   0.001506295401
     0.6094621339
    0.07495736624
     0.1426750077
   -0.01545217408
 -0.0004143847391
    -0.3175781310
    -0.6235584526
     0.2544519310
   -0.02146106643
  6.873477836E-05
     0.1016852875
    0.03003324224
     0.2086065115
   -0.01844455960
 -7.335157485E-06
   -0.01817441314
     0.5984940810
   0.004603437613
  -0.004646395518
  3.633447876E-07
 -0.0003928214980
    -0.6575761763
    -0.2792138663
    0.01143025726
  3.741618133E-08
   0.001495227869
     0.4031641218
    -0.3465400191
    0.01175604936
    0.05000000000
     0.1000000000
     0.1500000000
     0.2000000000
     0.2500000000
   Q=    0.0000
