      0.000000000
      0.000000000
      0.000000000
      0.000000000
      0.000000000
      73.37054681
     -40.11513631
      14.25210444
     -2.984569383
     0.2815418285
      2.758517509
    -0.3521801765
    -0.2530977758
    0.06211959901
   0.003298003158
      50.75332520
      1.298217958
    -0.7225210941
    -0.1259284686
    0.04992526682
     -180.8033129
      109.5441358
     -35.83083857
      7.116019411
    -0.6269280191
      91.21836706
      36.13363664
     -79.59908393
      20.75029704
     -1.966635614
     -23.02347378
     -412.7576681
     -224.1289972
      60.09585282
     -5.634127830
     -1.133745049
     -101.2469212
     -455.9560242
      123.7707518
     -12.77721715
      2.375628507
      341.1029692
     -334.2900567
      197.2032040
     -27.44434256
    -0.8273933292
     -270.7803722
      134.8148983
      238.6256909
     -55.40898915
     0.1718749507
      123.8547248
      234.9565851
      111.1856769
     -102.6441233
   -0.02329646702
     -34.00683594
     -18.63971715
     -185.6870708
     -167.1867549
   0.001745723333
      3.687882340
     -257.9853172
     -218.0766798
     -212.7354336
  5.170407778E-05
      1.376858427
      277.4952590
      175.2658899
     -176.9291962
 -3.852913182E-05
    -0.8906598959
     -163.0356264
      320.1044441
     -70.37378251
    0.05000000000
     0.1000000000
     0.1500000000
     0.2000000000
     0.2500000000
   Q=    0.0000
