      0.000000000
      0.000000000
      0.000000000
      0.000000000
      0.000000000
     -66.92808869
      38.07727099
     -14.21342158
      3.127987364
    -0.3063103705
     -135.3197719
      41.11640106
     -10.81659148
      1.814890128
    -0.1349732135
     -192.2347543
      45.44030206
     -11.30074344
      1.773063173
    -0.1232930484
      142.5784309
     -7.828517382
      10.37105912
     -3.390270144
     0.3548542465
     -41.10751730
     -36.23580220
      61.65890908
     -14.43168703
      1.105571284
      5.435234699
      67.82888043
      175.6357217
     -35.72939334
      2.224928043
      1.511969185
      115.3833919
      305.0613482
     -61.20206950
      3.147981919
    -0.9453013785
     -133.4983237
      187.9591498
     -83.50782667
      3.766622833
     0.2774265722
      89.23995459
     -189.6203934
     -104.8253836
      4.302566766
   -0.05658935373
     -42.62843536
     -126.8252151
     -84.45198552
      5.946156386
   0.008307588131
      14.09469287
      177.4727249
      32.82277384
      13.27597774
 -0.0008261305498
     -2.987726380
     -72.85892130
      90.06928579
      26.64682897
  3.729320822E-05
     0.2445884431
      1.033098398
     -38.43163742
      29.37866994
  4.459532778E-06
    0.09246574522
      14.73712656
     -78.58842662
      12.95517283
    0.05000000000
     0.1000000000
     0.1500000000
     0.2000000000
     0.2500000000
   Q=    0.0000
