      4.828888168
     -5.414834298
      3.187335030
     -1.015812656
     0.1367723700
      18.96510686
     -14.34198068
      7.081977547
     -1.987386106
     0.2365622639
      66.29606515
     -42.68870466
      19.91979065
     -5.249845776
     0.5919201780
      2.124044248
     -90.30361783
      39.88466480
     -9.287936808
     0.9424394599
     -190.5493833
     -190.4754539
      67.69720744
     -14.09463077
      1.369956087
      100.3168633
     -244.2690839
      72.26956948
     -15.27435022
      1.616448520
     -32.91222295
     -67.89187544
      16.04123651
     -7.511795100
      1.488445739
      5.791466530
      51.23714187
     -106.9027385
      16.40451156
     0.7883188904
   -0.06521712322
      83.15226043
     -189.5690273
      56.65175771
    -0.2573312710
    -0.2658647332
     -111.1340951
      9.258969464
      91.84637088
     -1.600097320
    0.08315883265
      64.50764851
      182.2705939
      68.23443124
     -5.372200032
   -0.01486652879
     -22.64559259
     -85.35963229
     -62.19911214
     -17.02473185
   0.001750241680
      4.840433326
     -58.12881991
     -130.2332325
     -36.86716804
 -0.0001196852777
    -0.3511721353
      93.33167541
      78.77323054
     -44.25140348
 -1.420156628E-06
    -0.1782319660
     -60.93760967
      196.2303723
     -22.33851627
    0.05000000000
     0.1000000000
     0.1500000000
     0.2000000000
     0.2500000000
   Q=    0.0000
