  -0.003894742278
   0.004903119654
  -0.002522864306
  0.0006107478341
 -5.626182194E-05
   -0.03794381367
    0.01728109337
  -0.004671456511
  0.0006249202866
 -2.567195220E-05
    -0.1164983741
    0.03143769237
  -0.006873998303
  0.0009447410206
 -5.820661443E-05
    -0.3161525548
    0.04620474053
  -0.007133937582
  0.0005518850319
  1.219516233E-05
     0.3946589475
   0.009513803341
 -0.0009821589802
 -0.0008086547880
  0.0001298137579
    -0.1739096728
     0.1097860004
   0.003499935772
  -0.003027971363
  0.0002311675190
    0.04639862579
     0.1152976256
    0.05077855548
  -0.007344234175
  7.406218649E-05
  -0.005763965777
     0.1032686362
     0.1161257209
  -0.003536903260
  -0.001112879115
 -0.0006362274037
    -0.2450371107
     0.1654675209
    0.01693353577
  -0.003528336832
  0.0004838876932
     0.1984979418
    0.02805549647
    0.05679663993
  -0.006632333103
 -0.0001232047816
   -0.09473142195
    -0.1287264853
    0.07457424271
  -0.008299613143
  1.980223917E-05
    0.02917461850
   -0.03362025477
    0.04068307620
  -0.007580358248
 -2.096271486E-06
  -0.005179267227
     0.1823683365
   -0.02060521291
  -0.004381089563
  1.083413828E-07
 -6.180886121E-05
    -0.1844593533
   -0.05495868394
 -0.0002144054063
  9.261085280E-09
  0.0003974089417
     0.1113993440
   -0.06477825589
   0.001911376371
    0.05000000000
     0.1000000000
     0.1500000000
     0.2000000000
     0.2500000000
   Q=    0.0000
