     -7.204982038
      10.03024023
     -5.613441327
      1.510195634
    -0.1607770429
     -89.59182017
      43.16649844
     -13.14315128
      2.201916319
    -0.1498375295
     -308.1048064
      87.58140837
     -21.01859430
      3.344185594
    -0.2596226850
     -972.4402910
      135.3351662
     -22.31406211
      2.664731332
    -0.1317740222
      351.8328291
     -34.45936604
      5.025827849
     -1.351548209
     0.2836119779
     -32.30702862
     -149.3587182
      22.90354368
     -7.149708968
      1.280819891
     -13.34826489
     -387.4823012
      36.83665390
     -22.91011890
      3.869166330
      2.527077030
      140.2854113
     -70.36849188
     -52.76150500
      8.345953599
     0.8058926970
      146.3609761
     -205.9498652
     -111.6122697
      13.42938304
    -0.4730612930
     -173.7497175
     -254.0037105
     -172.7903475
      12.84349122
     0.1115334493
      82.63310618
      210.9495953
     -181.4319189
    -0.8713758427
   -0.01512697670
     -19.65755887
      214.8925013
     -71.24694325
     -28.38083976
  0.0008859905693
    -0.2295595867
     -448.6126675
      36.60923091
     -53.10255365
  0.0001160321406
      2.202987045
      375.7913385
      111.6062405
     -54.87745963
 -4.052890729E-05
     -1.016234551
     -200.3744316
      172.5128152
     -27.22382064
    0.05000000000
     0.1000000000
     0.1500000000
     0.2000000000
     0.2500000000
   Q=    0.0000
