      0.000000000
      0.000000000
      0.000000000
      0.000000000
      0.000000000
     -271.9291088
      119.7388648
     -29.47128099
      3.420332224
    -0.1015083531
     -544.3633217
      77.28201070
      2.081685576
     -3.019893159
     0.3356149292
     -555.4870704
      3.729362592
      11.53501742
     -2.120058264
     0.1138428387
      108.2684349
     -163.5014905
      38.34213104
     -5.093224740
     0.3189736657
      34.19387958
     -349.4829997
      37.59454371
     -1.879990409
     0.1210020809
     -27.40401661
     -434.0673218
     -22.21807477
     0.9906746564
     0.7584825819
      4.053565670
      214.3887624
     -174.2799647
     -8.574647258
      2.859051418
      1.095381463
      159.1636816
     -249.9533975
     -60.81543976
      6.705084283
    -0.6510689483
     -216.3462848
     -166.7593319
     -153.1814459
      8.491132228
     0.1554037141
      109.5678432
      202.7715156
     -218.8141821
      1.895907814
   -0.02183941457
     -28.84240142
      218.2443059
     -117.9577846
     -14.99654129
   0.001489167490
      1.287162722
     -495.5451587
      95.41662476
     -28.77813576
  0.0001145147739
      2.408271133
      438.4140167
      146.1034000
     -24.99085483
 -5.084259423E-05
     -1.248253443
     -246.2478210
      77.41143954
     -10.03312172
    0.05000000000
     0.1000000000
     0.1500000000
     0.2000000000
     0.2500000000
   Q=    0.0000
