      0.000000000
      0.000000000
      0.000000000
      0.000000000
      0.000000000
      87.71688440
     -46.06002912
      14.84746557
     -2.574085959
     0.1678793330
      251.5320840
     -53.64500848
      5.566602057
     0.9448530453
    -0.2696405998
      246.1312733
      6.843221578
     -16.89342202
      5.717777606
    -0.7205395550
     -83.36685162
      135.5153680
     -63.81062821
      15.76723677
     -1.594474719
      7.032372095
      303.4674347
     -140.9445072
      28.14720030
     -2.136791331
      8.240533706
      58.71568671
     -182.9427547
      26.39286944
    -0.7046648331
     -3.069980642
     -178.2492978
     -145.5938122
     -14.35648958
      5.052482732
     0.3072947484
      44.81491067
      111.5490478
     -117.7209933
      17.22138778
    0.06776969649
      26.45461980
      192.1197687
     -211.7265321
      34.65836565
   -0.02770470346
     -21.14370889
     -203.7279223
     -168.4427846
      56.12439053
   0.004230772702
      5.400890259
     -25.12104537
      85.57694861
      79.17549247
 -0.0002166533223
     0.3744293791
      152.0716776
      275.8657583
      98.98950076
 -4.640107956E-05
    -0.7903250485
     -125.1086408
     -90.71296697
      94.17004277
  1.367260312E-05
     0.3268008206
      57.70866796
     -411.6494644
      45.79015046
    0.05000000000
     0.1000000000
     0.1500000000
     0.2000000000
     0.2500000000
   Q=    0.0000
