     0.7829021332
    -0.8279474140
     0.4291856756
    -0.1161443822
    0.01319548843
      3.829008455
     -2.226605161
     0.8371046995
    -0.1837535107
    0.01747387093
      13.02951021
     -5.946272221
      2.221701105
    -0.4756097191
    0.04071733753
     -1.603722538
     -13.27773921
      4.593198423
    -0.6897046291
    0.02884597506
     -125.6630372
     -39.77265044
      7.871267000
    -0.3794924924
   -0.04497036587
      71.95850850
     -106.5869122
      3.228668780
      1.756719174
    -0.2016115375
     -23.05988263
     -101.3317037
     -29.89672298
      5.778023595
    -0.2788496213
      3.391237334
      1.851458915
     -83.14064261
      6.870261253
    0.07577567543
     0.2385350544
      103.7278437
     -108.2512754
     -2.306398897
      1.083291969
    -0.2506627708
     -101.0857893
     -21.00591572
     -24.74717953
      2.438949295
    0.06702049105
      51.27341970
      94.40323670
     -42.95766906
      3.027013440
   -0.01090865759
     -16.00822405
      9.937401729
     -34.42587362
      1.967709807
   0.001134291089
      2.712598410
     -108.9028858
     0.9682200648
    -0.6196602215
 -5.071969195E-05
     0.1366593737
      112.6783785
      44.99024412
     -2.950832785
 -6.954633364E-06
    -0.2588398105
     -67.55595674
      56.31995024
     -2.394682723
    0.05000000000
     0.1000000000
     0.1500000000
     0.2000000000
     0.2500000000
   Q=    0.0000
