      0.000000000
      0.000000000
      0.000000000
      0.000000000
      0.000000000
     -21.67898688
      10.44869089
     -2.822727393
     0.3368477205
  -0.004214640965
     -69.83263716
      10.72766333
     0.5187146162
    -0.6300675472
    0.08259980518
     -85.87875845
     -12.70250375
      7.150428033
     -1.350890242
    0.08773461465
      40.74542386
     -61.94976068
      13.79015077
     -1.496926688
    0.03766900830
     -8.856114925
     -100.6191946
      12.03455959
     0.1278330171
    -0.1741041517
     -2.012526033
     -33.68145441
     -8.424148136
      4.680646347
    -0.6253518940
      1.578528192
      102.5518703
     -28.20085949
      11.68459565
     -1.325162398
    -0.4334925893
     -68.01094038
     -18.27577972
      21.44205980
     -2.150501028
    0.07000949491
      23.85703822
      8.290829882
      28.74898561
     -2.421886772
  -0.006596055598
     -4.267084245
      36.42062270
      19.59772357
     -1.556861354
  0.0001348924868
    -0.1318182965
     -42.31015555
     -9.960948439
    -0.2512586080
  6.946022849E-05
     0.3364379215
      24.55513136
     -31.17661594
    -0.3717217189
 -1.396459185E-05
    -0.1194041957
     -10.12432729
      12.99660345
     -1.990911244
  1.634836984E-06
    0.02776336414
      3.751367231
      38.18739000
     -1.448507151
    0.05000000000
     0.1000000000
     0.1500000000
     0.2000000000
     0.2500000000
   Q=    0.0000
