      3.390877880
     -2.817597961
      1.238231495
    -0.2862343194
    0.02665833290
      11.93721649
     -7.095363444
      2.272264269
    -0.3709869944
    0.02257258015
      80.16183901
     -21.03406470
      4.846624059
    -0.7183973531
    0.04629554558
      15.94158434
     -16.03122051
      4.937109277
    -0.7065849667
    0.02441594784
     -47.65399733
     -41.10787802
      9.190704924
    -0.7217829770
   -0.03674033134
      20.64667613
     -46.99247165
      4.861897631
     0.6710859855
    -0.2040083291
     -5.702348323
      17.16643932
     -3.403100081
      2.102938611
    -0.3855906834
     0.8810358018
     -13.09742302
     -10.82066495
      3.122433660
    -0.4533895799
    0.01125668339
      22.49814560
     -29.77672397
     0.8820377449
     0.2512835424
   -0.04708548591
     -20.82577123
     -3.876583757
     -6.621063815
      2.893775162
    0.01425442544
      11.40597447
      37.37263945
     -6.737573741
      8.948145587
  -0.002600102068
     -4.114893615
     -26.08562984
      3.271328969
      18.41547709
  0.0003255492841
     0.9831096442
      1.811723208
     0.7155580576
      25.33788435
 -2.631263977E-05
    -0.1228077684
      9.196977362
     0.8186191347
      20.64248332
  5.952389392E-07
   -0.01380509145
     -8.192334320
      12.31836783
      7.487892717
    0.05000000000
     0.1000000000
     0.1500000000
     0.2000000000
     0.2500000000
   Q=    0.0000
