      2.578227740
     -2.426923850
      1.090110469
    -0.2483300178
    0.02273201812
      5.217064621
     -2.966002794
     0.9967244268
    -0.1741793242
   0.009877797524
      4.022212964
     -6.641017320
      2.956062649
    -0.5582970026
    0.03621313637
     -86.76519545
     -11.59320171
      3.884022688
    -0.2798182615
   0.003817269817
     -84.89691875
     -53.43009964
      3.229480202
     0.2260474768
    0.08918732240
      61.98939049
     -96.72524324
     -16.47616426
     0.2110219756
     0.5413409598
     -21.28827617
     -108.4529452
     -62.61884737
     -7.730307127
      1.815630884
      2.956469434
     -15.49983900
     -126.5594550
     -35.52985569
      3.506010418
     0.3534215118
      119.6017390
     -131.6408381
     -90.07409822
      3.029971759
    -0.2769754572
     -110.2923451
     -13.52389830
     -140.4786692
     -4.664546961
    0.07138352521
      54.58658055
      89.08026390
     -118.8440039
     -21.92296810
   -0.01135338135
     -16.62944938
      19.52125865
     -6.105715822
     -40.79222909
   0.001133118104
      2.609422032
     -125.5203249
      84.13056276
     -44.84793455
 -3.918364225E-05
     0.2774415207
      130.9390531
      26.10612149
     -28.03912116
 -9.786039186E-06
    -0.3249515375
     -80.77428353
     -40.99771887
     -7.647595763
    0.05000000000
     0.1000000000
     0.1500000000
     0.2000000000
     0.2500000000
   Q=    0.0000
