      0.000000000
      0.000000000
      0.000000000
      0.000000000
      0.000000000
      51.07968154
     -9.525044774
     -5.332660744
      2.999395940
    -0.4319538739
      193.5394614
      14.49801977
     -23.53304840
      6.531989549
    -0.6235198550
      442.3747170
      115.8296586
     -54.92931320
      10.75189703
    -0.8598525947
     -74.56913677
      317.9569810
     -87.25446915
      13.89633792
     -1.016777640
     -14.44384050
      333.9992714
     -87.29398080
      14.14771420
     -1.109980049
      14.80092233
      108.3418290
     -47.87596189
      12.44750637
     -1.389720725
     -2.428236684
     -91.49652808
      65.03483406
      12.67635956
     -2.378775846
    -0.6050653665
     -95.18619680
      210.5388599
      33.20193170
     -4.544634335
     0.3851053838
      130.3749169
      128.2493958
      83.68119098
     -6.378985555
   -0.09436591110
     -67.74807152
     -195.6829918
      115.8531046
     -4.603322798
    0.01352970160
      18.38989736
     -77.65859353
      62.76440330
      1.585404808
 -0.0009587157606
     -1.079912863
      275.7210575
     -35.34482943
      7.736151713
 -6.342242420E-05
     -1.398373712
     -258.0170350
     -86.52213219
      8.820769026
  3.049155801E-05
     0.7497140144
      147.4839679
     -76.05515002
      4.551299526
    0.05000000000
     0.1000000000
     0.1500000000
     0.2000000000
     0.2500000000
   Q=    0.0000
