      0.000000000
      0.000000000
      0.000000000
      0.000000000
      0.000000000
     -7.694563041
      2.720573717
    -0.2392247057
    -0.1021848682
    0.02005280149
     -29.80865622
      1.822777504
      1.364840569
    -0.4159714047
    0.03331084494
     -72.89538572
     -8.634672305
      4.160572807
    -0.5972112610
    0.02622296534
      7.211915125
     -38.73875339
      6.352670577
    -0.4744540830
    0.02065762347
      5.545274152
     -52.61664295
      1.716195309
    -0.1609656218
    0.07687103639
     -3.172336535
     -33.16447619
     -10.07414711
     -1.388111642
     0.3185444193
     0.2858120325
      6.784868364
     -27.79907768
     -7.035287446
     0.7827346117
     0.2082069960
      31.63930057
     -41.37777730
     -20.09935595
      1.210042662
   -0.09757042092
     -32.68534991
     -19.24916335
     -36.20805532
     0.8648552371
    0.02228732847
      15.94127414
      35.50366706
     -35.87226017
    -0.7285081865
  -0.003126277271
     -4.313253089
      15.59634669
     -5.344367329
     -2.384332646
  0.0002264546220
     0.3226138178
     -55.60797182
      22.74112338
     -2.048781766
  1.213237559E-05
     0.2821121564
      53.49862682
      11.24728322
    -0.3187142990
 -6.525927187E-06
    -0.1596094047
     -31.52838767
     -2.335592853
     0.2642513361
    0.05000000000
     0.1000000000
     0.1500000000
     0.2000000000
     0.2500000000
   Q=    0.0000
