      0.000000000
      0.000000000
      0.000000000
      0.000000000
      0.000000000
     -185.2406107
      100.8533351
     -34.90398692
      6.912691695
    -0.5881478691
     -398.6232083
      122.5039335
     -31.92352109
      4.940740035
    -0.2836534569
     -126.2196930
      163.8555452
     -53.21426756
      7.965152683
    -0.3187194912
      44.75731915
      290.6575124
     -63.76656414
      2.890026281
     0.8058339978
      24.12357768
      130.4020956
     -31.07162328
     -13.20465725
      3.323101274
     -12.60501493
     -388.3237001
     -15.28687735
     -51.11821938
      8.844724266
     0.7712807739
      83.03963631
     -65.25696381
     -133.2044209
      17.85788376
     0.8356230732
      115.5933323
     -27.09041207
     -254.7229937
      26.86462013
    -0.3394484051
     -110.6207421
     -88.36011227
     -324.0485154
      27.87929426
    0.07021769974
      47.08932300
     -59.34476496
     -235.0679559
      14.41781616
  -0.008832347108
     -10.28040224
      237.7668826
      34.08580747
     -9.692378868
  0.0004712840742
    -0.3949755767
     -289.5548239
      225.2279961
     -24.16185154
  7.464185573E-05
      1.314303497
      223.1166141
    -0.7217066854
     -15.56003739
 -2.487440079E-05
    -0.6094732906
     -123.0577003
     -181.4182399
     -2.543427093
    0.05000000000
     0.1000000000
     0.1500000000
     0.2000000000
     0.2500000000
   Q=    0.0000
