      0.000000000
      0.000000000
      0.000000000
      0.000000000
      0.000000000
      6.331844115
     -4.114310043
      1.750376872
    -0.4404390550
    0.04988713389
      93.37389889
     -27.47214119
      7.459964904
     -1.426648282
     0.1377359559
      84.00770836
     -27.32595745
      9.733511885
     -2.412891538
     0.2857326327
      47.16591310
     -51.68121066
      24.56588071
     -6.718079276
     0.8088159090
     -42.16364263
      34.30994348
      41.50224607
     -15.27476519
      1.939947427
      14.08541070
      257.7465208
      101.4543683
     -36.32281556
      4.526676357
    -0.2136297818
      1.564665782
      194.9845602
     -65.89575766
      9.225267472
     -1.165850557
     -168.1866531
      147.6103752
     -88.48373446
      17.89210380
     0.4482358154
      147.2071536
     -11.69215501
     -75.26031960
      33.09824647
   -0.09558061011
     -67.98534928
     -106.0936232
      12.38342392
      56.95750338
    0.01289922075
      17.96197716
     -63.11674219
      110.6408348
      85.50353989
 -0.0009037790190
     -1.393498229
      212.7553672
      55.01701194
      98.95372254
 -4.913846068E-05
     -1.067132484
     -199.0885482
     -101.9461059
      74.82116087
  2.527299542E-05
     0.5969899165
      112.6225502
     -125.8472452
      27.55495361
    0.05000000000
     0.1000000000
     0.1500000000
     0.2000000000
     0.2500000000
   Q=    0.0000
