      0.000000000
      0.000000000
      0.000000000
      0.000000000
      0.000000000
      62.09073302
     -29.85790811
      8.273730574
     -1.123290359
    0.04367758158
      185.3589495
     -35.74212141
      2.654645266
     0.7658240674
    -0.1557614490
      282.3699711
     -19.31701084
     -6.426267577
      2.948068623
    -0.3638915536
     -172.3691192
      24.37580624
     -33.22014591
      9.738342746
    -0.9498872616
      42.55459952
     -10.73221955
     -98.47084667
      23.77097773
     -1.843357355
     -4.904573723
     -50.68113617
     -233.7623010
      47.75690836
     -2.999465719
     -1.410686944
     -106.0363558
     -346.2501287
      80.71164209
     -3.850965919
     0.8056336834
      109.6888204
     -203.8987009
      129.9355414
     -2.564967233
    -0.2331846943
     -74.23844557
      223.0074564
      192.1158787
      5.657588264
    0.04935584677
      38.79523252
      186.6507945
      184.8193312
      24.50176979
  -0.007779534403
     -14.40883520
     -279.3964630
     -15.24632937
      43.78272611
  0.0008875295197
      3.728871200
      161.0699110
     -195.3612707
      39.50916822
 -6.541398618E-05
    -0.6340753039
     -57.58574373
      27.98443145
      11.96712963
  1.073274614E-06
    0.04483010046
      14.09744464
      209.7242433
     -3.433295399
    0.05000000000
     0.1000000000
     0.1500000000
     0.2000000000
     0.2500000000
   Q=    0.0000
