     -1.247093223
      1.041252250
    -0.3530083225
    0.04132070477
  0.0007708956949
     -5.292582018
      1.858563340
    -0.1454598190
   -0.06527544228
    0.01072910321
     -22.32837975
      2.997945382
     0.1598005325
    -0.1252123253
    0.01085654108
     -28.25134307
     -3.521069587
      1.808733308
    -0.2667161093
   0.007819959704
     -2.645765441
     -13.94614555
      2.379225032
   -0.02994182603
   -0.03162714566
      6.410230216
     -22.69935353
     0.7395830337
     0.6436628858
    -0.1001877566
     -2.941583543
     -21.68184402
     -5.624538692
      2.001682359
    -0.1998883276
     0.5193421874
      9.369580541
     -16.10477329
      3.365231175
    -0.2615490386
    0.02339668951
      11.07316532
     -18.18159722
      2.956835797
    -0.2163320387
   -0.03612061977
     -14.10883498
     -3.579704188
    -0.6176312435
   -0.09307486349
    0.01003392243
      7.582677912
      15.98529580
     -6.474252397
    -0.1145792609
  -0.001630686217
     -2.352083549
      3.039903229
     -9.017318759
    -0.5998997384
  0.0001614660529
     0.3519262356
     -20.33043505
     -2.377846067
     -1.416325223
 -4.908234308E-06
    0.05078730318
      20.25226888
      10.47288465
     -1.723179830
 -1.530468509E-06
   -0.04924071615
     -11.76807111
      13.24096858
    -0.9213425111
    0.05000000000
     0.1000000000
     0.1500000000
     0.2000000000
     0.2500000000
   Q=    0.0000
