  3.220103374E-07
 -3.290872901E-07
  1.749049122E-07
 -5.013800493E-08
  6.115363840E-09
  1.346742165E-06
 -8.951010486E-07
  3.798428103E-07
 -9.213232287E-08
  9.366574405E-09
  5.714333837E-06
 -2.814216080E-06
  1.095181807E-06
 -2.375167470E-07
  2.024788085E-08
 -1.995988447E-06
 -6.471890550E-06
  2.260198209E-06
 -3.381433168E-07
  1.378796426E-08
 -4.995325262E-05
 -1.949023543E-05
  3.746783610E-06
 -1.629199534E-07
 -2.457665911E-08
  2.865655108E-05
 -4.728468361E-05
  1.032643858E-06
  9.079637452E-07
 -1.042799444E-07
 -9.301019398E-06
 -4.026944078E-05
 -1.423212258E-05
  2.789598181E-06
 -1.487493940E-07
  1.415807481E-06
  4.127188753E-06
 -3.664664002E-05
  3.333984111E-06
 -6.048285247E-09
  7.663981727E-08
  3.847753816E-05
 -4.450749474E-05
 -5.064019544E-07
  4.249089846E-07
 -9.682002476E-08
 -3.917046322E-05
 -5.346697826E-06
 -9.681024529E-06
  1.037828548E-06
  2.648792050E-08
  2.030109766E-05
  3.947875867E-05
 -1.677800654E-05
  1.410877616E-06
 -4.380066360E-09
 -6.474948546E-06
 -1.181173504E-06
 -1.322528003E-05
  1.190777831E-06
  4.658216495E-10
  1.149832380E-06
 -3.877821184E-05
  3.832309320E-07
  3.094058753E-07
 -2.280711595E-11
  2.854653488E-08
  4.228326920E-05
  1.771550634E-05
 -6.826974743E-07
 -2.432624626E-12
 -9.629751324E-08
 -2.586919615E-05
  2.127905968E-05
 -7.096778357E-07
    0.05000000000
     0.1000000000
     0.1500000000
     0.2000000000
     0.2500000000
   Q=    0.0000
