      0.000000000
      0.000000000
      0.000000000
      0.000000000
      0.000000000
     -123.8035400
      60.54973015
     -16.99031958
      2.271264301
   -0.07665275422
     -496.6582990
      89.79765697
     -4.620327695
     -2.136513902
     0.3214384859
     -1027.882414
     -13.46108178
      31.15833426
     -5.500318948
     0.1923575630
     -40.39741246
     -407.1675700
      70.53797842
     -1.943945824
    -0.6962301025
      163.1218040
     -870.4562289
      13.13545139
      22.08211611
     -2.940543544
     -72.94282175
     -991.5890309
     -280.0853970
      72.95108169
     -6.013554647
      5.704538929
      195.5221215
     -810.7186084
      123.5964578
     -7.586713659
      4.640808548
      677.2458256
     -983.1745386
      101.8332074
     -4.875931730
     -2.111584062
     -701.8046428
     -198.7089913
     -38.49818872
      1.720047252
     0.4804428150
      346.8961462
      916.7055299
     -241.7380283
      5.836279239
   -0.06775698201
     -96.43642347
      71.87497039
     -312.1287923
     -3.532528364
   0.005074639590
      8.917310802
     -990.9856166
     -102.5025516
     -27.72682180
  0.0002042927804
      5.184199571
      1013.733391
      396.3391274
     -46.76266234
 -0.0001285534902
     -3.098031522
     -596.5845947
      574.8588930
     -30.05827949
    0.05000000000
     0.1000000000
     0.1500000000
     0.2000000000
     0.2500000000
   Q=    0.0000
