      10.21174454
     -12.86556082
      6.756250201
     -1.692382804
     0.1634705749
      101.4192059
     -47.25778407
      13.16680224
     -1.825002354
    0.07552980722
      340.9246040
     -88.69219722
      18.00814580
     -2.108315816
    0.08819812923
      985.4051590
     -110.2913621
      8.857351597
     0.9312318630
    -0.2616257325
     -420.7155023
      100.9002863
     -34.67771069
      7.796977660
    -0.7735373249
      72.68090896
      205.4603718
     -72.35296020
      13.76484876
     -1.075859786
      3.144778683
      329.0992720
     -109.5484004
      14.70742540
    -0.4220325946
     -2.296370205
     -246.0418327
     -15.77910848
     -10.57931150
      3.339283527
    -0.2078562272
     -10.87660324
      139.9420665
     -60.83084210
      12.43013922
     0.2520381185
      86.51902094
      231.1929795
     -103.0307121
      30.25253319
   -0.06549560988
     -47.29773523
     -200.9629839
     -37.24016653
      59.13102492
   0.008778361557
      10.57698531
     -153.7335487
      128.0468024
      97.89432076
 -0.0003719178519
      1.127366791
      338.9525106
      193.4601733
      128.3248161
 -0.0001096457645
     -1.766784459
     -272.4995457
     -142.1880703
      117.7175801
  3.043674355E-05
     0.7329424823
      135.2305156
     -389.4968384
      54.08934206
    0.05000000000
     0.1000000000
     0.1500000000
     0.2000000000
     0.2500000000
   Q=    0.0000
