      0.000000000
      0.000000000
      0.000000000
      0.000000000
      0.000000000
      153.8893931
     -78.71687615
      24.24397218
     -3.958599527
     0.2455945387
      581.9805078
     -120.7649744
      14.04451783
     0.5289093278
    -0.2313946433
      941.2867036
     -18.30491482
     -20.30890180
      4.657878070
    -0.3074505738
     -117.4203189
      306.2460724
     -66.07933154
      6.864878730
    -0.1924062399
     -78.62967602
      719.2284303
     -75.41459370
     0.5241166481
     0.4946121738
      50.87194677
      736.6888519
      69.80466373
     -21.87253296
      1.584876550
     -6.958564133
     -349.9890085
      389.6776755
     -43.79819637
      1.589914440
     -2.153466309
     -309.8259216
      589.3382448
     -26.80785595
    -0.6872749582
      1.229914636
      409.7677618
      264.0657710
      65.54012287
     -4.544351212
    -0.2944501729
     -211.6832785
     -592.4577901
      195.3256483
     -4.264309060
    0.04209264910
      58.52460340
     -143.5042362
      213.0786337
      7.062192439
  -0.003080313151
     -4.479964789
      738.9591472
      57.80790404
      26.98793373
 -0.0001595837061
     -3.764448750
     -714.7647085
     -274.6763816
      39.65472480
  8.679844938E-05
      2.114053571
      410.7445602
     -404.6219392
      24.15619343
    0.05000000000
     0.1000000000
     0.1500000000
     0.2000000000
     0.2500000000
   Q=    0.0000
