     -22.06759097
      18.98846337
     -6.759223501
     0.9684078438
   -0.02571552051
     -91.71584263
      31.83632825
     -3.195406615
    -0.7729446499
     0.1473600802
     -315.2344062
      46.38080547
   -0.01681205914
     -1.346054290
     0.1470314448
     -437.8657779
     -38.98161597
      24.87197334
     -4.611164470
     0.3006842659
     -63.78530798
     -203.3653842
      44.22361019
     -4.358095475
    0.07506857859
      112.2820761
     -359.0548472
      39.24437586
    0.03271662085
    -0.3172549187
     -48.85482217
     -325.7539327
     -39.50215400
      11.92438824
    -0.8308512238
      8.204474447
      111.0938249
     -212.4301893
      22.31088676
    -0.4906841074
     0.5417337323
      214.9652874
     -323.4834671
      7.191530157
      1.554810267
    -0.6323542940
     -248.5380646
     -109.1940663
     -48.35502802
      4.687469312
     0.1710641035
      129.9850888
      299.5738346
     -113.4037221
      5.910570067
   -0.02741512157
     -39.62389979
      49.60001058
     -121.8283343
      1.304103290
   0.002672546114
      5.755887157
     -348.9228543
     -34.42076175
     -9.674890287
 -7.417538116E-05
     0.9253793283
      345.8832888
      156.1418950
     -18.71204918
 -2.677489940E-05
    -0.8473243387
     -200.4764777
      228.3495651
     -12.60211685
    0.05000000000
     0.1000000000
     0.1500000000
     0.2000000000
     0.2500000000
   Q=    0.0000
