    0.09503825420
    -0.1027731720
    0.05337750683
   -0.01432529668
   0.001605922298
     0.5060530690
    -0.2843369349
     0.1037180981
   -0.02218877156
   0.002076399948
      1.612401516
    -0.7222643284
     0.2669039829
   -0.05707679865
   0.004925780278
     0.1138163463
     -1.617168832
     0.5549290483
   -0.08411413422
   0.003684700878
     -16.30032650
     -4.716323964
     0.9522977945
   -0.04955163071
  -0.004868937617
      9.297380007
     -13.08653338
     0.4425100282
     0.2015218946
   -0.02319321016
     -2.955731092
     -12.85458397
     -3.589431584
     0.6873745586
   -0.03157751606
     0.4261903209
    -0.4751803816
     -10.27631029
     0.8056331810
    0.01501190828
    0.03395420963
      13.90517608
     -13.79448206
    -0.3957234047
     0.1448685436
   -0.03287068458
     -13.23844016
     -3.062254498
     -3.350969132
     0.3158809937
   0.008689410974
      6.642526594
      11.81654310
     -5.767540949
     0.3759273963
  -0.001403656424
     -2.052880498
      2.079281445
     -4.546327896
     0.2106720217
  0.0001443990364
     0.3400338082
     -14.74961946
     0.3555890952
    -0.1391926934
 -6.161608622E-06
    0.02151191824
      14.94342302
      5.858012608
    -0.4165494520
 -9.490379412E-07
   -0.03446505151
     -8.889620974
      7.095020136
    -0.3178599437
    0.05000000000
     0.1000000000
     0.1500000000
     0.2000000000
     0.2500000000
   Q=    0.0000
