      0.000000000
      0.000000000
      0.000000000
      0.000000000
      0.000000000
     -107.2981747
      59.69525296
     -21.30758035
      4.367371788
    -0.3846128959
     -469.6434161
      124.3275766
     -26.39381887
      3.136763061
    -0.1034456044
     -897.7178162
      117.1042600
     -12.79991882
    -0.4110042499
     0.2673411182
      77.39584011
     -56.05785122
      31.58553137
     -9.356954003
      1.160167436
      100.8673553
     -371.1715944
      114.1245493
     -24.93100450
      2.645692071
     -47.63655076
     -715.8793112
      156.4529507
     -39.94649561
      4.632021537
      2.620316180
      75.69188466
     -41.92130230
     -53.91022881
      7.445963495
      3.686018679
      555.9992268
     -442.6481414
     -92.75278942
      9.955050385
     -1.535499455
     -516.5635421
     -534.7070525
     -186.4087533
      6.314603252
     0.3291882613
      232.4226514
      421.1360203
     -284.6762336
     -14.08941233
   -0.04286928603
     -55.45746914
      556.5201717
     -209.7062489
     -53.96005316
   0.002508275583
     0.6213011725
     -1088.922514
      18.49325152
     -90.45460892
  0.0003018507668
      5.385267614
      910.0302046
      258.2719289
     -90.48865511
 -0.0001079602699
     -2.576804799
     -491.8808879
      398.5462748
     -45.64250363
    0.05000000000
     0.1000000000
     0.1500000000
     0.2000000000
     0.2500000000
   Q=    0.0000
