      0.000000000
      0.000000000
      0.000000000
      0.000000000
      0.000000000
     -72.95548853
      43.87185837
     -17.53208865
      4.188902320
    -0.4523605592
     -333.9444976
      109.7326548
     -33.41876859
      6.848155434
    -0.6590486354
     -108.2687914
      137.8866709
     -54.24846733
      11.63923363
     -1.076806364
      214.1083894
      332.9123679
     -100.9984827
      17.06358717
     -1.239929607
     -64.49616144
      326.0820103
     -75.19104882
      7.996665820
  -0.004878192809
      11.95440477
     -92.38307478
      41.88942812
     -26.77028985
      4.125593918
      1.296372437
      180.0310715
      279.5686157
     -124.8105550
      14.45680067
     -1.593715513
     -238.8893408
      481.1114367
     -292.7178452
      31.50722235
     0.5638510242
      190.8434917
     -73.38083665
     -449.0282847
      52.31100060
    -0.1235520011
     -95.62812997
     -531.7115556
     -388.8087944
      70.80702265
    0.01800108490
      29.86969685
      373.5321435
      104.2650491
      88.37884978
  -0.001599986339
     -5.062776025
     -39.20205385
      517.1030322
      113.9021738
  2.585508602E-05
    -0.1612737995
     -81.30843899
     -122.6002596
      120.7776433
  1.835851745E-05
     0.3962999804
      60.69024982
     -668.7439231
      63.09272103
    0.05000000000
     0.1000000000
     0.1500000000
     0.2000000000
     0.2500000000
   Q=    0.0000
