      0.000000000
      0.000000000
      0.000000000
      0.000000000
      0.000000000
      4.245769118
     -2.329501868
     0.7051744654
   -0.07090529980
  -0.007267293127
      13.28419223
     -4.084237061
     0.4402278437
     0.2201451270
   -0.05921763111
      14.59368400
     -6.900922196
    -0.9310729399
      1.068122983
    -0.1818349845
     -27.58166314
     -15.93917915
     -7.121664945
      3.543142708
    -0.4645648597
      10.71791904
     -35.99661024
     -25.80130075
      8.925523330
    -0.9893423548
     -2.843739233
     -34.86520905
     -60.87169194
      17.97413739
     -1.861856643
   0.007840616497
     -7.618074900
     -86.60477212
      30.05467210
     -3.218362023
     0.2298759689
      32.24033058
     -53.24969426
      42.74396915
     -5.178673296
   -0.08981159909
     -29.12200889
      38.77520156
      47.22366247
     -7.745468990
    0.02037262948
      15.15219768
      49.73808064
      26.16006512
     -10.99671789
  -0.003051950922
     -4.871515042
     -42.34497278
     -22.69880281
     -14.99511334
  0.0002818962041
     0.8497323857
    -0.4086298896
     -40.04622179
     -18.08884978
 -5.806022971E-06
    0.03064511911
      17.47727114
      21.47417973
     -15.60128471
 -3.159141429E-06
   -0.07347244145
     -13.28880697
      51.46453841
     -6.597201974
    0.05000000000
     0.1000000000
     0.1500000000
     0.2000000000
     0.2500000000
   Q=    0.0000
