    -0.2242893481
     0.2249214984
    -0.1197499404
    0.03484707489
  -0.004351212486
    -0.7712135270
     0.5623172043
    -0.2573775923
    0.06652366072
  -0.007138131965
     -3.085507615
      1.874206074
    -0.8025007416
     0.1824906773
   -0.01605596615
      6.044497258
      4.741460711
     -1.793471235
     0.2791485469
   -0.01241914970
      41.48904847
      16.24306887
     -3.211225609
     0.1676678728
    0.01684221728
     -24.60084001
      40.41188162
     -1.249534797
    -0.6848542201
    0.08184319380
      8.073391168
      36.75355948
      11.25601795
     -2.265404820
     0.1233433723
     -1.221136490
     -3.602979639
      30.89280494
     -2.864368251
    0.01827662555
   -0.07410816677
     -34.53298114
      38.93837492
     0.2104935747
    -0.3195024717
    0.08655742197
      34.89232655
      6.516415949
      8.057223421
    -0.7942961128
   -0.02344965715
     -17.94252042
     -34.43516210
      14.76393702
     -1.031809297
   0.003844050495
      5.654001436
     -1.592674290
      12.41878956
    -0.7073665753
 -0.0004025771647
    -0.9717046646
      37.01989493
     0.2863590246
     0.1807381519
  1.842973943E-05
   -0.04239083823
     -39.05127513
     -16.26218854
      1.019472204
  2.383079395E-06
    0.08979118788
      23.55613555
     -20.38861920
     0.8283398713
    0.05000000000
     0.1000000000
     0.1500000000
     0.2000000000
     0.2500000000
   Q=    0.0000
