      0.000000000
      0.000000000
      0.000000000
      0.000000000
      0.000000000
 -4.569985135E-10
  2.034241063E-10
 -4.194341808E-11
 -5.996411916E-14
  1.000716227E-12
 -1.056609013E-10
 -1.882737731E-10
  1.271695334E-10
 -3.747729996E-11
  4.454677790E-12
  7.170497192E-09
 -1.124711772E-09
  2.898768806E-10
 -6.977669940E-11
  8.433657759E-12
  9.183114187E-09
  1.934338757E-10
  4.293910348E-10
 -1.825060053E-10
  2.190876189E-11
 -5.552925611E-09
  5.548439607E-09
  1.693744803E-09
 -5.329278112E-10
  4.251012964E-11
  1.371104356E-09
  1.574096893E-08
  6.453465840E-09
 -1.086240428E-09
  3.856156306E-11
  1.494696628E-10
  1.435910174E-08
  1.666309725E-08
 -1.063190844E-09
 -6.052139155E-11
 -1.887132614E-10
 -2.836203665E-08
  2.296650855E-08
  1.382860522E-09
 -3.036745134E-10
  6.325997978E-11
  2.113458447E-08
  4.381655749E-09
  6.511750289E-09
 -5.676569569E-10
 -1.281795425E-11
 -9.222752992E-09
 -1.804275081E-08
  9.468744377E-09
 -5.857312010E-10
  1.688362644E-12
  2.391464910E-09
 -5.075488625E-09
  5.209671646E-09
 -2.591589652E-10
 -1.173075103E-13
 -1.972163170E-10
  2.506089838E-08
 -3.663898763E-09
  1.686060943E-10
 -6.233267761E-15
 -1.327406054E-10
 -2.464020042E-08
 -7.019926008E-09
  3.248488487E-10
  3.250780791E-15
  7.646128379E-11
  1.449204535E-08
 -5.302045077E-09
  2.141506249E-10
    0.05000000000
     0.1000000000
     0.1500000000
     0.2000000000
     0.2500000000
   Q=    0.0000
