      0.000000000
      0.000000000
      0.000000000
      0.000000000
      0.000000000
      4.070541912
    -0.9717157921
    -0.2621798458
     0.1796932180
   -0.02489024602
      15.16650179
     0.9456164964
     -1.654623151
     0.4070298214
   -0.02833159708
      40.94852632
      9.639263202
     -3.877866376
     0.5032927422
  -0.007833687046
     -2.789582571
      31.84454171
     -5.434763705
     0.1119778910
    0.06183436380
     -3.219857442
      40.87044579
     -1.333882208
     -1.280598053
     0.2031733591
      1.966407786
      17.56646505
      8.605577378
     -3.671937029
     0.4016294921
    -0.2502193454
     -8.543205592
      20.64780198
     -6.691500345
     0.5884859801
   -0.09651455818
     -14.52811642
      27.09868491
     -8.046424355
     0.5872341108
    0.05275356106
      17.63269997
      6.829479808
     -3.669182366
     0.3186513801
   -0.01267214222
     -9.173193303
     -27.33639139
      5.676519367
    0.07895226443
   0.001835957953
      2.606546788
     -1.318982464
      11.43597107
     0.3294796914
 -0.0001399582626
    -0.2393127338
      27.91168726
      5.280648865
      1.108030852
 -5.531469837E-06
    -0.1456283325
     -28.63237845
     -12.94173227
      1.660838899
  3.555719396E-06
    0.08654586439
      16.75824562
     -19.61052602
      1.030450300
    0.05000000000
     0.1000000000
     0.1500000000
     0.2000000000
     0.2500000000
   Q=    0.0000
