     -1.773070250
      2.075505026
    -0.7136103700
    0.02522477424
    0.02090395136
     -13.57729756
      3.531733300
     0.4747767430
    -0.5682476847
     0.1090468806
      2.604127031
     -1.442969008
      3.306645282
     -1.802796905
     0.3174659453
     -39.16021964
      9.308382859
      10.69395284
     -5.835757983
     0.8912638821
      121.8099466
      39.32234985
      36.64341239
     -16.00197115
      2.062911039
     -64.09506648
      152.5455381
      97.00740384
     -36.04660434
      4.131169258
      22.79289054
      179.3974470
      189.2616187
     -67.61349690
      7.311904611
     -4.511503801
     -129.0338792
      194.9869200
     -106.6758713
      11.62618786
     0.3155330218
      5.711656664
     -4.912511663
     -143.7433135
      16.81305470
    0.09901364466
      39.03433624
     -117.8977345
     -140.1798626
      22.96324105
   -0.04020871148
     -29.08712185
      20.99737520
     -30.25691148
      33.29022303
   0.007906880303
      11.55264399
      2.420981206
      109.0302291
      51.34415878
  -0.001011855579
     -2.807083214
      32.35905377
      60.79670317
      65.11273300
  8.126110625E-05
     0.3258673565
     -42.43891308
     -83.57675734
      51.40111502
 -1.675942694E-06
    0.05124593701
      27.58656886
     -64.48118789
      18.11324877
    0.05000000000
     0.1000000000
     0.1500000000
     0.2000000000
     0.2500000000
   Q=    0.0000
