      6.488365765
     -9.062179816
      4.805656106
     -1.170743720
     0.1061580880
      87.08170473
     -39.07003751
      10.37220270
     -1.322731201
    0.04388045954
      297.2730749
     -73.11443509
      13.36842378
     -1.369885617
    0.05772977308
      1007.377547
     -99.60627705
      7.428375568
     0.1406461493
   -0.05539450246
     -433.0437357
      116.1743499
     -23.42577449
      2.667077057
    -0.1114989971
      78.42957993
      193.2171187
     -22.16936874
     0.8393562563
    0.04749064120
      1.190033394
      314.7641858
     -8.096309303
     -1.168812774
    0.05456307195
     -1.854112979
     -217.9418388
      94.43739954
     -4.774009913
    -0.1221978035
    -0.2265983595
     -13.05546627
      147.8950330
      11.34925802
     -1.098429785
     0.2400857138
      81.57617765
      148.5345894
      52.61427943
     -1.418949563
   -0.06273646614
     -45.34430237
     -154.2883881
      113.8180874
      1.375411930
   0.008649644781
      10.80799942
     -129.1922383
      101.5774947
      10.13557219
 -0.0004240508512
     0.7100671157
      299.6219397
     -1.989227853
      19.40701961
 -9.674763409E-05
     -1.613997946
     -255.4387091
     -122.7828656
      20.55668132
  2.907759600E-05
     0.7103003114
      135.6263462
     -135.2834337
      9.997425818
    0.05000000000
     0.1000000000
     0.1500000000
     0.2000000000
     0.2500000000
   Q=    0.0000
