      0.000000000
      0.000000000
      0.000000000
      0.000000000
      0.000000000
      39.58349768
     -14.63548603
      1.037305378
     0.9528941108
    -0.2173744424
     -47.01950670
      48.51181046
     -24.66904483
      6.333327930
    -0.6495654357
     -395.2659231
      170.9778218
     -54.25580393
      9.850054500
    -0.7384427414
      22.01925811
      300.1170280
     -79.64332206
      10.80687045
    -0.4511386355
      63.75759846
      326.6192628
     -51.41115973
     -2.254600883
      1.477915036
     -18.44119200
     -439.7395108
      84.64122240
     -42.84960145
      6.480090975
     -2.734509790
     -184.3528721
      123.8623317
     -126.4990681
      16.36349637
      2.913870432
      446.3589156
      49.38531931
     -283.0005022
      30.41565847
    -0.9058456241
     -303.4125019
     -352.2615578
     -443.9998303
      39.40950800
     0.1657758718
      111.0802724
     -153.8588530
     -440.9648220
      31.47666229
   -0.01838742509
     -19.54888015
      672.7623752
     -37.63925425
      6.113522144
  0.0005804808311
     -3.046284607
     -768.9794930
      381.8993654
     -8.053837296
  0.0002406455297
      3.601979777
      553.0183019
      47.52096361
     0.6853608263
 -6.288875630E-05
     -1.485470818
     -286.2649922
     -224.1747958
      3.510111728
    0.05000000000
     0.1000000000
     0.1500000000
     0.2000000000
     0.2500000000
   Q=    0.0000
