     -7.226851971
      6.644548087
     -3.194623117
     0.8188622897
   -0.08788626982
     -25.40909384
      15.34204448
     -5.414682723
      1.072483966
   -0.09359171829
     -132.5518239
      41.22949390
     -12.20535519
      2.477537771
    -0.2399209227
     -11.16130793
      39.41393295
     -15.78006335
      3.372537908
    -0.3137024374
      75.47046873
      84.41594428
     -27.01857666
      5.087419935
    -0.4603712619
     -33.87343979
      73.78425723
     -23.60436351
      5.455780351
    -0.6194273623
      9.446594021
     -33.23787999
     -10.11477017
      6.488329656
     -1.039883481
     -1.438373510
      26.09553068
      19.59551078
      7.407945459
     -1.908600447
   -0.03866471370
     -41.23464573
      64.13042480
      10.57099757
     -3.773747097
    0.08561640662
      37.42022514
      5.311852395
      14.45503521
     -6.900560316
   -0.02526891515
     -20.17789671
     -65.65665663
      5.235493537
     -11.27156053
   0.004527499909
      7.124906271
      41.64783931
     -5.089915027
     -15.90717318
 -0.0005529670533
     -1.636255706
      2.260852236
      4.976017481
     -16.81883312
  4.227538157E-05
     0.1772146499
     -19.78555825
     -4.436025865
     -10.79676757
 -4.821198882E-07
    0.03539281224
      15.99657978
     -22.11445077
     -2.988196167
    0.05000000000
     0.1000000000
     0.1500000000
     0.2000000000
     0.2500000000
   Q=    0.0000
