 -4.040457550E-10
  4.976416585E-10
 -2.599961673E-10
  6.658029221E-11
 -6.982531118E-12
 -2.684256673E-09
  1.305699558E-09
 -4.257788881E-10
  8.593509670E-11
 -8.368558953E-12
 -1.511971790E-09
  2.004342739E-09
 -1.034870499E-09
  2.643037357E-10
 -2.632016257E-11
  2.002382407E-08
  6.691716058E-09
 -2.999980138E-09
  5.272377515E-10
 -3.121318348E-11
  1.548597319E-07
  2.800472863E-08
 -6.608007803E-09
  5.519821669E-10
 -6.305790149E-14
 -9.297657637E-08
  1.030162482E-07
 -6.467170610E-09
 -6.640201224E-10
  7.974114163E-11
  2.930785740E-08
  1.351330298E-07
  2.121474987E-08
 -3.722054625E-09
  5.487565329E-11
 -3.837126159E-09
  3.317127533E-08
  8.389643503E-08
 -3.617064928E-09
 -5.252367378E-10
 -5.247481840E-10
 -1.703590039E-07
  1.378273218E-07
  1.052958153E-08
 -1.993821878E-09
  3.738926359E-10
  1.491196459E-07
  5.791631826E-08
  4.580817054E-08
 -3.757868809E-09
 -9.361871563E-11
 -7.122560604E-08
 -1.099850852E-07
  7.659384940E-08
 -3.756416229E-09
  1.450056945E-11
  2.078277395E-08
 -6.693202841E-08
  5.588036536E-08
 -5.718164337E-10
 -1.391056923E-12
 -2.930458372E-09
  1.988058975E-07
 -1.728484462E-08
  3.986554377E-09
  3.905688810E-14
 -4.872421404E-10
 -1.840863658E-07
 -6.826513869E-08
  5.789404845E-09
  1.358267831E-14
  4.368400466E-10
  1.054250802E-07
 -6.559203352E-08
  3.484934123E-09
    0.05000000000
     0.1000000000
     0.1500000000
     0.2000000000
     0.2500000000
   Q=    0.0000
