  2.138051851E-05
 -2.300015944E-05
  1.211780549E-05
 -3.337540404E-06
  3.860617022E-07
  0.0001109917625
 -6.503922409E-05
  2.483192296E-05
 -5.530466438E-06
  5.300942021E-07
  0.0003861113786
 -0.0001764956172
  6.578260979E-05
 -1.402486265E-05
  1.193827397E-06
  6.702390191E-05
 -0.0003999201631
  0.0001351450790
 -2.009527204E-05
  8.239723966E-07
  -0.003437305261
  -0.001145642876
  0.0002239163329
 -1.008453173E-05
 -1.412241444E-06
   0.001946740099
  -0.002979902566
  7.991579931E-05
  5.289854542E-05
 -6.125162350E-06
 -0.0006245158128
  -0.002719060004
 -0.0008645130811
  0.0001701866193
 -8.852915572E-06
  9.340446405E-05
  0.0001667572270
  -0.002327273049
  0.0002075829959
  1.353245487E-07
  5.687759290E-06
   0.002675396839
  -0.002933491161
 -3.264317030E-05
  2.720605594E-05
 -6.589286027E-06
  -0.002663731755
 -0.0004552460544
 -0.0006260147037
  6.547423548E-05
  1.783923677E-06
   0.001366492254
   0.002596518831
  -0.001104692386
  8.697833811E-05
 -2.930118796E-07
 -0.0004319339077
  6.226381001E-05
 -0.0008963088141
  6.808296599E-05
  3.089716609E-08
  7.539125977E-05
  -0.002720479032
 -2.505933660E-06
  5.550033459E-06
 -1.467288622E-09
  2.531714715E-06
   0.002898225179
   0.001187157131
 -6.060761200E-05
 -1.707386536E-10
 -6.608958558E-06
  -0.001757335508
   0.001490652688
 -5.595849485E-05
    0.05000000000
     0.1000000000
     0.1500000000
     0.2000000000
     0.2500000000
   Q=    0.0000
