    -0.2753637069
     0.3078601802
    -0.1587195628
    0.03927738165
  -0.003500979110
     -1.275347808
     0.7608587568
    -0.2660563325
    0.04009480166
 -0.0003238081756
     -2.964968461
      1.910812946
    -0.6120191096
    0.06180164215
   0.004741752498
      1.057812429
      4.637808337
    -0.8277558223
    -0.1060274002
    0.03684104523
      15.14709735
      12.55413148
   -0.05302653017
    -0.6886738742
     0.1064371198
     -8.441576410
      22.69275080
      4.464042789
     -2.048863222
     0.2329952444
      2.975473058
      14.95347109
      13.23804147
     -4.245422691
     0.4256347518
    -0.5625427661
     -11.02316664
      18.20143622
     -7.149717675
     0.6941288566
    0.02315506350
     -3.520910300
      8.447559610
     -10.25266334
      1.012899429
    0.01923209435
      7.867507572
     -7.333032734
     -10.87072174
      1.359436593
  -0.006610771664
     -4.993761732
     -7.839170532
     -3.737383571
      1.927362725
   0.001226709314
      1.836823318
      4.340491089
      8.705131637
      3.097746784
 -0.0001489480281
    -0.4108999504
      5.067960995
      8.829370054
      4.411706485
  1.076398977E-05
    0.03531579189
     -7.503761840
     -8.206139244
      4.103013592
  1.201133419E-08
    0.01304260459
      4.918643308
     -13.23337400
      1.762091740
    0.05000000000
     0.1000000000
     0.1500000000
     0.2000000000
     0.2500000000
   Q=    0.0000
