      0.000000000
      0.000000000
      0.000000000
      0.000000000
      0.000000000
     -12.17391401
      8.073578241
     -3.629710128
     0.9698917816
    -0.1149640074
     -1.979663097
      9.352887797
     -5.801627193
      1.700184083
    -0.2029359925
      127.3081870
      24.14172090
     -16.56025531
      4.441807057
    -0.4911663385
     -78.62645704
      79.94143875
     -37.87888915
      9.608609623
     -1.020276908
      26.53001861
      25.29484440
     -71.65508618
      20.33103246
     -2.071109006
     -5.453574169
     -126.4926131
     -143.9730714
      40.10872637
     -3.766414617
    -0.3629298061
     -20.25272382
     -204.7595748
      65.98520984
     -6.046641411
     0.5181111002
      68.99117807
     -88.29547676
      93.38817610
     -8.742376000
    -0.1732299486
     -54.70117319
      117.2467754
      110.3444762
     -11.19275181
    0.03690338225
      27.21124269
      62.44297664
      67.40715429
     -13.46507481
  -0.005422290663
     -8.813904118
     -81.93578943
     -48.09851605
     -18.56955767
  0.0005141811456
      1.686583977
      17.68410642
     -83.85855286
     -26.32681857
 -1.659862278E-05
   -0.04645038929
      16.09114822
      43.00726848
     -25.60382893
 -4.219633040E-06
   -0.09282954861
     -15.67913635
      91.55516439
     -11.28557886
    0.05000000000
     0.1000000000
     0.1500000000
     0.2000000000
     0.2500000000
   Q=    0.0000
