     -12.35625155
      10.79220628
     -4.204583170
     0.7669991402
   -0.05345124691
     -45.61431171
      18.16383512
     -3.251050191
     0.1933967771
   -0.01268281696
     -187.9727701
      34.07374077
     -5.482907142
      1.251070742
    -0.2069131767
     -239.1476093
     -15.95031624
      1.009217533
      2.589737065
    -0.5095339792
     -133.9422025
     -131.2833950
     -11.95055632
      10.51465656
     -1.368759093
      120.0691077
     -321.3789119
     -71.32107191
      26.34181389
     -2.557035605
     -47.92572118
     -354.0234722
     -204.6074547
      48.29075456
     -3.823568007
      8.400220688
      156.3675551
     -317.5046711
      61.79169690
     -4.506247802
     0.1517238748
      139.0288083
     -200.7513314
      49.20382205
     -4.581290168
    -0.4805656722
     -188.6651978
      36.88532993
     -1.927948717
     -5.579118949
     0.1388458576
      104.3765025
      155.4524610
     -92.17948194
     -11.80942604
   -0.02329854365
     -33.81261566
      32.87713685
     -130.9605683
     -26.88567711
   0.002452114685
      5.782490816
     -242.0526296
     -9.966079069
     -41.42652940
 -0.0001076532493
     0.3393958275
      250.5036925
      141.7702603
     -36.83524640
 -1.593685041E-05
    -0.5815885555
     -149.8780346
      125.0608648
     -14.89098456
    0.05000000000
     0.1000000000
     0.1500000000
     0.2000000000
     0.2500000000
   Q=    0.0000
