      0.000000000
      0.000000000
      0.000000000
      0.000000000
      0.000000000
      95.63903043
     -52.65140213
      18.60530230
     -3.818184557
     0.3444598297
      181.2844992
     -59.81953715
      17.37790389
     -3.160699655
     0.2453334687
     -23.09083718
     -85.18028427
      33.19319958
     -6.168300647
     0.4249668184
      15.37272594
     -168.9283348
      48.58091694
     -6.333880605
    0.09755828850
     -19.74351808
     -64.17687010
      50.87892373
     -3.676804353
    -0.9522254737
      7.276104564
      221.4804525
      79.98487766
      7.088207247
     -4.410141211
    -0.3284027762
     -41.77398764
      125.1883117
      39.81529089
     -13.01903934
    -0.4610061415
     -59.56285145
      47.20130401
      91.23750733
     -30.31204090
     0.1840589337
      58.63894823
     -21.68803796
      113.3054759
     -59.70086236
   -0.03953326420
     -27.52224462
     -6.707920617
      68.19626783
     -99.59308864
   0.005447780848
      7.517377984
     -39.18237224
     -25.36142387
     -133.4823577
 -0.0004138623002
    -0.7297619182
      83.90167025
     -72.24992056
     -133.3463893
 -1.367798174E-05
    -0.3902520351
     -80.61436241
     -3.164787593
     -87.69850179
  9.963033978E-06
     0.2444500920
      49.30296514
      37.20193410
     -28.12378505
    0.05000000000
     0.1000000000
     0.1500000000
     0.2000000000
     0.2500000000
   Q=    0.0000
