      0.000000000
      0.000000000
      0.000000000
      0.000000000
      0.000000000
     -123.4981753
      71.65563749
     -27.54316910
      6.313697200
    -0.6536386416
     -226.0371612
      78.03768187
     -25.00670269
      5.461444802
    -0.5748444353
     -157.4322884
      93.53592355
     -40.69949849
      10.73642124
     -1.274990039
      25.99298627
      44.16340700
     -46.50772998
      16.54172880
     -2.260060593
      19.77837030
     -167.7562758
     -59.64397134
      33.15325197
     -4.983158058
     -13.51416622
     -261.1816598
     -93.89704834
      67.08752468
     -10.72754554
      2.091286293
      130.5675491
     -100.2640036
      124.1303232
     -22.31305242
     0.4154128127
      56.02924819
     -59.26409376
      186.8508493
     -43.09786558
    -0.2707170074
     -88.77706749
     -47.41290599
      177.4806519
     -76.64319336
    0.06552857284
      46.24243565
      94.10769426
      22.90577457
     -123.6234749
  -0.009196069087
     -12.22221470
      83.09842119
     -155.5266420
     -169.9959541
  0.0006141400950
     0.5228332900
     -207.6113464
     -120.5933858
     -179.8500112
  4.931602723E-05
     0.9979941028
      178.5681847
      121.9389421
     -127.6659519
 -2.083462277E-05
    -0.4995611078
     -94.21561355
      205.6627764
     -45.53831803
    0.05000000000
     0.1000000000
     0.1500000000
     0.2000000000
     0.2500000000
   Q=    0.0000
