 -2.235765273E-06
  2.329555291E-06
 -1.242337288E-06
  3.547135739E-07
 -4.300405419E-08
 -9.915327372E-06
  6.414831179E-06
 -2.682260200E-06
  6.456209852E-07
 -6.553758623E-08
 -3.884197233E-05
  1.955076608E-05
 -7.681934280E-06
  1.676098296E-06
 -1.437402954E-07
  1.319352494E-05
  4.625758848E-05
 -1.617493126E-05
  2.430936678E-06
 -1.006658505E-07
  0.0003607851138
  0.0001401158587
 -2.710047052E-05
  1.218697427E-06
  1.733026378E-07
 -0.0002070049547
  0.0003441252103
 -8.387752459E-06
 -6.463107668E-06
  7.583270864E-07
  6.739290322E-05
  0.0002972482821
  0.0001017763199
 -2.041797816E-05
  1.139127153E-06
 -1.035222564E-05
 -4.007193476E-05
  0.0002657889877
 -2.557724441E-05
  2.490204685E-07
 -5.151293186E-07
 -0.0002709615835
  0.0003219073715
 -2.019357387E-07
 -2.641959861E-06
  6.917096960E-07
  0.0002800168942
  3.672930193E-05
  6.305030768E-05
 -6.883422276E-06
 -1.903527907E-07
 -0.0001459382155
 -0.0002892334049
  0.0001142331684
 -9.657553877E-06
  3.158527703E-08
  4.675574900E-05
  1.646162466E-05
  9.504972760E-05
 -8.405679100E-06
 -3.374357689E-09
 -8.378686176E-06
  0.0002725633928
  4.880131033E-06
 -2.176052770E-06
  1.681461805E-10
 -1.661119503E-07
 -0.0003003662436
 -0.0001274985035
  5.343033456E-06
  1.696666363E-11
  6.818254427E-07
  0.0001842783959
 -0.0001622043015
  5.542958427E-06
    0.05000000000
     0.1000000000
     0.1500000000
     0.2000000000
     0.2500000000
   Q=    0.0000
