      0.000000000
      0.000000000
      0.000000000
      0.000000000
      0.000000000
     -262.5385445
      143.3982648
     -49.95404898
      10.06238867
    -0.8930971144
     -793.3858374
      223.1088663
     -54.37767305
      8.737506586
    -0.6691759169
     -608.3514405
      218.4896035
     -70.61552462
      14.32150416
     -1.300512811
      50.62659423
      227.7485571
     -101.2324523
      21.56370283
     -1.808157142
      100.5200338
     -291.0986417
     -123.8987486
      32.75846576
     -2.417080727
     -51.42858770
     -1042.511810
     -295.6802283
      50.67327072
     -2.117164289
      5.099479188
      311.2239356
     -559.4290786
      32.95965743
      1.348892822
      2.677992312
      373.0435203
     -423.6066195
     -58.40661266
      6.921085880
     -1.286728349
     -421.3943010
     -104.2722476
     -204.2776162
      9.517817053
     0.2929542001
      206.7700722
      313.9826962
     -326.1812973
    -0.5867149760
   -0.04080044459
     -55.52238441
      293.5717550
     -206.8552829
     -27.88639397
   0.002910977271
      3.889098446
     -766.9006042
      139.6002934
     -51.27423369
  0.0001644824269
      3.735866351
      705.8092963
      249.1132964
     -43.70083496
 -8.497087533E-05
     -2.066262323
     -404.9448673
      117.3740061
     -16.39545671
    0.05000000000
     0.1000000000
     0.1500000000
     0.2000000000
     0.2500000000
   Q=    0.0000
