      4.616118635
     -4.799472474
      2.442354853
    -0.6468334561
    0.07182092509
      20.96135050
     -12.06182498
      4.448106987
    -0.9591819464
    0.09039887551
      67.63777534
     -31.39320164
      11.88367251
     -2.567974947
     0.2215550359
     -41.31443222
     -69.77956410
      25.01261181
     -3.796717035
     0.1608891702
     -740.9014752
     -224.4375989
      44.90246661
     -2.301577390
    -0.2291181065
      430.3746936
     -622.3071555
      21.14818344
      9.388710954
     -1.061586186
     -138.1832429
     -619.1816750
     -167.8867971
      31.68047508
     -1.369235508
      20.08499449
     -3.742576698
     -485.0225786
      36.41327071
     0.9392585221
      1.560411531
      643.5141190
     -650.6623729
     -20.81572861
      7.124124786
     -1.538048327
     -618.9952862
     -149.6262939
     -158.3973458
      15.08178219
     0.4075093117
      311.4782704
      563.8273363
     -269.6132103
      17.70412319
   -0.06586180210
     -96.31696661
      94.08878395
     -212.1102758
      9.679103849
   0.006769685920
      15.91932245
     -693.8343230
      11.38735316
     -7.136399514
 -0.0002867355467
      1.035493274
      703.7613157
      275.4533982
     -20.79112971
 -4.500608233E-05
     -1.627074237
     -418.5130978
      344.5673623
     -15.85468292
    0.05000000000
     0.1000000000
     0.1500000000
     0.2000000000
     0.2500000000
   Q=    0.0000
