     -3.131306843
      3.080292700
     -1.464076779
     0.3507938885
   -0.03338539144
     -12.94343954
      6.961662576
     -2.200985421
     0.3656304057
   -0.02285923653
     -55.90708707
      17.71817873
     -4.930927279
     0.8557469590
   -0.06130639948
     -83.60420256
      21.98677595
     -5.871311357
     0.8387946139
   -0.01841440686
     -7.042193720
      18.38027869
     -8.377001045
     0.8088210333
     0.1027346038
      21.16072842
     -11.89919527
     -14.96029275
    -0.9077033580
     0.5514062928
     -8.448932792
     -86.93695090
     -34.70220566
     -8.691774717
      1.479179026
     0.9207857676
     -11.91835955
     -68.08189151
     -31.44786012
      2.267576583
     0.2980254464
      70.77952583
     -62.14799472
     -73.31532433
    0.07878839758
    -0.1558124471
     -59.87502985
     -17.88976434
     -110.6445085
     -10.13513443
    0.03624250497
      27.27863195
      26.35576058
     -95.70120243
     -30.76357261
  -0.005240500003
     -7.317784046
      47.11967342
     -4.066500869
     -53.35465931
  0.0004285824546
     0.6771446861
     -98.13429983
      77.96998558
     -58.34069714
  6.151574056E-06
     0.3843877527
      88.51659035
      13.03731028
     -36.84469041
 -8.441953017E-06
    -0.2337818102
     -51.64898897
     -60.64650114
     -10.07574316
    0.05000000000
     0.1000000000
     0.1500000000
     0.2000000000
     0.2500000000
   Q=    0.0000
