      0.000000000
      0.000000000
      0.000000000
      0.000000000
      0.000000000
      67.50052634
     -20.69037087
    -0.1998348491
      1.522695791
    -0.2335829365
      213.5935745
      1.696754220
     -15.81508338
      3.758114648
    -0.2183300768
      407.2150340
      100.3550923
     -33.50988634
      2.642365922
     0.2174679893
      74.52013937
      319.7387859
     -28.86990129
     -6.714319330
      1.387440442
     -86.12392034
      501.5190648
      65.39286493
     -32.93009881
      3.740847425
      35.36666957
      423.8910683
      294.6386127
     -77.99474060
      7.290129747
     -2.502187162
     -56.27788042
      565.1854152
     -129.3883792
      11.79094877
     -2.309282085
     -336.1541966
      525.0997475
     -152.5408707
      16.97271298
      1.040984393
      343.9572927
     -47.14597673
     -102.9546963
      23.83826501
    -0.2392096284
     -173.6329093
     -469.7998824
      39.64116190
      35.67469532
    0.03443172994
      50.27922861
      74.29913784
      193.0667878
      55.04205124
  -0.002736916597
     -5.716206810
      393.4956116
      128.1111474
      73.21979110
 -6.281091065E-05
     -2.113499012
     -446.3680240
     -218.4324895
      67.10860134
  5.861003081E-05
      1.411829646
      271.0486974
     -334.3725752
      30.22297478
    0.05000000000
     0.1000000000
     0.1500000000
     0.2000000000
     0.2500000000
   Q=    0.0000
