     -11.68757300
      9.732225197
     -3.423748498
     0.4941727003
   -0.01555380395
     -46.56690948
      17.06597017
     -2.178061788
    -0.2040613778
    0.04551859279
     -189.1727648
      30.84835709
     -2.276558314
   -0.03295930547
   -0.01839824167
     -217.7846971
     -12.94268186
      6.764241090
    -0.2995505875
    -0.1147589779
     -16.92451670
     -79.18906158
      4.010025725
      3.046128665
    -0.5380065654
      49.41195413
     -157.7385507
     -17.60431640
      9.905020728
     -1.129831922
     -22.74198653
     -190.9676658
     -77.04470780
      20.21871505
     -1.698323835
      3.885929087
      69.30326686
     -152.2355495
      23.43265882
     -1.392278980
     0.2302896031
      92.29343601
     -131.9700115
      2.843835910
     0.4222607097
    -0.2892456629
     -112.1550215
     -14.97099393
     -44.57647820
      3.333932751
    0.07880443943
      59.30440392
      102.4505870
     -89.88431010
      5.347338522
   -0.01267050456
     -18.17288947
      38.59540472
     -66.35084522
      4.297747614
   0.001234333037
      2.622823214
     -167.3567018
      28.66459676
      1.529757419
 -3.260998892E-05
     0.4539692798
      164.5030776
      77.61351223
  -0.004919544328
 -1.291163938E-05
    -0.4060341456
     -96.36035185
      46.97277163
    -0.2709840632
    0.05000000000
     0.1000000000
     0.1500000000
     0.2000000000
     0.2500000000
   Q=    0.0000
