      3.801786042
     -3.272282860
      1.213564972
    -0.1890042307
   0.007233267093
      15.31620368
     -5.893680053
     0.8221368081
    0.06559207408
   -0.01761173327
      65.79512247
     -10.78699066
     0.7477759548
    0.03687886914
   0.001213382994
      87.25406532
      6.303039051
     -2.943087091
     0.2047116575
    0.01733094345
      31.96407689
      41.04131771
     -2.184498953
    -0.9383917243
     0.1053241844
     -33.99049728
      88.93387261
      10.15377170
     -3.203642802
     0.1049390547
      13.82299030
      100.3327424
      45.04731010
     -5.483289216
    -0.2367182806
     -2.340060641
     -36.41878964
      87.13620956
     -3.059685732
     -1.421559893
   -0.09841265307
     -50.28040520
      73.28910166
      8.017908878
     -3.861127250
     0.1561477486
      61.30393756
      1.242948745
      23.85543504
     -7.476677398
   -0.04349241141
     -32.85814944
     -56.67778165
      35.67324971
     -10.93213039
   0.007144168895
      10.36530574
     -11.76189330
      28.03228132
     -11.33850167
 -0.0007291175740
     -1.668625338
      80.26678528
     -5.909756314
     -7.222468123
  2.736630961E-05
    -0.1593292603
     -82.12363496
     -37.67337786
     -1.709371890
  5.786141293E-06
     0.1969719357
      48.97312702
     -34.49710345
     0.6008206755
    0.05000000000
     0.1000000000
     0.1500000000
     0.2000000000
     0.2500000000
   Q=    0.0000
