      32.66547768
     -32.10212121
      15.74099065
     -4.010053249
     0.4199644637
      141.1624044
     -80.45680787
      27.85426007
     -5.379648480
     0.4413782401
      623.2522705
     -208.1592419
      62.87628356
     -12.29353505
      1.090263793
      629.3487042
     -262.3038556
      85.60312311
     -16.19947051
      1.251645559
     -151.1707746
     -312.1647535
      126.2135855
     -22.76545773
      1.370169857
     -55.76183177
     0.1423137031
      157.2750962
     -23.26750549
     0.1406286304
      36.07719802
      714.3622386
      235.6027546
     -5.939305857
     -3.868629389
     -4.480002457
     -129.3608748
      322.5659328
      65.05921010
     -12.15944195
     -1.359321036
     -277.1737658
      155.7186975
      202.6894682
     -22.26956946
     0.7270454972
      267.7312755
      136.5600760
      341.0395656
     -26.63544847
    -0.1660277722
     -120.9403394
     -28.09281009
      372.1073121
     -14.89985427
    0.02266166579
      29.22669352
     -411.3127181
      115.4811395
      14.97180191
  -0.001496660234
    -0.5403842209
      632.4090717
     -252.9026843
      37.39476233
 -0.0001217786009
     -2.754462828
     -512.6303909
     -148.0501267
      28.49485650
  5.179509023E-05
      1.342326002
      277.6317871
      70.01358530
      8.448261614
    0.05000000000
     0.1000000000
     0.1500000000
     0.2000000000
     0.2500000000
   Q=    0.0000
