      3.761569666
     -3.653309077
      1.985967783
    -0.6078632780
    0.08068038989
      8.259486703
     -8.139640771
      4.460460807
     -1.297512383
     0.1509886587
      30.96811862
     -31.70939634
      15.73253730
     -3.804278813
     0.3478246883
     -230.8493937
     -92.61981977
      38.51847431
     -6.277337271
     0.3077221032
     -922.1896281
     -361.6901268
      73.62493393
     -4.489263167
    -0.2892898289
      564.1352459
     -911.6560151
      35.16710885
      13.67750364
     -1.698475002
     -186.4059137
     -873.6819076
     -237.6995414
      48.61750462
     -2.648730540
      27.75556421
      55.41492199
     -692.1423640
      63.13576712
    -0.3895195553
      1.988186620
      843.6335679
     -907.5445658
     -7.844192444
      7.115973208
     -2.079924255
     -835.3167620
     -195.6836618
     -195.9187733
      17.33559765
     0.5555341587
      424.3034112
      788.9792893
     -366.0481780
      20.78987467
   -0.09005279469
     -131.6667798
      115.6449755
     -311.2998786
      9.478625142
   0.009255129482
      21.72281138
     -950.6462496
      2.220555446
     -14.05225391
 -0.0003876418563
      1.473319376
      968.8875376
      398.0314248
     -31.73186343
 -6.271575620E-05
     -2.250927658
     -576.3173389
      487.8981651
     -22.53179246
    0.05000000000
     0.1000000000
     0.1500000000
     0.2000000000
     0.2500000000
   Q=    0.0000
