      20.13479291
     -17.14968981
      7.853810740
     -1.954457045
     0.2065411960
      11.82684430
     -13.28653416
      5.558201777
     -1.190967825
     0.1039837636
      26.85286564
     -26.64530522
      14.52858653
     -3.653445611
     0.3344436173
     -1152.137466
      46.33740108
      10.23271857
     -1.432534258
    -0.1354094430
      70.16765135
     -240.7307450
      24.32786631
      4.771445424
     -1.032043659
      143.2874799
     -390.5226896
     -71.53011968
      27.50666017
     -2.523314096
     -70.69286015
     -651.0865735
     -253.5407301
      45.81815907
     -2.243338948
      10.78778186
      109.9936260
     -512.8111090
      19.61561348
      2.433262257
      1.455743480
      418.9756281
     -434.6487252
     -128.1950707
      13.08749159
     -1.110787776
     -428.1257881
     -136.3974939
     -369.2456922
      23.47547737
     0.2820818613
      211.5230657
      293.8742405
     -509.8427054
      24.09083238
   -0.04312964091
     -60.44491544
      291.1425263
     -205.0308651
      14.02877758
   0.003834304423
      6.827203265
     -733.8549054
      312.9833433
      14.13328242
 -1.751233206E-05
      2.560236378
      674.6203136
      245.8927694
      24.89447991
 -5.923521544E-05
     -1.718164386
     -388.2285526
     -53.29259116
      16.41359301
    0.05000000000
     0.1000000000
     0.1500000000
     0.2000000000
     0.2500000000
   Q=    0.0000
