      0.000000000
      0.000000000
      0.000000000
      0.000000000
      0.000000000
     -139.6482757
      67.71054673
     -18.59576249
      2.328112498
   -0.04906445038
     -502.6533258
      83.30390197
     0.1252757991
     -3.544385967
     0.4826566506
     -927.1545577
     -53.10977766
      44.16190725
     -8.046038772
     0.4024371993
     -72.50109766
     -479.8321320
      92.12099232
     -5.154901487
    -0.5551804030
      160.5667913
     -983.3334462
      32.88607804
      22.63525217
     -3.479777147
     -71.71648952
     -915.4291848
     -305.0987421
      88.87805949
     -8.506349217
      6.146856765
      215.1965401
     -874.0325940
      172.2300373
     -13.91911818
      4.325011050
      627.1498929
     -1062.375212
      206.2097250
     -16.61485842
     -2.029157463
     -674.2281668
     -121.0263074
      110.9278831
     -13.77637781
     0.4688231021
      340.8938929
      1017.414946
     -114.2559910
     -8.140497280
   -0.06713817490
     -97.32018785
     -99.21292216
     -331.6074158
     -10.74062166
   0.005209884529
      10.19500695
     -851.3496794
     -237.1264622
     -31.79697203
  0.0001576184571
      4.575155182
      929.6220190
      414.5340118
     -53.18921032
 -0.0001201528298
     -2.896166410
     -555.9387222
      698.4265230
     -34.41348110
    0.05000000000
     0.1000000000
     0.1500000000
     0.2000000000
     0.2500000000
   Q=    0.0000
