      0.000000000
      0.000000000
      0.000000000
      0.000000000
      0.000000000
     -166.8465672
      92.58402997
     -32.86164070
      6.745415086
    -0.6067639530
     -528.8544602
      151.9009913
     -37.90903977
      6.052084798
    -0.4254248582
      15.82671614
      121.6287269
     -45.76258220
      8.337174030
    -0.5844833954
      193.8578080
      277.9587840
     -70.91339455
      8.222824473
    -0.2011735901
     -69.83864875
      95.79875932
     -14.46904067
     -3.847432327
     0.9631057198
      10.00043985
     -76.60141812
      49.04239640
     -22.30680982
      2.852260174
      3.376181766
      314.4372567
      213.9751879
     -65.13782310
      6.181687687
     -2.281478236
     -350.5356060
      341.6799574
     -105.8376015
      8.609751065
     0.6910165740
      233.2281847
     -7.167535841
     -123.3511041
      8.586800833
    -0.1364913365
     -101.2749295
     -330.9760661
     -85.37934359
      2.850817781
    0.01815402319
      27.74963703
      134.8281762
      49.33452974
     -4.832611417
  -0.001376415143
     -3.405125449
      121.6255407
      159.6911668
     -2.546254725
 -2.983940136E-05
    -0.8499227767
     -174.0623066
     -67.34076083
      11.59049773
  2.766160681E-05
     0.6228386690
      109.9367832
     -274.6813079
      12.63310241
    0.05000000000
     0.1000000000
     0.1500000000
     0.2000000000
     0.2500000000
   Q=    0.0000
