      0.000000000
      0.000000000
      0.000000000
      0.000000000
      0.000000000
     -33.18019473
      18.89863410
     -7.067720752
      1.569077124
    -0.1570099904
     -49.23060830
      17.39321729
     -5.643868453
      1.219238972
    -0.1240869183
      1.912566944
      22.85728193
     -10.55172417
      2.592555874
    -0.2815516106
      3.580268376
      25.97054892
     -13.10836957
      3.614869286
    -0.4360444024
      1.139006950
     -15.60098823
     -16.10188617
      6.656871301
    -0.9200132281
     -1.528496127
     -45.26290441
     -23.91859635
      12.56478896
     -1.939690703
     0.4179843524
      32.13157302
     -22.08488420
      22.47374867
     -4.200381865
   -0.04273719638
     -8.595558360
      1.547359320
      35.37626581
     -8.733427071
  -0.005901523380
     -1.376277527
      7.718571790
      39.84268142
     -16.69917407
   0.002997933132
      2.087515115
      5.329622955
      16.63831928
     -28.31326215
 -0.0005375942368
    -0.7566764441
     0.1763477331
     -23.09993825
     -40.17429986
  4.805151364E-05
    0.08952761672
     -8.609201777
     -28.92611336
     -43.52593933
  4.058461310E-07
    0.03378476750
      7.947123999
      15.70332106
     -31.38486888
 -8.402316780E-07
   -0.02066109753
     -3.705992948
      33.69250723
     -11.13398449
    0.05000000000
     0.1000000000
     0.1500000000
     0.2000000000
     0.2500000000
   Q=    0.0000
