      0.000000000
      0.000000000
      0.000000000
      0.000000000
      0.000000000
     -20.39102068
      7.031445234
    -0.3568552752
    -0.4278084495
    0.08399820413
     -30.46597586
     -3.071741676
      4.513712367
     -1.301736542
     0.1234733326
      32.82238382
     -18.78375280
      8.086267234
     -1.622467557
    0.08407185074
      16.84031342
     -17.95398356
      13.52759219
     -1.375905965
    -0.2006619928
     -12.49315165
     -11.95102567
      24.85524653
      4.062204969
     -1.318401132
      2.259521970
      22.60093754
      38.12494005
      25.28080189
     -3.763073234
     0.8336038564
      67.16875486
      50.79854836
      75.80490020
     -6.953678610
    -0.5601163891
     -85.42495722
      53.59892982
      152.8456904
     -7.694259388
     0.1663275676
      55.71556890
      13.13458649
      201.2461292
     -1.161312935
   -0.03196042676
     -22.84377093
     -22.37432096
      125.2350610
      12.39217611
   0.004191109096
      6.004997253
     -12.70242542
     -63.30397658
      21.50576918
 -0.0003172544720
    -0.6659704303
      47.04768488
     -137.3390166
      13.94198954
 -8.585013427E-06
    -0.2524278988
     -52.98054739
      41.42345117
     -1.982873225
  7.299474973E-06
     0.1781576486
      36.93403604
      138.8081058
     -5.518394392
    0.05000000000
     0.1000000000
     0.1500000000
     0.2000000000
     0.2500000000
   Q=    0.0000
