      0.000000000
      0.000000000
      0.000000000
      0.000000000
      0.000000000
     -69.17918549
      33.75534392
     -9.385026692
      1.209516715
   -0.03040763378
     -206.0088936
      31.86136636
      1.544089141
     -1.920057287
     0.2590945519
     -205.0978613
     -42.46670407
      22.05154358
     -4.260688542
     0.2984031438
      80.73248893
     -183.5762317
      43.28247450
     -5.225851316
     0.1990696893
     -14.13402619
     -314.8513472
      41.32760734
    -0.6519764639
    -0.4372019552
     -7.177165672
     -81.86717564
     -29.76747811
      14.63304033
     -1.903539648
      3.889562947
      239.3881183
     -107.3112512
      38.84135847
     -4.185511079
    -0.8491037623
     -134.9641433
     -116.9492338
      72.52319109
     -6.842867694
    0.08391519095
      28.86878099
      24.26818159
      92.33991037
     -7.523828836
   0.003970355408
      4.835246993
      161.9233500
      63.00933718
     -4.549490287
  -0.002657157398
     -5.076950333
     -146.9262959
     -35.93321554
     0.2737052841
  0.0004338417511
      1.567093886
      52.76549065
     -105.8967050
   -0.08471889491
 -3.620863168E-05
    -0.2131179066
     -1.193072968
      48.78819350
     -5.970186848
  2.399372746E-07
   -0.02132600432
     -7.414030210
      139.6347639
     -4.876496097
    0.05000000000
     0.1000000000
     0.1500000000
     0.2000000000
     0.2500000000
   Q=    0.0000
