     -4.550575994
      4.352158429
     -2.258888771
     0.6458310894
   -0.07921760671
     -15.75567608
      10.92205929
     -4.660771009
      1.159054476
    -0.1288514407
     -87.34815174
      33.71670825
     -12.44599990
      3.039911962
    -0.3443621869
     -37.07508584
      49.01931314
     -22.04536892
      5.614760489
    -0.6311052314
      43.60234838
      89.79036040
     -41.85757310
      10.60220234
     -1.163495920
     -11.85377556
      63.08126818
     -60.44197851
      16.88171568
     -1.868021507
      2.486185121
     -81.07793618
     -73.06832540
      22.22171273
     -2.649877076
    -0.6848639784
      6.925099054
     -47.16957551
      16.39166838
     -3.307090868
     0.1426265534
      8.932176853
      45.37140300
     -10.75671710
     -4.423092270
   -0.01472638750
     -1.798188355
      17.05261928
     -54.72976656
     -7.521003673
  -0.001350407736
     -2.268813681
     -71.06451818
     -82.52479054
     -13.65962127
  0.0008997041683
      2.000341967
      72.84159584
     -17.76101037
     -19.15250963
 -0.0002147917109
    -0.9577202291
     -52.86817288
      89.25802137
     -14.22782020
  3.596158008E-05
     0.3388229186
      31.82703483
      6.550898015
     0.1191049026
 -4.719833564E-06
   -0.09534604800
     -15.82010559
     -104.8610688
      5.099425614
    0.05000000000
     0.1000000000
     0.1500000000
     0.2000000000
     0.2500000000
   Q=    0.0000
