      0.000000000
      0.000000000
      0.000000000
      0.000000000
      0.000000000
     -56.68168693
      29.74754936
     -9.584664580
      1.664839766
    -0.1097305519
     -144.0923103
      30.49593322
     -2.969329921
    -0.6464257548
     0.1754902523
     -57.71774300
     -8.474969871
      9.920499884
     -3.629348285
     0.5090993239
      152.6416894
     -53.06676356
      37.58273730
     -11.62942433
      1.393001463
     -67.39561898
     -75.17030109
      101.7200062
     -27.27149375
      2.723319092
      12.42139435
      179.3885691
      196.0800732
     -46.26783794
      3.802621316
      2.714704854
      213.6236070
      309.8779907
     -53.57873206
      2.746719328
     -2.134814380
     -316.7721963
      206.1298135
     -14.83308116
     -3.885557087
     0.6517016939
      214.5514763
     -90.68341203
      59.38481270
     -18.89464256
    -0.1275116751
     -91.29654107
     -108.9232922
      111.7839540
     -43.39703532
    0.01677265536
      24.31388929
     -17.13787290
      54.48892442
     -69.97739073
  -0.001239200993
     -2.625048034
      184.3555163
     -89.89097933
     -83.07619406
 -3.845627308E-05
    -0.9910990119
     -200.0062393
     -63.38867057
     -67.18813395
  2.814437997E-05
     0.6562808863
      124.6861403
      41.48716082
     -26.81871991
    0.05000000000
     0.1000000000
     0.1500000000
     0.2000000000
     0.2500000000
   Q=    0.0000
