     -4.642037819
      4.330448054
     -1.865738194
     0.3847916114
   -0.02862270890
     -17.27163425
      8.381537559
     -2.184282748
     0.2280477349
   0.004703746724
     -60.96255970
      19.35821119
     -4.687923923
     0.4931793285
    0.01027031758
     -23.60268107
      24.10525290
     -3.916358434
    -0.4950626799
     0.1646016182
      82.35410146
      56.69420712
    -0.9686966238
     -2.692546096
     0.4028769359
     -39.89303991
      90.10955701
      18.97083372
     -7.662506443
     0.7727922811
      12.67448122
      38.46488098
      53.39212428
     -13.74651339
      1.071944945
     -2.248781700
     -25.09795009
      70.28879586
     -19.39973834
      1.022942745
    0.07231091985
     -23.03049612
      38.88817470
     -23.08128295
    -0.1473088148
    0.08243848528
      34.77268489
     -28.86254930
     -20.77905117
     -3.483533197
   -0.02767747901
     -21.24261997
     -37.44445880
     -5.946292789
     -9.009950294
   0.005177459952
      7.908119529
      28.97813986
      18.90014659
     -13.81764664
 -0.0006477328565
     -1.872404399
      9.276032925
      20.38816319
     -13.19265624
  5.093336329E-05
     0.2132385065
     -24.07871990
     -21.84498186
     -6.918879820
 -8.469664642E-07
    0.03606875264
      17.89666722
     -38.39012265
     -1.310786171
    0.05000000000
     0.1000000000
     0.1500000000
     0.2000000000
     0.2500000000
   Q=    0.0000
