      0.000000000
      0.000000000
      0.000000000
      0.000000000
      0.000000000
     -315.8792416
      150.5759025
     -42.67929918
      6.479462636
    -0.3977942428
     -696.1785904
      132.1583445
     -13.09377057
    -0.5433828294
     0.1560399477
     -654.6907429
      47.31785252
     -2.461053336
     0.8693189830
    -0.1892688620
      140.0789383
     -157.6832077
      25.64623483
     -1.156665076
    -0.1044744852
      37.24788663
     -495.3903712
      28.29926575
      4.233992548
    -0.5768130673
     -34.15191209
     -558.0000756
     -64.42363035
      13.61456218
    -0.4832768366
      5.862698766
      330.6706005
     -238.1607109
      11.03336451
     0.9940155752
      1.002918939
      139.6973089
     -314.6301823
     -30.58099541
      4.314322194
    -0.7217371397
     -239.1943177
     -183.2162756
     -122.9232631
      7.080070717
     0.1794661139
      127.3698545
      294.1965777
     -209.4164674
      3.265689989
   -0.02588873235
     -34.86652281
      188.1029149
     -145.8196690
     -10.31538848
   0.001856046819
      2.097999699
     -537.7385515
      51.38795923
     -24.34542487
  0.0001158681922
      2.632035313
      492.8266276
      182.1850470
     -25.25105884
 -5.737458554E-05
     -1.414893701
     -279.4137400
      163.7016515
     -12.11782074
    0.05000000000
     0.1000000000
     0.1500000000
     0.2000000000
     0.2500000000
   Q=    0.0000
