      0.000000000
      0.000000000
      0.000000000
      0.000000000
      0.000000000
      2.310483044
     -3.310841047
      2.323689201
    -0.7807359365
     0.1009701024
      77.96108198
     -29.44454025
      9.521914552
     -1.841932367
     0.1459561169
      324.0144191
     -61.59970348
      12.68488995
     -1.605318727
    0.07047323874
      80.57563442
     -26.78570940
      5.130277372
    -0.3014037756
   -0.05091103398
     -90.50888906
      82.03855928
     -7.776659909
      1.350351123
    -0.2708750366
      27.55334372
      388.7771449
      2.379413140
      1.223148873
    -0.6586228417
      1.367390947
      157.2858636
      148.3180871
      1.078184764
     -1.580116297
     -3.196367951
     -482.0295306
      321.5949623
      27.05521017
     -3.071949504
      1.125439233
      376.9600935
      221.7374333
      93.13751012
     -2.079634337
    -0.2288123734
     -162.3751401
     -258.5267002
      162.5762033
      6.651360331
    0.02935348445
      39.29300967
     -287.3556785
      128.6592389
      25.28901729
  -0.001795211688
     -1.475077307
      626.1013699
     -21.03805195
      42.95958053
 -0.0001737763921
     -3.153866491
     -541.1589629
     -151.9195627
      42.78858669
  6.712333746E-05
      1.581164638
      298.6379897
     -208.1475335
      21.82959583
    0.05000000000
     0.1000000000
     0.1500000000
     0.2000000000
     0.2500000000
   Q=    0.0000
