      0.000000000
      0.000000000
      0.000000000
      0.000000000
      0.000000000
      95.28179267
     -50.46809188
      16.77658351
     -3.140627318
     0.2494783639
      234.7941553
     -47.34983827
      4.241538061
     0.7670525271
    -0.1741858005
      571.1456923
     -5.326182512
     -16.82292998
      4.499425014
    -0.4189404669
     -181.7348920
      245.0802798
     -78.08968141
      14.67671376
     -1.221804185
      17.29609416
      355.6909980
     -145.9206449
      29.50990320
     -2.452682326
      9.045720355
      18.31246467
     -242.5975439
      57.73261657
     -5.046691793
     -2.912314274
     -138.4520555
     -277.1019210
      98.88144988
     -10.27218905
   -0.03860590558
     -19.62938305
      52.79279649
      161.6980390
     -22.01903950
     0.1926175341
      70.93805546
      365.3231212
      245.9519834
     -45.09777316
   -0.05121299320
     -35.60905477
     -128.1696405
      218.1090010
     -82.36286411
   0.006736727143
      6.844624379
     -224.8122591
     -20.55515208
     -130.1442856
 -0.0002350811746
      1.559751882
      343.5565574
     -148.4733675
     -159.4611619
 -0.0001029016442
     -1.676082292
     -264.6935377
     -18.15068106
     -124.0101512
  2.794490161E-05
     0.6953413630
      138.7297220
     -5.989883645
     -43.31076209
    0.05000000000
     0.1000000000
     0.1500000000
     0.2000000000
     0.2500000000
   Q=    0.0000
