      16.93161832
     -21.43586566
      11.28545223
     -2.833231477
     0.2743350562
      175.6331979
     -82.11075199
      23.02710755
     -3.249014499
     0.1456483479
      621.9323025
     -160.0492884
      32.26965205
     -3.872825424
     0.1949129899
      1859.201191
     -200.9281229
      17.21628843
     0.5589729259
    -0.2539607616
     -511.9976500
      204.5019550
     -55.40279966
      9.716312965
    -0.8219814677
     -27.09226104
      508.7384051
     -98.67292448
      14.15939956
     -1.134314744
      55.84137063
      852.5703596
     -88.53562403
      12.87045321
     -1.297211013
     -10.25906705
     -349.6869172
      199.8183001
     -5.051447502
    -0.7123768477
     -1.479034922
     -347.8436700
      511.2266527
     0.2480468581
     0.6673925426
      1.149230254
      431.5423528
      481.8089485
      68.48146281
      7.402687705
    -0.2884367333
     -214.8419159
     -522.5717015
      225.7568703
      27.31034745
    0.04196205106
      56.59285285
     -408.3295140
      297.8214746
      67.06403793
  -0.003143995885
     -3.141217275
      973.6412936
      127.1937620
      108.8739584
 -0.0001381618418
     -4.169706205
     -835.0300873
     -357.8718664
      113.7372389
  8.179202085E-05
      2.166710866
      447.2362456
     -598.2046137
      57.71258382
    0.05000000000
     0.1000000000
     0.1500000000
     0.2000000000
     0.2500000000
   Q=    0.0000
