      1.120148581
     -1.216982132
     0.6255165305
    -0.1643722083
    0.01789580982
      6.226988867
     -3.376235748
      1.176400877
    -0.2391906574
    0.02137662649
      19.64870372
     -8.195528220
      2.897633211
    -0.6065212190
    0.05191932325
      7.590500012
     -17.56862379
      5.857168013
    -0.8793137769
    0.03818975646
     -181.0177622
     -49.02192927
      9.952122787
    -0.5190073935
   -0.05003330908
      102.2626437
     -139.8778313
      4.855281091
      2.090189001
    -0.2378470908
     -32.30163878
     -138.9454619
     -38.13189941
      7.204252250
    -0.3152147791
      4.624026400
     -8.144976539
     -110.0442718
      8.320187989
     0.2029224714
     0.3795998032
      153.6031482
     -149.4874826
     -4.721645520
      1.605635435
    -0.3600540405
     -145.0406974
     -34.40328471
     -36.64711046
      3.419473835
    0.09489047178
      72.53677286
      127.7207060
     -62.53307167
      3.978214967
   -0.01530261250
     -22.36775968
      24.53477652
     -49.15445375
      2.071531774
   0.001571726786
      3.692951395
     -162.0521844
      3.686374196
     -1.809624353
 -6.673364514E-05
     0.2390621647
      163.4306061
      63.28481343
     -4.819212753
 -1.039073462E-05
    -0.3766316913
     -97.05936232
      77.97048665
     -3.627180321
    0.05000000000
     0.1000000000
     0.1500000000
     0.2000000000
     0.2500000000
   Q=    0.0000
