      0.000000000
      0.000000000
      0.000000000
      0.000000000
      0.000000000
     -27.32312614
      9.078095703
     0.2168824196
     -1.046646797
     0.2149016113
     -73.45617297
     -15.97173408
      18.34370845
     -5.967869331
     0.7223272639
     -460.7659652
     -94.46337127
      57.73853176
     -14.17145694
      1.455076675
      104.3198591
     -392.3826404
      135.1279481
     -28.43770652
      2.819794626
     -7.213242194
     -432.4259029
      193.1149768
     -47.50260496
      5.204678560
     -7.891001544
      106.2264006
      231.9351757
     -79.34243144
      10.07956962
      2.277786002
      70.21475614
      159.8047309
     -119.5024936
      19.81680279
     0.1488539581
      34.91293013
     -221.3727891
     -162.8069364
      39.89749222
    -0.2161281395
     -79.31408831
     -269.3794934
     -187.4677316
      76.84816387
    0.05893962995
      44.52066154
      291.7378963
     -90.06845910
      132.3347175
  -0.008751100340
     -12.26198275
     -8.534525120
      70.50484152
      191.1600053
  0.0006181856473
     0.6396106078
     -177.2565743
      28.93547980
      205.0097011
  4.664436868E-05
      1.001811162
      179.5736498
    -0.1056580803
      135.3780747
 -2.131658119E-05
    -0.5304950390
     -104.5032931
      120.2257687
      39.24275406
    0.05000000000
     0.1000000000
     0.1500000000
     0.2000000000
     0.2500000000
   Q=    0.0000
