      0.000000000
      0.000000000
      0.000000000
      0.000000000
      0.000000000
     -10.46757335
      9.059284905
     -4.892909523
      1.426012960
    -0.1712828321
      4.378142177
      17.06125114
     -10.76095385
      2.970008773
    -0.3218192523
      200.8538382
      49.10487847
     -30.02667607
      7.372115383
    -0.7154970088
     -182.2248269
      152.1508861
     -71.44237506
      15.86548874
     -1.343496028
      72.06160563
      37.43661061
     -144.4073720
      31.13756838
     -2.156154214
     -15.59768281
     -302.6595706
     -311.8080055
      52.51843840
     -2.517884396
     -1.377197805
     -101.9389620
     -484.2413080
      61.87369223
     -1.224721874
      1.751639310
      245.5826166
     -278.7464723
      50.40208303
      2.609963297
    -0.5838510975
     -188.7851807
      215.8172073
      44.03541262
      10.54065222
     0.1220735311
      89.22212116
      190.7534224
      27.53675946
      23.44373241
   -0.01734733854
     -27.00469009
     -157.6695488
     -43.75943889
      33.69114498
   0.001519730147
      4.368901590
     -41.71162669
     -56.46167322
      28.65739104
 -1.797774231E-05
     0.3281492584
      117.9789751
      65.79017547
      12.00942411
 -2.001273354E-05
    -0.4655758901
     -87.24811034
      100.1131397
      1.209970830
    0.05000000000
     0.1000000000
     0.1500000000
     0.2000000000
     0.2500000000
   Q=    0.0000
