      0.000000000
      0.000000000
      0.000000000
      0.000000000
      0.000000000
     -50.23623953
      24.44061032
     -6.776602611
     0.8794663030
   -0.02569305478
     -198.6283871
      35.13546009
     -1.420293380
    -0.9536193420
     0.1365404688
     -400.7423504
     -8.460597307
      13.20615524
     -2.292810042
    0.08051969947
     -1.862912466
     -165.4764767
      28.62572923
    -0.8324878299
    -0.2714327814
      56.54360241
     -342.5830743
      5.384447738
      8.551634083
     -1.132514553
     -27.07605657
     -372.1385118
     -108.3369241
      27.82193787
     -2.263693803
      2.535839325
      101.4849728
     -306.6432621
      46.01388854
     -2.754892274
      1.555672368
      225.5300434
     -360.9748076
      36.36737273
     -1.592136933
    -0.7453461243
     -247.4802707
     -67.72426645
     -16.29400861
      1.018113470
     0.1723761865
      124.5873195
      341.2211258
     -90.17118211
      2.684528844
   -0.02456231960
     -35.06679566
      12.86379637
     -112.7915229
    -0.6590714399
   0.001867452154
      3.362599927
     -350.6281551
     -36.26437933
     -9.421908615
  6.905671109E-05
      1.836710097
      364.0682165
      145.0090446
     -16.48804243
 -4.607695409E-05
     -1.114675338
     -215.4359853
      206.9874865
     -10.60136075
    0.05000000000
     0.1000000000
     0.1500000000
     0.2000000000
     0.2500000000
   Q=    0.0000
