      0.000000000
      0.000000000
      0.000000000
      0.000000000
      0.000000000
      97.15085964
     -54.01722220
      19.31463807
     -4.002836137
     0.3645122878
      538.0005959
     -141.2300681
      30.52872517
     -4.109948484
     0.2449315418
      1310.228600
     -156.9141415
      20.45168104
     -2.078895324
     0.1223493002
     -24.70550164
      91.17219646
     -14.59041372
      1.047676636
    -0.1065386106
     -188.4940222
      503.4002829
     -46.98515759
      4.534011532
    -0.8544668872
      78.74571361
      1210.697062
      9.345319676
      8.478163406
     -3.131637139
     -2.887174087
     -29.28876470
      401.9444198
      33.58242235
     -9.257609261
     -6.478684605
     -968.9052863
      784.3479082
      152.0129146
     -19.71667601
      2.604590016
      870.8719288
      625.4860495
      369.3408582
     -25.59531013
    -0.5564153809
     -393.8901721
     -676.6610833
      538.0531176
     -10.64840615
    0.07343986785
      97.56482720
     -744.2894003
      318.8106903
      33.22976766
  -0.004627943253
     -3.619565642
      1625.357793
     -155.5672399
      77.18935554
 -0.0004283965932
     -8.091138564
     -1410.977586
     -399.4698581
      83.00362099
  0.0001707259236
      4.079077420
      782.2115872
     -443.6619782
      43.70835400
    0.05000000000
     0.1000000000
     0.1500000000
     0.2000000000
     0.2500000000
   Q=    0.0000
