      0.000000000
      0.000000000
      0.000000000
      0.000000000
      0.000000000
     -150.8155060
      74.27108709
     -21.15658987
      2.925731265
    -0.1124009425
     -611.7194625
      113.1753802
     -6.998769549
     -2.374088884
     0.3830848054
     -1302.522050
     -7.584698356
      36.82843150
     -6.749876094
     0.2565227933
     -120.9371862
     -500.3588913
      88.57363233
     -2.713189662
    -0.8653125826
      241.4630684
     -1116.641819
      19.68822196
      28.54057985
     -3.935657143
     -99.69703732
     -1329.270142
     -363.8431116
      99.17711872
     -8.602177479
      5.964880096
      139.2535940
     -1089.489018
      178.3783885
     -12.07240971
      7.068502181
      1037.703670
     -1374.537078
      168.4654429
     -10.40526673
     -3.053624189
     -1016.024606
     -290.6121416
     -10.16150432
     -3.241792196
     0.6830064434
      492.9458901
      1267.063753
     -301.5593347
      1.614177116
   -0.09530093222
     -135.3926372
      137.0724768
     -447.2676891
     -11.04270137
   0.007032198858
      12.12253535
     -1415.805874
     -178.9498916
     -44.94463074
  0.0003046107507
      7.413442653
      1431.290148
      557.0915430
     -71.27396582
 -0.0001822533560
     -4.371772178
     -837.6712626
      847.5286568
     -45.52899398
    0.05000000000
     0.1000000000
     0.1500000000
     0.2000000000
     0.2500000000
   Q=    0.0000
