      0.000000000
      0.000000000
      0.000000000
      0.000000000
      0.000000000
     -1.566033729
     0.7505821727
    -0.1999189612
    0.02283957359
 -0.0001003371073
     -5.104460390
     0.7717979662
    0.04491685179
   -0.04784750570
   0.006220217470
     -6.244843902
    -0.9479802039
     0.5332855008
    -0.1021310403
   0.006874704131
      4.246265680
     -4.499233981
      1.027402823
    -0.1208486958
   0.004296441926
     -1.272864256
     -6.702885339
     0.9996759363
   -0.03708578063
  -0.008499595529
   -0.01178536143
     -1.220121322
    0.05933077671
     0.2159813319
   -0.03890850180
     0.1367037169
      9.427419613
    -0.2741189471
     0.6716773979
   -0.09375287484
   -0.05293140646
     -8.172877139
      1.366918998
      1.514855212
    -0.1690065097
    0.01201261588
      4.052913756
     0.9700084028
      2.483644382
    -0.2089290400
  -0.001865237521
     -1.314022274
     0.4397049051
      2.121716823
    -0.1489544332
  0.0001919638373
     0.2528705843
     -3.239308211
    -0.1853477490
   -0.03309522309
 -7.813443777E-06
  0.0004749158569
      4.170869007
     -2.342202446
  -0.001689751043
 -1.608865725E-06
   -0.02173062674
     -3.193690317
     0.2108594079
   -0.09357105371
  4.530718266E-07
   0.009818368447
      1.735834255
      1.899192064
   -0.06852765927
    0.05000000000
     0.1000000000
     0.1500000000
     0.2000000000
     0.2500000000
   Q=    0.0000
