      0.000000000
      0.000000000
      0.000000000
      0.000000000
      0.000000000
     -21.90598052
      10.89215666
     -3.167329464
     0.4607851060
   -0.02148814769
     -91.26395947
      17.75560795
     -1.565886319
    -0.2198627299
    0.04478064438
     -182.8078698
      1.949218327
      4.213505462
    -0.8433201270
    0.04032202656
      23.41033728
     -61.07186195
      11.48641542
    -0.7189961006
   -0.04434339426
      14.57380644
     -129.8065839
      7.617807877
      1.655511105
    -0.2715683691
     -9.704014831
     -147.8918770
     -24.06180899
      7.037130110
    -0.5861693666
      1.416015433
      74.43307407
     -87.52293855
      12.37264489
    -0.7298049874
     0.3626390545
      51.17035110
     -106.9880168
      9.150998920
    -0.4422737417
    -0.2208511832
     -73.22884394
     -38.73189918
     -7.461558301
    0.07792486122
    0.05371447150
      38.59440494
      107.2353603
     -33.97047259
    -0.1008566765
  -0.007764850261
     -10.84736913
      21.44219286
     -40.97486103
     -2.448359655
  0.0005805872554
     0.8972481325
     -130.8619235
     -12.54462189
     -6.262433290
  2.676008662E-05
     0.6654930177
      128.6189209
      51.72310634
     -8.302635280
 -1.564433313E-05
    -0.3820380799
     -74.40390680
      74.89326553
     -4.766913185
    0.05000000000
     0.1000000000
     0.1500000000
     0.2000000000
     0.2500000000
   Q=    0.0000
