      0.000000000
      0.000000000
      0.000000000
      0.000000000
      0.000000000
     -19.29850564
      10.55991945
     -3.692961071
     0.7481298525
   -0.06661877149
     -24.89255890
      8.589886999
     -2.650876606
     0.5188808983
   -0.04482084644
      37.60808291
      11.71809351
     -6.078772140
      1.346573851
    -0.1200958895
     -28.75949381
      27.15019740
     -10.59810254
      2.240246670
    -0.1892907802
      11.71329813
     -6.839704467
     -19.09360390
      5.079507819
    -0.4226944754
     -3.167017837
     -64.61529350
     -47.77223717
      11.50989027
    -0.8488710107
    0.05472578423
      3.654093333
     -83.35884464
      21.76954263
     -1.674848866
     0.2241646905
      29.67949335
     -52.75098265
      36.09971138
     -3.423851813
   -0.08771675773
     -28.16748188
      38.04099560
      50.10778007
     -6.968615171
    0.01963068766
      14.51292768
      43.98746462
      36.69172749
     -13.49457646
  -0.002888891969
     -4.565247364
     -34.92229580
     -22.22080057
     -23.69962678
  0.0002591631124
     0.7602068494
     -4.334980576
     -51.09945211
     -33.11407483
 -4.073172186E-06
    0.04293244302
      17.98989607
      22.43698458
     -30.19446806
 -3.113689047E-06
   -0.07132367902
     -12.58162843
      61.83074983
     -12.86636796
    0.05000000000
     0.1000000000
     0.1500000000
     0.2000000000
     0.2500000000
   Q=    0.0000
