      2.649916110
     -2.879271344
      1.484359765
    -0.3900861476
    0.04165102889
      9.307047648
     -5.448669459
      2.055407126
    -0.4286640061
    0.03556285564
      18.80639472
     -12.55751179
      5.204310388
     -1.117372134
    0.09369108509
      10.48609889
     -23.81582084
      7.939337196
     -1.207002007
    0.05304265396
     -18.73451265
     -39.17697467
      9.905757259
    -0.9003302062
   -0.04663660053
      6.582285792
     -30.65922677
      7.603874624
      1.052211682
    -0.4145074681
     -2.047644974
      10.23032312
      3.118252785
      6.589769407
     -1.366394322
     0.5287157230
      12.30440442
     -2.804957767
      18.87027796
     -3.491395384
   -0.08692044707
     -8.339027756
     -5.613452431
      36.51309514
     -7.628212477
   0.005129538518
      1.141226010
      11.04936388
      47.07945680
     -14.90753506
   0.001623359450
      1.330113635
      10.90550810
      29.77479523
     -25.86297309
 -0.0005892433847
     -1.008632045
     -18.14608915
     -17.43820995
     -37.95951209
  0.0001116581301
     0.4113699393
      13.56618164
     -37.57485325
     -43.27652311
 -1.543973635E-05
    -0.1245100060
     -8.207279669
      11.06127376
     -33.01552325
  1.699739432E-06
    0.03079049472
      4.309156300
      34.61646251
     -12.22735356
    0.05000000000
     0.1000000000
     0.1500000000
     0.2000000000
     0.2500000000
   Q=    0.0000
