      0.000000000
      0.000000000
      0.000000000
      0.000000000
      0.000000000
      130.1667846
     -65.98653305
      19.96725052
     -3.138087754
     0.1762229988
      562.4731230
     -115.4358313
      12.69170771
     0.7575995713
    -0.2462266587
      1257.109011
     -35.17246412
     -22.68436168
      5.212573210
    -0.2973692373
      106.9856111
      384.9319606
     -76.28216446
      5.082990333
     0.3052521419
     -232.2866966
      946.3848141
     -50.45475616
     -14.82562657
      2.448556652
      93.76396497
      1270.839028
      226.2394017
     -69.39732973
      6.368469480
     -4.665217178
     -75.69481132
      862.5099472
     -142.8426283
      10.52402705
     -7.073311923
     -1045.320857
      1228.408061
     -151.6023398
      12.46079193
      2.967134655
      989.4015458
      405.8208488
     -7.450009961
      13.29561851
    -0.6535471383
     -469.9069448
     -1136.595890
      273.4768000
      21.28756700
    0.08967269480
      125.4957691
     -307.3333525
      443.9985128
      48.90608353
  -0.006343798410
     -9.591386511
      1492.264388
      202.7868286
      90.59483505
 -0.0003502789088
     -7.712587586
     -1435.934266
     -537.2426087
      108.1164318
  0.0001807024555
      4.316611384
      822.9954435
     -882.0839479
      61.22515895
    0.05000000000
     0.1000000000
     0.1500000000
     0.2000000000
     0.2500000000
   Q=    0.0000
