     -7.557446533
      7.277239179
     -3.407628410
     0.8019945296
   -0.07440970029
     -26.95780628
      13.58595490
     -3.669118296
     0.4371477419
  -0.008350673095
     -95.22942439
      24.23205477
     -5.279949415
     0.7478859385
   -0.04864000151
      6.751188188
     -1.734754043
      1.708094327
    -0.6920161761
     0.1025634266
     -52.46746011
     -20.32636595
      9.749371258
     -2.378797298
     0.2457573485
      31.91761360
     -83.38988326
      25.56625423
     -4.836464745
     0.4406785483
     -11.32631305
     -52.56894357
      21.60691566
     -4.429468781
     0.5493785761
      1.961537903
      28.88254824
     -12.22521644
     0.8799579746
     0.7567895011
    0.02903623728
      33.82175097
     -72.05145360
      13.25542786
      1.571348348
    -0.1096016169
     -44.62464621
     -28.54994143
      24.84211772
      3.933534575
    0.03187561277
      24.70298980
      83.22954479
      23.71126991
      7.539698084
  -0.005390782991
     -8.094537776
     -21.50263485
     -15.93489304
      9.179402955
  0.0005830022206
      1.486499741
     -39.28145322
     -54.34297061
      3.404118063
 -3.053238760E-05
   0.002773354929
      46.90951411
      27.01724082
     -6.110938454
 -2.475153329E-06
    -0.1041416824
     -27.90448497
      95.81819127
     -6.161883970
    0.05000000000
     0.1000000000
     0.1500000000
     0.2000000000
     0.2500000000
   Q=    0.0000
