     -4.296212511
      3.471629496
     -1.541368208
     0.3753640975
   -0.03869232435
     -12.56894023
      8.447872465
     -3.095175823
     0.6282002928
   -0.05668646529
     -100.3607091
      28.81222310
     -7.923021814
      1.550838207
    -0.1521813507
     -13.03734482
      26.82434293
     -11.48136787
      2.769086135
    -0.2984829204
      53.14489118
      62.21671272
     -25.52682032
      5.984737057
    -0.6387550545
     -22.42695118
      50.71995258
     -37.25104446
      10.77624221
     -1.271164142
      5.492179894
     -60.49464066
     -48.47787594
      19.66669523
     -2.593003738
    -0.6448903250
      46.87507507
     -29.99284151
      31.43767907
     -5.110993358
    -0.1055756939
     -43.95962570
      66.17193451
      44.33101496
     -9.946417232
    0.07254843424
      32.43199255
      43.40253521
      47.22697530
     -18.44217756
   -0.01903167539
     -15.84966107
     -83.15446632
      7.922035157
     -31.75172210
   0.003226964448
      5.257582167
      44.96784570
     -36.05051002
     -47.72563357
 -0.0003773621126
     -1.142111936
     -2.347816069
    -0.1232945187
     -53.50477005
  2.684993246E-05
     0.1064535728
     -13.84079195
      17.04550695
     -36.30206383
  7.244606815E-08
    0.03175777600
      11.83390154
     -29.55029221
     -10.58115723
    0.05000000000
     0.1000000000
     0.1500000000
     0.2000000000
     0.2500000000
   Q=    0.0000
