      1.379053407
     -1.517232409
     0.8501688404
    -0.2568264227
    0.03307134217
      1.924675660
     -1.862622882
      1.097155011
    -0.3496752930
    0.04625557011
     -1.429275336
     -4.863989474
      3.445626468
     -1.101245188
     0.1426247071
     -16.82758064
     -8.046074672
      6.293811547
     -2.065274624
     0.2691774721
      17.35055471
     -4.166294605
      12.07187899
     -4.526451349
     0.5906120866
     -7.781282395
      29.00233486
      23.54027474
     -9.482493152
      1.205344887
      3.028868058
      34.84141002
      39.40683254
     -18.19227234
      2.357478412
    -0.7635030835
     -36.58011596
      29.65113377
     -31.47317890
      4.355711293
     0.1210346621
      16.56222259
     -19.39802393
     -48.49229896
      7.453999948
  -0.008919052222
     -3.749389091
     -26.57086068
     -54.58027816
      11.71348789
  -0.001252262440
    -0.5228606124
      14.61590420
     -23.19309611
      17.47298778
  0.0005456088554
     0.7660567426
      1.226214942
      27.91424350
      24.30034932
 -0.0001034372298
    -0.3343884502
     -4.920048590
      29.06041092
      27.37311189
  1.371830207E-05
    0.09912029725
      4.125791207
     -17.52825772
      20.35252597
 -1.408000387E-06
   -0.02327330330
     -2.611087390
     -25.57596830
      7.183576134
    0.05000000000
     0.1000000000
     0.1500000000
     0.2000000000
     0.2500000000
   Q=    0.0000
