      0.000000000
      0.000000000
      0.000000000
      0.000000000
      0.000000000
     -46.54168102
      24.61280179
     -8.046308767
      1.447028337
    -0.1042523460
     -101.9840602
      30.24217807
     -7.396416136
      1.007397623
   -0.03879119390
      11.34313143
      41.38427661
     -14.15059965
      2.046569066
   -0.06421481898
     -30.05642989
      98.91925601
     -24.00150672
      2.002000937
     0.1358952879
      22.39074503
      47.41872747
     -29.40854294
     0.6038995348
     0.6430684577
     -6.625178109
     -163.0196178
     -64.07473983
     -4.473593501
      2.011506289
    -0.1360991533
     -3.975208696
     -127.8805852
     -24.29819167
      4.856372973
     0.6087432139
      84.92486355
     -77.70390435
     -61.94878864
      8.960143917
    -0.2179184209
     -70.68339753
      29.27108447
     -84.74124365
      13.65797520
    0.04543117866
      32.17563698
      29.33460235
     -61.55811001
      18.91143037
  -0.006190387904
     -8.794655407
      20.93642235
      3.532107314
      23.43138462
  0.0004710669485
     0.9303616661
     -79.72293956
      56.26274234
      24.20991133
  1.365206719E-05
     0.3955219430
      82.13452328
      12.51010474
      18.51824028
 -1.073498967E-05
    -0.2584887492
     -51.02653378
     -36.40612641
      7.415530277
    0.05000000000
     0.1000000000
     0.1500000000
     0.2000000000
     0.2500000000
   Q=    0.0000
