      0.000000000
      0.000000000
      0.000000000
      0.000000000
      0.000000000
     -13.28616505
      4.731070111
    -0.4258541421
    -0.1795876876
    0.03632802132
     -49.50756547
      2.994244355
      2.335786975
    -0.7271669297
    0.06167779578
     -117.0286419
     -14.27417831
      6.946059294
     -1.051836876
    0.05682101618
      6.782977845
     -63.01687339
      10.49075858
    -0.9045378564
    0.06709501328
      11.32423002
     -89.18893857
      2.179138462
    -0.4184753159
     0.2205616823
     -5.754810043
     -61.98519432
     -21.19831689
     -2.493306855
     0.8327203365
     0.4443517517
      8.414996614
     -57.29773736
     -12.28043165
      2.243059966
     0.3983870035
      60.00458450
     -79.93719569
     -34.52784754
      4.549000547
    -0.1805237981
     -60.36728097
     -29.09670557
     -60.29604977
      7.230012215
    0.04096105703
      29.40221042
      68.77924586
     -57.10209475
      9.603387740
  -0.005754768368
     -8.042223967
      19.94450212
     -7.369021324
      11.62471360
  0.0004244436987
     0.6704672520
     -94.17491804
      34.64514958
      12.55344237
  1.990318542E-05
     0.4837224855
      93.23236138
      19.96249322
      9.613942728
 -1.155167141E-05
    -0.2817771750
     -55.45746109
      4.070158808
      3.391877100
    0.05000000000
     0.1000000000
     0.1500000000
     0.2000000000
     0.2500000000
   Q=    0.0000
