      4.651622002
     -3.897027750
      1.346366081
    -0.1718880243
  0.0002778557323
      19.21108983
     -6.903795984
     0.6696575838
     0.1909639908
   -0.03450699177
      79.82467918
     -11.72776342
   -0.04013775345
     0.3405077124
   -0.03335221007
      95.31149480
      9.461990826
     -5.419881970
     0.8585712284
   -0.03610516356
      3.472110714
      41.21231853
     -7.129828557
     0.2019183874
    0.06870336096
     -18.84554797
      69.13401083
     -2.435557408
     -1.630381731
     0.2392649581
      9.022633230
      71.89666505
      17.48796830
     -5.455461296
     0.4900323739
     -1.592329673
     -30.44610799
      51.50721408
     -9.013940067
     0.6414966803
   -0.08193899926
     -35.15500758
      57.60748635
     -6.916186889
     0.6428980535
     0.1150007466
      44.68537398
      12.21360953
      4.495667561
     0.8813565633
   -0.03164677560
     -23.86764746
     -49.19307758
      22.40850148
      2.303865762
   0.005098924086
      7.318639141
     -12.85553484
      28.96312008
      5.623165402
 -0.0004959134479
     -1.049000910
      67.49191577
      5.844800673
      9.130426857
  1.297587685E-05
    -0.1841291157
     -66.09719036
     -33.56327266
      8.924194688
  5.173383130E-06
     0.1621975715
      38.16215749
     -39.84219042
      4.092201037
    0.05000000000
     0.1000000000
     0.1500000000
     0.2000000000
     0.2500000000
   Q=    0.0000
