     -10.98420792
      8.528999608
     -3.585090790
     0.7943588907
   -0.06897122754
     -47.40069804
      28.43433217
     -9.156602970
      1.474453755
   -0.08032750376
     -341.9054268
      89.51992983
     -19.67771458
      2.423647364
   -0.07008301228
     -57.54892528
      93.61955412
     -25.43452335
      2.034903772
     0.2165859995
      389.2958156
      288.7597097
     -45.46665969
     -2.774899654
      1.339771200
     -194.2969113
      468.6384353
    0.02287108424
     -24.31130727
      4.260935712
      61.55983200
      127.1844167
      116.0812022
     -65.58667171
      10.22287916
     -10.53540326
     -73.44678720
      215.4807489
     -129.8576597
      21.83431814
     0.1031734288
     -160.6202855
      238.8377232
     -190.9851699
      42.12612604
     0.4764598154
      199.9249417
     -30.28800824
     -171.5663171
      74.79978001
    -0.1482436372
     -114.5065621
     -270.7313255
     -31.79759685
      119.6233814
    0.02654967064
      40.27391445
      127.7292959
      147.5849950
      160.4791939
  -0.003150840792
     -8.724880818
      104.7905460
      150.4386933
      165.8378070
  0.0002208029505
     0.6866530887
     -163.5121519
     -133.6618746
      116.7804856
  1.458089405E-06
     0.3006524162
      108.2675602
     -249.9716964
      41.67197031
    0.05000000000
     0.1000000000
     0.1500000000
     0.2000000000
     0.2500000000
   Q=    0.0000
