     0.6672443609
    -0.6089296214
     0.2083967011
   -0.01674828079
  -0.003472962185
     0.4132868213
     0.2770365857
    -0.3650262927
     0.1517801177
   -0.02323228383
     -6.307967926
      2.047730357
    -0.8944989914
     0.3112148823
   -0.04919804862
     -6.166149862
      5.925039830
     -2.878238449
     0.8701477311
    -0.1216952801
      28.37226642
      19.28648734
     -5.492885166
      1.421567410
    -0.2188796049
     -14.71437123
      42.21318421
     -3.251205143
      1.569151155
    -0.4031610744
      5.185253418
      25.18881878
      11.37025914
     0.5696636955
    -0.7424059927
     -1.062979461
     -26.80049191
      27.23407954
     -3.572094445
     -1.384799939
    0.07976773077
      1.166501864
      17.90743017
     -15.29389003
     -2.678484491
    0.02321851033
      9.850532110
     -13.53725436
     -31.74115904
     -5.037339818
  -0.009760157977
     -7.421289456
     -18.02991994
     -28.57683453
     -7.399704841
   0.001949230648
      2.980226515
      14.95593533
      11.88901569
     -5.970030074
 -0.0002551193972
    -0.7523751107
     0.5392382075
      36.13337384
      1.263667348
  2.182253630E-05
     0.1060291160
     -6.331440043
     -14.31575416
      7.479216389
 -7.706709498E-07
   0.003314695813
      4.541010963
     -45.10653829
      4.931181278
    0.05000000000
     0.1000000000
     0.1500000000
     0.2000000000
     0.2500000000
   Q=    0.0000
