      0.000000000
      0.000000000
      0.000000000
      0.000000000
      0.000000000
     -239.4960053
      136.9607785
     -51.23217777
      11.27118789
     -1.103571805
     -442.2264789
      156.5225404
     -49.72981727
      10.25019656
    -0.9676540437
     -86.69011242
      207.1386066
     -91.67426458
      21.35665984
     -2.079395958
     -141.8134924
      259.5377009
     -144.8805994
      33.80770760
     -2.952875350
      113.3326267
     -194.0076511
     -246.5819592
      57.61883538
     -4.170800670
     -40.14073385
     -791.8070512
     -510.5537275
      81.38758037
     -3.725275677
      1.657000301
      84.26739276
     -770.7870140
      63.23451463
   -0.03141356830
      2.807405163
      389.5505136
     -478.1423666
     -20.74421515
      6.618813164
     -1.152731562
     -374.9224303
      166.7898316
     -119.1647979
      14.23466413
     0.2563912820
      184.5629554
      366.8186961
     -164.5818396
      20.27112874
   -0.03661228017
     -53.71355692
     -68.01989603
     -103.8443223
      20.39073572
   0.002980683602
      6.710449401
     -362.7861522
      49.63846590
      12.94207626
  4.119024928E-05
      1.899479421
      430.4050588
      154.7643985
      3.466117270
 -5.776022005E-05
     -1.394676988
     -271.9442127
      117.3606443
    -0.7814093645
    0.05000000000
     0.1000000000
     0.1500000000
     0.2000000000
     0.2500000000
   Q=    0.0000
