      0.000000000
      0.000000000
      0.000000000
      0.000000000
      0.000000000
     -36.35216412
      17.69822554
     -4.967707581
     0.6671449942
   -0.02068975253
     -118.0347564
      23.29803535
     -1.689135335
    -0.6161244884
     0.1330784346
     -204.6534507
      13.59326927
      5.360474951
     -2.599115877
     0.3611818690
      120.1044304
     -18.92592978
      25.47128376
     -8.474788507
     0.9857157815
     -29.19654110
      11.75140370
      72.58983661
     -21.75734652
      2.170957653
      3.635987897
      45.56112193
      169.1128602
     -47.29990981
      4.084040417
     0.7948967919
      59.17276142
      244.9691229
     -87.12978483
      6.326162142
    -0.4957164021
     -65.83291565
      132.8450165
     -142.7743877
      7.171493819
     0.1473281574
      46.35917384
     -164.5930059
     -193.2925358
      2.808152035
   -0.03189953935
     -25.18732877
     -126.1817747
     -156.1169099
     -8.619664718
   0.005113805601
      9.573439334
      193.7878239
      38.10200083
     -18.48408241
 -0.0005927644469
     -2.525540401
     -112.8749694
      170.8171466
     -11.77179501
  4.547220513E-05
     0.4512496017
      42.87617084
     -37.78167481
      5.478826503
 -1.224440939E-06
   -0.04401446565
     -13.00724088
     -181.0428823
      8.038310544
    0.05000000000
     0.1000000000
     0.1500000000
     0.2000000000
     0.2500000000
   Q=    0.0000
