     -1.266065903
     0.3959137407
    -0.2418355104
     0.1616621684
   -0.03621173914
      19.28355377
     -4.876893487
    -0.6887185847
     0.7247349220
    -0.1196856053
      65.46192623
      5.356739595
     -9.874407828
      2.998855663
    -0.3002792120
      518.1490146
      53.68731024
     -33.16751719
      5.968008308
    -0.3314681582
      749.4713924
      368.7163811
     -77.29017826
      5.760211388
     0.1349581491
     -514.4916456
      917.3808341
     -47.77909049
     -10.47841663
      1.414437750
      177.9978016
      931.8232427
      204.8609771
     -43.23404537
      2.339767635
     -26.95680988
     -118.1496420
      666.7842276
     -60.45224400
     0.5161321723
     -1.986400925
     -811.1269739
      907.3647478
      3.935970272
     -5.949343339
      2.059274183
      822.4475711
      248.4198205
      185.4276588
     -14.15351565
    -0.5486626523
     -418.2647984
     -804.4443799
      366.4226684
     -14.46195735
    0.08834134410
      128.5147233
     -157.1079442
      330.1684899
      1.376585993
  -0.008916107726
     -20.33183316
      1005.983353
      19.36863570
      28.53327624
  0.0003347289187
     -1.943976091
     -1005.226436
     -418.7847189
      45.18572137
  6.914640016E-05
      2.370281974
      591.1786170
     -535.7418622
      28.69408636
    0.05000000000
     0.1000000000
     0.1500000000
     0.2000000000
     0.2500000000
   Q=    0.0000
