   0.002219663451
  -0.002392250214
   0.001253445556
 -0.0003422068804
  3.925102255E-05
    0.01135458692
  -0.006583837864
   0.002495237744
 -0.0005553901963
  5.376351853E-05
    0.03606093194
   -0.01731328454
   0.006649651172
  -0.001448173542
  0.0001259608147
   -0.01006676025
   -0.04028499432
    0.01418054392
  -0.002169353532
  9.614193195E-05
    -0.4053842852
    -0.1221285269
    0.02462717468
  -0.001294281291
 -0.0001248256918
     0.2333314964
    -0.3338635823
    0.01127572180
   0.005183293592
 -0.0006007723909
   -0.07454095467
    -0.3275409932
   -0.09150197905
    0.01764382588
 -0.0008262333836
    0.01078314850
  -0.008514675687
    -0.2620577562
    0.02079273980
  0.0003501298135
  0.0008533510200
     0.3498667959
    -0.3503986409
  -0.009942717282
   0.003682592551
 -0.0008306761728
    -0.3344017507
   -0.07748532333
   -0.08569250252
   0.008117077905
  0.0002197724921
     0.1679880722
     0.3003780899
    -0.1479773338
   0.009779343425
 -3.550724295E-05
   -0.05192805078
    0.05194395156
    -0.1162129570
   0.005699951438
  3.650778506E-06
   0.008590168807
    -0.3737262670
    0.01062797611
  -0.003072520207
 -1.550678271E-07
  0.0005529786915
     0.3789649544
     0.1496924698
   -0.01003682212
 -2.417293543E-08
 -0.0008754712622
    -0.2254990773
     0.1772792468
  -0.007704312585
    0.05000000000
     0.1000000000
     0.1500000000
     0.2000000000
     0.2500000000
   Q=    0.0000
