     -3.135501743
      3.279721855
     -1.711539891
     0.4719166119
   -0.05512232859
     -14.03283614
      8.578982914
     -3.410257243
     0.7931762112
   -0.07967120593
     -46.91421653
      24.10387798
     -9.615092371
      2.133803843
    -0.1875468688
      41.24859351
      57.38207389
     -20.96083159
      3.257893070
    -0.1486529647
      570.5765079
      185.0842203
     -37.44472969
      2.076415361
     0.1738646529
     -332.5700724
      493.6988619
     -17.44866589
     -7.543168524
     0.8905441695
      107.1290294
      477.2632237
      133.1415443
     -26.05165465
      1.277044283
     -15.64879667
     -1.567517110
      381.9216422
     -31.74750348
    -0.2694261135
     -1.186380907
     -495.0327343
      507.1271038
      10.54461645
     -4.796316788
      1.189110894
      478.5621485
      109.7711929
      117.0891404
     -10.79582137
    -0.3158518680
     -241.4010510
     -437.4576298
      207.1870130
     -12.82515758
    0.05112879556
      74.79874498
     -69.06111963
      168.4848090
     -6.653045186
  -0.005265425960
     -12.40964442
      534.8257576
     -6.833443721
      6.324627069
  0.0002247550831
    -0.7823943172
     -544.1362624
     -216.8306611
      16.48973525
  3.464444625E-05
      1.257123014
      323.9369350
     -267.2110770
      12.23628404
    0.05000000000
     0.1000000000
     0.1500000000
     0.2000000000
     0.2500000000
   Q=    0.0000
