     -6.191789919
      4.685311064
     -1.931078635
     0.4254845531
   -0.03760743157
     -18.81050874
      12.27080645
     -4.151416112
     0.7295957668
   -0.05207150931
     -165.6738925
      43.31866411
     -10.19943710
      1.638538674
    -0.1302356150
     -36.98875943
      35.41895306
     -13.20158739
      2.807929471
    -0.2632713559
      68.27814225
      86.67097820
     -31.63530660
      6.399843575
    -0.5682977894
     -23.76216571
      68.92290660
     -46.74713215
      11.33872520
     -1.058141632
      4.815661699
     -110.2307448
     -68.65993949
      20.83266269
     -1.968036755
    -0.5337460357
      65.17847974
     -61.73796384
      31.77920822
     -3.348599607
   -0.07666629334
     -42.59608180
      69.65628709
      42.45027745
     -5.930182045
    0.05684970872
      28.11342079
      58.59487674
      44.70482132
     -11.13785075
   -0.01572311851
     -13.96381194
     -107.0885313
     -2.319000228
     -22.01368480
   0.002873686564
      5.041179183
      74.56106336
     -51.24380918
     -40.29443664
 -0.0003820372731
     -1.329104812
     -30.43047075
      10.70811210
     -52.69577149
  3.650513748E-05
     0.2398762837
      5.446662212
      31.73972837
     -39.06455107
 -2.048201255E-06
   -0.01841621921
      2.217698214
     -43.24877790
     -11.81845216
    0.05000000000
     0.1000000000
     0.1500000000
     0.2000000000
     0.2500000000
   Q=    0.0000
