      0.000000000
      0.000000000
      0.000000000
      0.000000000
      0.000000000
      82.64840565
     -42.04302303
      12.82501830
     -2.077203222
     0.1317377528
      474.6099900
     -104.7985640
      15.87374897
     -1.022192017
   0.006506673164
      1169.230710
     -73.44870404
     -2.882453596
     0.6372336275
     0.1273073967
     -8.408328070
      224.1161101
     -26.42370114
     -3.101057108
     0.8148119304
     -169.2115984
      636.2688455
      10.73830564
     -18.95411655
      2.038986352
      75.22192640
      1154.409068
      208.6077893
     -48.60736575
      2.987539234
     -4.991533346
     -176.6647259
      672.9255596
     -64.26773880
      1.196727949
     -5.147799671
     -756.0790985
      835.1712349
      11.47777837
     -4.915116009
      2.237221165
      743.7304703
      339.5923541
      193.9667723
     -10.27312177
    -0.4961079305
     -354.0623398
     -741.9308591
      390.3238486
     -3.798459912
    0.06802286578
      93.62881151
     -377.3393825
      315.3964967
      24.20465986
  -0.004741562639
     -6.384417721
      1237.403150
     -45.73642319
      57.13254250
 -0.0002909030038
     -6.257891047
     -1154.891433
     -390.8968389
      64.89426506
  0.0001424350699
      3.423660400
      659.6994091
     -451.4026358
      34.44434527
    0.05000000000
     0.1000000000
     0.1500000000
     0.2000000000
     0.2500000000
   Q=    0.0000
