     -2.576414658
      2.316920450
    -0.9708277052
     0.1981246881
   -0.01557509991
     -8.352309107
      3.909731207
    -0.9557861951
     0.1062782477
  -0.003407025448
     -32.76852811
      8.811027127
     -2.106177839
     0.3440097055
   -0.02879648769
     -9.794785090
      5.365631923
     -1.432006104
     0.2627060844
   -0.03496206363
      22.14865574
      9.265918383
     -2.124485374
     0.7092907890
    -0.1429872334
     -9.839686806
      6.702527593
   -0.02660219328
      1.959471633
    -0.4616231136
      2.445748449
     -6.224196326
      3.526039976
      6.447860768
     -1.347206229
    -0.2453754248
      16.99459974
      9.924325009
      16.30358292
     -3.282162647
   -0.05554582205
     -18.94432308
      19.51597792
      30.62798783
     -7.012099942
    0.03164506710
      13.43041347
      3.273485204
      37.97762800
     -13.37155776
  -0.007870167423
     -6.299432570
     -15.08873301
      19.01142160
     -22.70925424
   0.001294607077
      2.031161346
      7.630730680
     -16.52486840
     -32.70215623
 -0.0001460018465
    -0.4171006396
      3.823404567
     -21.87090931
     -36.00637642
  9.143282408E-06
    0.02251863947
     -8.534099386
      7.758597283
     -25.95434136
  3.701609721E-07
    0.02131873142
      6.805540379
      15.17919931
     -8.973807817
    0.05000000000
     0.1000000000
     0.1500000000
     0.2000000000
     0.2500000000
   Q=    0.0000
