     -5.246022920
      5.291918819
     -2.590801930
     0.6428975264
   -0.06382559383
     -22.38289214
      12.37183655
     -4.104493056
     0.7317658013
   -0.05153731608
     -95.45222088
      31.74373310
     -9.340969589
      1.726182632
    -0.1343361368
     -160.4659212
      42.01428146
     -12.13034507
      1.968537305
   -0.07684938846
     -34.41982116
      30.29026859
     -18.36394121
      2.290536521
     0.1479161013
      52.37402764
     -39.59811297
     -36.48578343
    -0.6500587083
      1.088247148
     -19.93018556
     -182.9966995
     -84.28142351
     -17.01984852
      3.251867646
      2.303477297
     -24.74144698
     -154.4005728
     -66.39684259
      5.825752407
     0.6088095987
      152.7733090
     -135.9219540
     -157.0054556
      4.115375134
    -0.3383466616
     -130.8922726
     -32.25575914
     -236.9546874
     -10.31431433
    0.08022616761
      60.55775395
      62.75963728
     -201.8005923
     -41.04969035
   -0.01184339599
     -16.71847914
      88.60442423
     -3.046921287
     -73.76481676
   0.001018526231
      1.808499042
     -200.9886944
      166.4663986
     -78.19635921
  1.149416852E-06
     0.7346276762
      185.6262058
      26.03386917
     -45.00958590
 -1.704862628E-05
    -0.4856328006
     -109.6696924
     -123.1351539
     -10.04662079
    0.05000000000
     0.1000000000
     0.1500000000
     0.2000000000
     0.2500000000
   Q=    0.0000
