     0.8554924504
    -0.7925191369
     0.3120038071
   -0.05238433084
   0.002256606718
      4.326309673
     -1.758877301
     0.3199786706
  0.0007819165881
  -0.005726415511
      15.32098286
     -3.319042634
     0.4111677041
    0.02847106414
   -0.01272883894
      22.62082766
     -2.748887635
    -0.2476029511
     0.2751784877
   -0.04751211662
     -9.856306108
     -2.876280345
     -1.415847674
     0.8215668372
    -0.1230926610
      1.383244000
     -6.848586130
     -4.306307336
      2.199851069
    -0.3025574400
    -0.1672699195
      2.367096074
     -7.734141312
      5.133713265
    -0.6745052800
     0.1535484037
      10.82690857
     -2.713546873
      11.03432329
     -1.350903496
   -0.07636556326
     -13.13332287
      11.80981919
      20.83809970
     -2.315705282
    0.02174799365
      8.278763093
      13.15428813
      28.65576969
     -3.371059038
  -0.003900880004
     -3.025869019
     -7.886846292
      19.97999739
     -4.550677472
  0.0004194335882
     0.5494614333
     -8.530302067
     -6.699246846
     -6.261644773
 -8.107861353E-06
    0.07563231820
      16.30419828
     -18.74059734
     -7.841861136
 -7.094773504E-06
   -0.09761618456
     -13.89877902
      2.706280125
     -6.768720860
  1.739095947E-06
    0.04110511679
      7.873030517
      13.22956031
     -2.739816905
    0.05000000000
     0.1000000000
     0.1500000000
     0.2000000000
     0.2500000000
   Q=    0.0000
