      0.000000000
      0.000000000
      0.000000000
      0.000000000
      0.000000000
 -2.388683016E-05
  1.074294641E-05
 -2.339673302E-06
  6.687915057E-08
  4.006318554E-08
 -2.969737762E-05
 -3.291039521E-06
  5.007246265E-06
 -1.617234302E-06
  1.895933848E-07
  0.0002050785228
 -4.509122776E-05
  1.325932350E-05
 -2.941254578E-06
  3.146397528E-07
  0.0003241260690
 -2.253704581E-05
  2.017911345E-05
 -6.590991472E-06
  7.295029334E-07
 -0.0001898705307
  0.0001432243872
  5.980559767E-05
 -1.739054514E-05
  1.333085503E-06
  4.523169992E-05
  0.0005176060818
  0.0002085100018
 -3.431733795E-05
  1.100889285E-06
  5.632363476E-06
  0.0005208252684
  0.0005427078620
 -3.256680729E-05
 -2.245802859E-06
 -6.501548689E-06
 -0.0009781558485
  0.0007605626856
  4.893216431E-05
 -1.025373232E-05
  2.149250695E-06
  0.0007181847156
  0.0001519424182
  0.0002182641322
 -1.866001289E-05
 -4.322788224E-07
 -0.0003107443839
 -0.0005867256359
  0.0003143020605
 -1.859961777E-05
  5.659267784E-08
  7.994310561E-05
 -0.0001948891579
  0.0001732515257
 -7.028039743E-06
 -3.888336149E-09
 -6.386844810E-06
  0.0008564927555
 -0.0001216429768
  7.682717395E-06
 -2.171890829E-10
 -4.525653174E-06
 -0.0008329896092
 -0.0002311163672
  1.269201954E-05
  1.099042435E-10
  2.579552092E-06
  0.0004878316973
 -0.0001836493294
  8.321794225E-06
    0.05000000000
     0.1000000000
     0.1500000000
     0.2000000000
     0.2500000000
   Q=    0.0000
