      0.000000000
      0.000000000
      0.000000000
      0.000000000
      0.000000000
     -25.37107672
      9.141832920
    -0.4530771874
    -0.6821075884
     0.1471480194
     -33.19138846
     -16.23844033
      13.02956155
     -3.678648900
     0.3781444580
     -11.90228761
     -88.87261722
      33.32444424
     -5.837740429
     0.3595495201
     -63.59547010
     -234.9701121
      51.45427463
     -4.121887255
    -0.2149243616
      23.03044705
     -362.5798474
      15.90809458
      12.33093520
     -2.405318298
     -11.41805165
     -68.61424036
     -135.6311300
      56.84694933
     -7.586538671
      2.449772464
      116.9875915
     -308.7822311
      139.9853640
     -17.35530042
    0.01117600792
     -9.517192679
     -304.0948835
      261.1956774
     -31.68384554
    -0.1693571630
     -54.88208541
      140.3292317
      349.8237551
     -45.80717189
    0.05562879760
      44.81576814
      353.5136453
      260.5409917
     -53.30658144
   -0.01009773084
     -17.92907670
     -335.8471221
     -103.2172197
     -54.58974389
   0.001137457951
      4.124040395
      117.5897411
     -347.7214415
     -59.85821652
 -6.250933387E-05
    -0.3842110737
     -2.560387340
      108.7483545
     -60.30401137
 -4.193656389E-06
    -0.1012618124
     -14.84946717
      421.5580723
     -30.70247868
    0.05000000000
     0.1000000000
     0.1500000000
     0.2000000000
     0.2500000000
   Q=    0.0000
