      0.000000000
      0.000000000
      0.000000000
      0.000000000
      0.000000000
      64.63053254
     -37.13816320
      14.00696176
     -3.131679387
     0.3142068022
      111.0821790
     -45.59117959
      16.51112447
     -3.715487940
     0.3696301636
     -119.4990949
     -76.69983772
      37.00231677
     -8.398790760
     0.7882146746
      89.19129343
     -181.7527071
      69.64090907
     -14.32123357
      1.184721598
     -42.06157046
     -64.26949653
      108.3692398
     -24.04102965
      1.605447318
      10.88912631
      274.7537703
      201.1731789
     -36.75877220
     0.9322352025
     0.2978826087
      7.392248081
      290.5311162
     -37.99562198
     -3.254740800
    -0.9543981277
     -129.0747291
      124.1608393
     -21.38388875
     -14.60806704
     0.3362923818
      107.3605464
     -122.6055948
     -8.155163706
     -37.65696496
   -0.07102338522
     -50.92201743
     -66.04520162
      7.685481169
     -72.24482738
    0.01001449501
      15.02827783
      38.01015943
      30.40033553
     -102.2793856
 -0.0008442858473
     -2.176831416
      63.53064463
      4.404411014
     -101.6774448
  4.134977193E-07
    -0.3379650861
     -90.95009470
     -46.51264038
     -64.42264759
  1.337992015E-05
     0.3168197658
      60.79486686
     -41.64162295
     -19.70244691
    0.05000000000
     0.1000000000
     0.1500000000
     0.2000000000
     0.2500000000
   Q=    0.0000
