      0.000000000
      0.000000000
      0.000000000
      0.000000000
      0.000000000
    0.07478718897
   -0.03674711731
    0.01046660869
  -0.001466620145
  6.307089963E-05
     0.3346049514
   -0.06334694461
   0.005028513591
  0.0008201951783
 -0.0001333226827
     0.8244055791
  -0.007560498580
   -0.01648491094
   0.002353733229
  5.688574066E-05
     0.1756450481
     0.2880679097
   -0.03875557749
  -0.002794446107
  0.0009581162734
    -0.2016492639
     0.6950779638
    0.03043563603
   -0.02634136113
   0.002819326244
    0.07261287896
     0.9471109994
     0.3257213088
   -0.06962161233
   0.004460592301
  -0.001688240135
    0.08508543299
     0.8686684629
   -0.09587176657
   0.002805396043
  -0.006179297127
    -0.9130798973
      1.062752351
   -0.02192438859
  -0.004657898174
   0.002463063374
     0.8198034752
     0.1791168269
     0.1741215557
   -0.01448860123
 -0.0005368893682
    -0.3874537349
    -0.9312722949
     0.3477530096
   -0.01704791116
  7.412050309E-05
     0.1057290775
   -0.09353311635
     0.2807488136
  -0.004226126641
 -5.468577120E-06
  -0.009783066370
      1.052122378
   -0.02662801754
    0.01861243356
 -2.266047621E-07
  -0.005551895869
     -1.077882797
    -0.3727616463
    0.03263751525
  1.392232663E-07
   0.003330532493
     0.6393120813
    -0.4273661046
    0.02082202094
    0.05000000000
     0.1000000000
     0.1500000000
     0.2000000000
     0.2500000000
   Q=    0.0000
