      0.000000000
      0.000000000
      0.000000000
      0.000000000
      0.000000000
      55.84625876
     -27.32045839
      7.652093944
    -0.9681170584
    0.01278101035
      156.6418391
     -21.67379786
     -3.787780545
      2.582248524
    -0.3811797641
      423.5626598
      28.20385701
     -28.39335737
      7.569333552
    -0.8102461905
     -29.22379111
      251.0671615
     -82.24695823
      16.51288730
     -1.579915402
     -37.17074094
      407.6818613
     -119.4787904
      24.03538716
     -2.357046014
      21.26331424
      191.6513439
     -96.45679510
      26.08706453
     -2.921971722
     -2.486798688
     -88.47556032
      61.40064389
      10.20614533
     -2.132699697
     -1.160514719
     -175.5285936
      341.1190798
     -24.28921878
      1.716224916
     0.5992392514
      203.6974611
      210.4027521
     -48.36217927
      12.17821175
    -0.1402123380
     -102.5695431
     -389.0341940
     -28.55641600
      33.78656118
    0.01970701629
      27.84992980
     -17.63306131
      80.19914063
      66.09663727
  -0.001396893411
     -2.030516555
      333.6868832
      177.0240398
      97.14549035
 -8.179467288E-05
     -1.784193067
     -327.2625352
     -118.1636619
      98.06286758
  4.085986243E-05
     0.9782203289
      184.3768908
     -382.9923840
      48.45905793
    0.05000000000
     0.1000000000
     0.1500000000
     0.2000000000
     0.2500000000
   Q=    0.0000
