      0.000000000
      0.000000000
      0.000000000
      0.000000000
      0.000000000
      97.98168868
     -43.50090141
      9.879421643
    -0.5644665909
    -0.1160263053
      173.1738869
     -40.02502660
      2.939452283
      1.878350329
    -0.4400679067
     -65.24282223
     -90.92434140
      7.905862533
      5.568797887
     -1.161986467
     -222.3048578
     -319.8902141
     -22.07507433
      22.92468040
     -3.039691476
      98.89688696
     -553.7048972
     -178.8248986
      60.12002647
     -5.927622842
     -29.72598480
     -254.3271705
     -508.1069387
      115.4533302
     -9.795634897
     0.7900281270
     -64.89084054
     -781.8699564
      173.1230643
     -13.94975591
      2.292107155
      327.8216720
     -635.7667488
      219.9920975
     -16.38868840
    -0.9529634549
     -313.3560072
      259.7226437
      223.6057910
     -11.55969160
     0.2208119437
      165.3445119
      636.1082236
      141.0996235
      5.192776840
   -0.03337130620
     -53.20404176
     -474.9660936
     -105.9450942
      27.07512934
   0.003083988599
      9.129593481
     -21.96247684
     -271.5292601
      27.94438381
 -5.690751643E-05
     0.4797204563
      215.7434257
      152.1025812
      1.914607171
 -3.691971387E-05
    -0.8792410637
     -164.9054110
      435.0044797
     -9.808336474
    0.05000000000
     0.1000000000
     0.1500000000
     0.2000000000
     0.2500000000
   Q=    0.0000
