      0.000000000
      0.000000000
      0.000000000
      0.000000000
      0.000000000
      2.199255462
     -1.036575546
     0.2646347061
   -0.02624894420
 -0.0006142754252
      6.983988956
    -0.9599449384
    -0.1139843627
    0.07756010204
  -0.009465544063
      7.866833486
      1.591712588
    -0.8076442635
     0.1491062224
  -0.009584906787
     -7.052000026
      6.409859176
     -1.437140235
     0.1647156918
  -0.005337786611
      2.457827578
      8.533528342
     -1.343416162
    0.05412886827
    0.01191385619
    -0.1488368572
   -0.02571697478
    -0.4550494444
    -0.2383081393
    0.05274220811
    -0.2110181065
     -15.06504263
     -1.235461420
    -0.8078913544
     0.1318311053
    0.09778114671
      15.01199092
     -4.794876260
     -2.098539850
     0.2484126790
   -0.02470023036
     -8.311130556
     -2.063616565
     -3.916534495
     0.3177509288
   0.004196753276
      2.977172891
      1.508410167
     -3.828113427
     0.2262850364
 -0.0004748499193
    -0.6419897532
      5.511850057
    -0.5466518147
    0.02614180074
  2.466174648E-05
    0.01939860291
     -9.252446715
      3.352829681
   -0.07803198097
  3.155729545E-06
    0.04827865645
      7.676484095
     0.6840620323
    0.02824225017
 -1.051479244E-06
   -0.02351787272
     -4.267626656
     -1.457238065
    0.03073810066
    0.05000000000
     0.1000000000
     0.1500000000
     0.2000000000
     0.2500000000
   Q=    0.0000
