    -0.9669540280
    -0.4211691106
     0.7246098435
    -0.3148520902
    0.04813113074
      26.37193476
     -13.87292198
      5.234953051
     -1.188995445
     0.1191851656
      116.2889365
     -37.61038608
      10.82762409
     -2.160831278
     0.2163301401
      527.5480945
     -84.91081724
      19.49225838
     -3.825158796
     0.3833233320
     -13.28788005
     -16.74202195
      17.78342741
     -5.040242708
     0.4607338748
     -86.87478485
      94.86590686
      29.74797637
     -6.414645025
    0.03446180937
      37.68261984
      366.9963619
      63.63028123
      3.106252259
     -2.664548226
     -4.369622945
      38.07989830
      173.9250793
      47.21462774
     -10.42982812
     -1.342109232
     -321.0392456
      242.4972537
      159.6280661
     -25.93234633
     0.7191623956
      277.0992872
      187.3672334
      302.9018272
     -48.03044653
    -0.1676354632
     -125.9531201
     -169.4932684
      324.8289634
     -71.55470795
    0.02399724204
      32.91598062
     -251.8319105
      66.14652648
     -89.25673591
  -0.001888430949
     -2.503888112
      504.7015128
     -213.7758333
     -93.38843970
 -4.678386654E-05
     -2.003557964
     -436.5040841
     -107.9918445
     -69.86110102
  4.123077905E-05
      1.127827830
      243.8769417
      21.99474147
     -24.85936826
    0.05000000000
     0.1000000000
     0.1500000000
     0.2000000000
     0.2500000000
   Q=    0.0000
