      0.000000000
      0.000000000
      0.000000000
      0.000000000
      0.000000000
     -113.8545688
      57.68998701
     -17.45164276
      2.763494656
    -0.1626801707
     -492.2840611
      102.3012393
     -12.31217141
    -0.1800815817
     0.1426506585
     -984.6958324
      33.15859466
      14.23416424
     -3.021323314
     0.1130328976
      82.22544341
     -273.6963782
      48.86165489
     -2.319318658
    -0.2886737784
      102.7502408
     -652.0798658
      33.43876285
      8.755397252
     -1.281358889
     -56.43835071
     -850.4023889
     -127.7375088
      34.03832253
     -2.435861596
      6.226378018
      295.4784937
     -482.0245973
      54.22514789
     -2.061077451
      2.918910413
      423.2307485
     -630.5558942
      17.94931764
      1.169826852
     -1.471694281
     -489.2533103
     -260.4769940
     -98.72570463
      5.031328526
     0.3414024525
      244.5437855
      603.6585351
     -246.5222888
      2.589515682
   -0.04803189106
     -66.52943649
      204.5521191
     -236.0902923
     -13.83406878
   0.003458251150
      4.931483354
     -850.8811195
     -22.11493802
     -36.87730139
  0.0001889580990
      4.315959914
      812.1839563
      297.9374721
     -46.76001966
 -9.929349516E-05
     -2.406074628
     -466.1418179
      396.1604564
     -26.45243688
    0.05000000000
     0.1000000000
     0.1500000000
     0.2000000000
     0.2500000000
   Q=    0.0000
