     -4.679847393
      4.434799584
     -2.017422770
     0.4656995497
   -0.04366508848
     -15.16585779
      8.379138155
     -2.710931293
     0.4803001579
   -0.03549897076
     -56.84723444
      21.65482308
     -6.912528912
      1.322917668
    -0.1086902499
     -15.17980487
      29.38100696
     -9.694559873
      1.613166688
    -0.1080183403
      49.56987245
      56.72184231
     -15.65348189
      2.315999035
    -0.1418832705
     -21.81745896
      54.29465915
     -16.20875303
      2.162631255
   -0.08111653450
      6.325978807
     -15.47678435
     -12.34891191
     0.7940354507
     0.1168083303
     -1.075787763
      3.894152113
      3.389706268
     -4.455681336
     0.6014973593
    0.01703722266
     -18.65515255
      37.14039476
     -13.42013926
      1.255124589
    0.04718778478
      20.90973662
      5.962801785
     -20.80230545
      1.790868837
   -0.01517915460
     -12.09329653
     -45.55634901
     -20.19431660
      1.799654161
   0.002808299905
      4.413464306
      28.70094801
      4.404335540
      1.430189625
 -0.0003522340089
     -1.050929385
    -0.5736972668
      32.59899274
      2.475106767
  2.867006013E-05
     0.1337804837
     -9.718902085
     -8.158413391
      4.570861696
 -7.688148517E-07
    0.01109218185
      7.545669916
     -48.42973360
      3.222987365
    0.05000000000
     0.1000000000
     0.1500000000
     0.2000000000
     0.2500000000
   Q=    0.0000
