      0.000000000
      0.000000000
      0.000000000
      0.000000000
      0.000000000
     -7.913403409
      4.990511640
     -2.145615751
     0.5579726217
   -0.06567011950
     -20.46573826
      9.089456735
     -3.615189519
     0.9069898315
    -0.1025539451
     -9.733678387
      17.92664023
     -7.902917768
      1.923802598
    -0.2060237782
      3.354891825
      36.17566203
     -14.22503075
      3.199033311
    -0.3170721488
      2.199821787
      32.15156104
     -18.51822599
      4.138229435
    -0.3606361532
    -0.5336344053
     -28.97467989
     -16.64324119
      2.346679366
   -0.01820528418
    -0.2115326430
     -10.66413534
     -5.381067753
     -7.764600849
      1.313717849
     0.1333282974
      20.00308688
      18.33498174
     -31.57100139
      4.352034989
   -0.03533389570
     -11.36126235
     -4.236618424
     -59.61538253
      9.499710658
   0.005773166614
      3.451069507
     -33.34355018
     -58.91086072
      16.66110579
 -0.0005833674033
    -0.4369851684
      41.65866103
      5.405658685
      24.92963791
  1.215187628E-05
    -0.1702154786
     -33.69878337
      67.75601286
      31.30586187
  9.367608624E-06
     0.1438313309
      23.00167826
     -4.701886492
      28.22424118
 -2.418033094E-06
   -0.06031265143
     -13.03622431
     -72.46934072
      12.54404537
    0.05000000000
     0.1000000000
     0.1500000000
     0.2000000000
     0.2500000000
   Q=    0.0000
