     -1.742079081
     0.2682476988
     0.2507882317
    -0.1266462148
    0.01856318819
      25.39317566
     -11.46469425
      3.637228737
    -0.7068148677
    0.06509326387
      95.08460232
     -26.74910873
      6.439391385
     -1.180382807
     0.1282439787
      543.6354030
     -68.64159961
      13.28950774
     -2.795136968
     0.3284388276
     -142.0998609
      16.21934838
      12.76826516
     -5.031623458
     0.5489948394
     -11.65582244
      55.26908413
      41.00700847
     -9.339607919
     0.4097489887
      15.01818818
      247.1354120
      79.64719851
     -2.386922815
     -1.899918483
     -1.757635835
     -5.016087319
      156.1482067
      38.53305538
     -9.119238997
    -0.7983840577
     -167.4261370
      147.4548120
      145.2867392
     -24.33598004
     0.4027600333
      151.5662171
      99.06694907
      274.9373113
     -47.35653984
   -0.09264707529
     -69.07634809
     -84.20450830
      283.8403302
     -74.69767273
    0.01293341872
      17.42928998
     -162.2137569
      28.48974248
     -99.33463598
 -0.0009143468737
    -0.7699383962
      313.0549643
     -228.5808429
     -110.7038713
 -5.666986765E-05
     -1.421159131
     -273.2613373
     -60.98721711
     -88.97069251
  2.808516100E-05
     0.7375918724
      154.9773569
      126.9651532
     -35.64389277
    0.05000000000
     0.1000000000
     0.1500000000
     0.2000000000
     0.2500000000
   Q=    0.0000
