      4.633678396
     -3.797216374
      1.215520300
   -0.06625704750
   -0.02839435636
      21.62112212
     -8.783882544
     0.9653157607
     0.4332481503
    -0.1122160046
      115.2361479
     -23.13450412
     0.6245787714
      1.379936940
    -0.2869621125
      216.3939817
     -19.46187073
     -6.376297143
      3.968244711
    -0.6649139966
      65.94895164
      3.461977083
     -12.81849624
      7.914035813
     -1.445869285
     -79.38648401
      61.13695955
     -1.949069263
      16.55161003
     -3.428598378
      29.14804257
      221.5086458
      68.44445574
      41.32077168
     -7.958235649
     -3.445510712
      48.17173665
      212.0857797
      107.5612947
     -16.00550315
    -0.8394620900
     -219.4824742
      230.2141562
      226.8636839
     -25.32068332
     0.4825252355
      188.2084747
      40.28470866
      325.0897431
     -29.21798791
    -0.1160210102
     -88.14151755
     -115.0098809
      263.4775175
     -21.97185909
    0.01741011076
      24.91296705
     -96.64752843
     -3.132872831
     -7.385148812
  -0.001555356098
     -3.012179235
      266.2045390
     -223.7850187
    -0.5153009278
  1.320608906E-05
    -0.9182450545
     -254.6482062
     -42.96244853
     -6.844123449
  2.267594570E-05
     0.6629834996
      152.5361512
      158.6702054
     -7.525284822
    0.05000000000
     0.1000000000
     0.1500000000
     0.2000000000
     0.2500000000
   Q=    0.0000
