      12.29658031
     -11.58125711
      5.607596887
     -1.432688324
     0.1522694073
      45.54828852
     -26.58557776
      9.138337422
     -1.754128382
     0.1468805280
      217.3115200
     -67.63175960
      19.85072472
     -3.967344618
     0.3760790200
      45.88991467
     -64.50383193
      24.20026328
     -4.912122325
     0.4336318542
     -124.5407540
     -125.9586618
      37.41259557
     -6.565090445
     0.5750342499
      52.01577034
     -108.2640226
      24.61514445
     -5.550962688
     0.7070071953
     -14.06755843
      50.12525540
     -6.737998117
     -5.584801140
      1.196094247
      2.233905150
     -31.24322490
     -49.45311309
     -7.191931985
      2.030258677
   -0.01807160203
      47.97088592
     -84.15768945
     -13.12902869
      2.984656449
    -0.1023774371
     -46.06598084
      18.02827276
     -18.38164609
      2.724871720
    0.03282250344
      26.34422998
      81.45819499
     -5.073889153
    0.09021795184
  -0.006213860227
     -9.962052681
     -73.85849065
      8.090673958
     -3.830697930
  0.0008137422557
      2.555483312
      20.11171431
     -4.114887833
     -6.643502893
 -7.184867196E-05
    -0.3907336725
      11.15117091
      2.122544868
     -6.260055363
  2.816707926E-06
  -0.003167924899
     -14.72661436
      13.28599405
     -2.626848576
    0.05000000000
     0.1000000000
     0.1500000000
     0.2000000000
     0.2500000000
   Q=    0.0000
