      0.000000000
      0.000000000
      0.000000000
      0.000000000
      0.000000000
      8.735040133
     -3.835715042
     0.9138221543
    -0.1093155504
   0.007040050723
      24.72601186
     -3.154401793
    0.01634809267
   -0.02455108959
    0.01999416583
      30.69644101
      3.296689131
     0.1617732600
    -0.5914859011
     0.1053270675
      19.66229738
      17.60277104
      4.331108539
     -2.260635918
     0.2690977979
     -14.27526617
      46.41843682
      20.04933789
     -5.897261196
     0.5527788750
      4.872709518
      69.57432923
      55.82600746
     -11.06648993
     0.9812936384
    -0.1421214306
      2.506172890
      95.04074886
     -14.55060250
      1.820061970
    -0.3810462049
     -54.91372601
      73.29369412
     -12.33708215
      3.977993807
     0.1544723082
      50.72716846
     -20.35754887
     -4.074976448
      9.018139518
   -0.03437982625
     -24.92089774
     -58.64673568
      9.845382236
      17.91401847
   0.004907114467
      7.243603381
      14.61118413
      22.83253076
      28.48758556
 -0.0003970426876
    -0.8971475695
      47.38560112
      10.17182232
      33.43119739
 -6.083558113E-06
    -0.2572265464
     -57.22558646
     -25.76848656
      25.36180566
  7.784356642E-06
     0.1865251865
      35.84157866
     -30.24958530
      9.253074942
    0.05000000000
     0.1000000000
     0.1500000000
     0.2000000000
     0.2500000000
   Q=    0.0000
