      0.000000000
      0.000000000
      0.000000000
      0.000000000
      0.000000000
      198.0758184
     -108.8980094
      38.26144543
     -7.770304031
     0.6943259798
      729.1794609
     -191.9483072
      41.90573352
     -5.760984205
     0.3552212546
      974.4713851
     -163.0677612
      33.05671205
     -4.860062272
     0.3179223242
     -315.9897611
     -38.75342138
      7.560566083
      1.629452912
    -0.5978163032
     -4.098664673
      249.2892686
     -81.75203636
      24.54761464
     -3.496444214
      27.83175222
      564.7966560
     -195.1583435
      76.97239834
     -10.93241748
     -5.157210297
     -318.4017386
     -217.5346694
      197.6772635
     -27.75709811
    -0.9120542893
     -141.2300757
      5.977704327
      413.8167493
     -56.77134554
     0.6208335556
      209.8314069
      518.1021153
      652.2840055
     -94.13681053
    -0.1436013128
     -95.72694500
      20.74425092
      618.5613256
     -127.0601847
    0.01832495752
      18.96879399
     -653.5233249
      9.978696904
     -146.8210169
 -0.0007660790162
      3.016394847
      826.7626371
     -524.7467660
     -153.1561520
 -0.0002301506287
     -3.837678215
     -623.1570523
     -66.82231381
     -124.0651739
  6.624664502E-05
      1.642839608
      331.7318193
      315.6946747
     -50.39128654
    0.05000000000
     0.1000000000
     0.1500000000
     0.2000000000
     0.2500000000
   Q=    0.0000
