      0.000000000
      0.000000000
      0.000000000
      0.000000000
      0.000000000
      18.44069406
     -8.690957447
      2.221925941
    -0.2223868576
  -0.004629037870
      60.03846342
     -8.388914777
    -0.8864829248
     0.6346943782
   -0.07667122876
      78.25057550
      12.71228763
     -6.721524892
      1.197556500
   -0.06850680111
     -43.31622231
      57.24009993
     -11.87695841
      1.081171945
 -1.153504536E-05
      11.16570742
      85.74958246
     -8.241791904
    -0.6856574159
     0.2064001324
      1.170430842
      26.81979088
      9.587967573
     -4.589497503
     0.5891167345
     -1.555604193
     -104.1526111
      22.19815349
     -10.00720191
      1.146139728
     0.5078665227
      79.14086916
      1.708819098
     -17.48737543
      1.763795239
    -0.1002464921
     -34.03209510
     -12.65092346
     -24.56841276
      1.860012399
    0.01323998036
      9.119525610
     -20.98595420
     -18.26176375
     0.8538724490
  -0.001050354797
     -1.185431661
      41.95098540
      4.804689950
    -0.5925881942
 -3.305137225E-06
    -0.2210120263
     -37.66311874
      24.58724350
    -0.8580417758
  1.708069777E-05
     0.1907700752
      23.58015461
     -6.833311994
     0.5292293261
 -3.382449647E-06
   -0.06914762014
     -11.50418139
     -24.31894592
     0.5951048511
    0.05000000000
     0.1000000000
     0.1500000000
     0.2000000000
     0.2500000000
   Q=    0.0000
