      0.000000000
      0.000000000
      0.000000000
      0.000000000
      0.000000000
      41.32359629
     -21.40915158
      6.802569031
     -1.152689908
    0.07130555756
      100.7278464
     -17.46442390
    -0.5779533271
      1.258725595
    -0.2189265182
      301.5714106
      4.263570589
     -15.59971007
      5.019650844
    -0.6156526773
     -133.8966144
      137.4432943
     -60.49578619
      15.19453730
     -1.659114076
      29.83073003
      151.5327286
     -126.1099971
      33.63391813
     -3.573291299
     -1.481174979
     -98.05488896
     -236.1844308
      66.51682155
     -7.153782721
     -1.473692274
     -78.92400364
     -303.8219720
      107.4115159
     -13.48068913
     0.4812265163
      60.24561389
     -56.64784126
      146.6534729
     -25.62849765
   -0.09266790925
     -25.43493981
      255.5608029
      169.7878154
     -47.75857382
    0.01588226712
      12.25317002
     -7.537385192
      102.3059605
     -81.87354690
  -0.002633200675
     -5.695583459
     -149.6307961
     -63.20018569
     -121.4614943
  0.0004002808044
      2.144375183
      139.0543387
     -88.92476507
     -138.8872824
 -5.338028379E-05
    -0.6494115203
     -79.22240540
      35.42408083
     -101.2617554
  6.104718181E-06
     0.1604921584
      33.44117847
      16.08843457
     -33.43306745
    0.05000000000
     0.1000000000
     0.1500000000
     0.2000000000
     0.2500000000
   Q=    0.0000
