      43.65236532
     -38.54214669
      18.29570708
     -4.725861409
     0.5194789561
      118.6714209
     -79.34963321
      30.25677820
     -6.545238939
     0.6318596701
      664.3119856
     -228.1726025
      75.83392149
     -16.72847798
      1.695785773
     -660.7776261
     -229.4852655
      116.3473507
     -26.13323955
      2.453735832
     -682.0311245
     -748.5177810
      232.2715910
     -42.04995268
      3.651344802
      455.0408509
     -970.2128759
      227.8891365
     -44.25651925
      4.693157021
     -154.0913524
     -419.5775589
      51.70535555
     -42.21487588
      7.326755736
      23.38663548
     -60.81708318
     -430.3154682
     -38.04818473
      13.04859459
      1.731787763
      753.2338779
     -956.3642546
     -81.76993458
      25.10534182
     -1.815840947
     -737.7659467
     -315.3029910
     -189.8347051
      42.26249327
     0.4886138305
      376.8120561
      917.4312706
     -244.8912699
      59.40859526
   -0.07970046177
     -117.7551087
     -39.63633857
     -196.5181947
      67.66556957
   0.008257323447
      19.77453271
     -774.6075807
     -94.93466107
      50.69528522
 -0.0003577505699
      1.122806780
      829.3263280
      312.5540328
      7.642781343
 -5.340722406E-05
     -1.943129037
     -498.4439052
      582.3659612
     -13.98127445
    0.05000000000
     0.1000000000
     0.1500000000
     0.2000000000
     0.2500000000
   Q=    0.0000
