      0.000000000
      0.000000000
      0.000000000
      0.000000000
      0.000000000
      55.02944534
     -25.20846253
      5.947235518
    -0.3770111733
   -0.06164772603
      150.5359185
     -12.63438891
     -7.812939744
      3.289500471
    -0.3979982610
      242.8634407
      66.57143309
     -33.35569124
      6.728856948
    -0.5179961250
      25.05018587
      267.0972310
     -65.90406741
      8.249305378
    -0.3245805120
     -38.33608592
      457.2465781
     -52.99616238
     -1.830944765
      1.060329162
      20.76111704
      200.9241877
      80.53693886
     -35.31278300
      4.724047238
     -3.206930939
     -144.4164740
      289.0153034
     -100.0475037
      12.19923643
    -0.6741759320
     -92.05958248
      389.5959589
     -191.0427744
      24.80628151
     0.4631340261
      154.3538807
     -6.533274550
     -245.8524083
      42.01369075
    -0.1195501500
     -89.79167290
     -433.9214605
     -160.3962280
      62.59475887
    0.01843442905
      28.48278761
      208.7312185
      124.8988459
      84.86521683
  -0.001612085398
     -4.078157281
      112.8039586
      297.7445016
      104.1823550
 -1.369259266E-06
    -0.7479632641
     -187.8133155
     -145.5518253
      97.65167606
  2.635357604E-05
     0.6354496187
      118.4077299
     -448.8597188
      45.94132096
    0.05000000000
     0.1000000000
     0.1500000000
     0.2000000000
     0.2500000000
   Q=    0.0000
