      7.220913129
     -6.821486567
      3.328745104
    -0.8610758759
    0.09308070369
      26.31601215
     -15.60219209
      5.484542365
     -1.085843230
    0.09447552917
      124.1819570
     -39.86804805
      12.11832324
     -2.488481885
     0.2398575556
      9.295372052
     -39.54871356
      15.50767982
     -3.179346497
     0.2784470486
     -80.50360762
     -83.34927173
      24.50484758
     -4.139421447
     0.3340537505
      37.53922712
     -78.83911694
      16.34219197
     -2.845851670
     0.2903390568
     -10.93018293
      12.98128843
     -5.809233613
    -0.7782035684
     0.2749255662
      1.729725397
     -14.55430933
     -39.00702580
      2.310065460
     0.2102123298
    0.02241528413
      40.49654298
     -61.87366294
      2.611466510
    0.01658827408
   -0.09324570928
     -40.00856485
      7.328136048
     -2.122380201
     -1.003972084
    0.02799537890
      22.00263641
      57.11819754
     -5.641444799
     -3.530864829
  -0.005018110728
     -7.771406138
     -35.03458079
     -8.867483568
     -6.928829765
  0.0006072739930
      1.752432310
     -9.567757430
     -7.387866268
     -8.981454585
 -4.505483610E-05
    -0.1714947528
      25.58411780
      13.80918283
     -7.304045670
  2.178370047E-07
   -0.04661847127
     -19.13644717
      20.32426234
     -2.781783399
    0.05000000000
     0.1000000000
     0.1500000000
     0.2000000000
     0.2500000000
   Q=    0.0000
