      8.160486677
     -7.489336824
      3.581588089
    -0.9130785757
    0.09788259733
      22.50647718
     -13.97352238
      5.007801620
     -1.017551126
    0.09342273723
      101.9881444
     -35.08103048
      11.72462636
     -2.614632500
     0.2685912917
     -126.4317817
     -28.53334743
      15.85567719
     -3.561952150
     0.3231594831
     -68.13972353
     -104.3788232
      30.72390682
     -5.016618800
     0.3547626041
      53.19185159
     -130.4512265
      25.34002241
     -2.437275817
   -0.02306716430
     -19.36275692
     -77.53963932
     0.2265439173
      5.637963423
     -1.194808500
      3.168094889
      22.04194785
     -57.73015746
      24.84524322
     -4.257896068
     0.1494179466
      78.80657740
     -96.61037727
      48.46597774
     -10.61215784
    -0.2148068962
     -86.13812842
     -31.16458476
      53.61010200
     -22.46262457
    0.05916609547
      44.94361110
      93.84233895
      7.805181153
     -41.03432331
  -0.009644683626
     -13.91357728
      19.95676708
     -66.21991517
     -62.51748085
  0.0009798448419
      2.191326538
     -115.2312531
     -63.51230450
     -72.88950721
 -3.788979081E-05
     0.2116726317
      110.7944193
      64.37359800
     -57.03036924
 -7.240544117E-06
    -0.2522937454
     -62.62754181
      123.3508959
     -22.30505890
    0.05000000000
     0.1000000000
     0.1500000000
     0.2000000000
     0.2500000000
   Q=    0.0000
