     -13.47259357
      9.319958833
     -3.737397735
     0.8893513528
   -0.09606707299
      19.47734849
    -0.5572990776
     -2.142214980
     0.8304524202
    -0.1043761840
      16.55837293
      17.05438339
     -12.47395774
      3.372583612
    -0.3400309544
      1253.885882
     -34.61761696
     -20.02985900
      5.030160641
    -0.4101499036
     -559.2916296
      295.2141855
     -65.38584619
      8.679930548
    -0.5561678509
      129.3582705
      230.4875800
     -39.69609829
      5.642470376
    -0.5166505424
     -12.24581322
      161.4762602
     -28.57803294
      8.259260444
     -1.072755272
    -0.2118981503
     -189.9468543
      65.15052727
      10.17973090
     -2.032805500
   -0.07248246688
      35.28277814
      137.3881997
      35.43894870
     -4.342295344
     0.1235635906
      36.67088111
      147.5235404
      79.92671853
     -6.194217413
   -0.03472080332
     -24.66106262
     -157.7790634
      120.0765622
     -6.064098959
   0.004471604368
      5.027204622
     -83.77350257
      68.95243240
     -2.772395248
 -3.432930858E-05
      1.485368258
      232.8001938
     -24.98071447
    -0.1727186805
 -0.0001081295061
     -1.482410372
     -203.0882033
     -92.64105997
      1.866904849
  2.568126743E-05
     0.5991085090
      108.3565013
     -93.78981553
      1.810396123
    0.05000000000
     0.1000000000
     0.1500000000
     0.2000000000
     0.2500000000
   Q=    0.0000
