      5.675718357
     -5.156018594
      2.496045672
    -0.6534092903
    0.07237588166
      20.26575302
     -12.73156431
      4.714126459
    -0.9928590014
    0.09308654290
      116.6066823
     -37.15128886
      11.32427194
     -2.365409934
     0.2355888138
      32.50418749
     -41.93709045
      16.60762696
     -3.656220472
     0.3549026437
     -80.16996397
     -87.79885397
      30.12907481
     -6.001833543
     0.5558325553
      33.38943791
     -87.07349610
      32.93947123
     -7.345035844
     0.7427720976
     -9.296617125
      39.90068744
      24.06869366
     -7.931619761
     0.9691370975
      1.593428149
     -11.63244791
     -4.229704339
     -4.016472204
      1.164098317
   -0.04494182930
      26.01872027
     -62.16082277
      6.049514822
      1.736327388
   -0.06300336514
     -29.03283979
     -7.585746245
      18.60469243
      3.434340125
    0.02135261627
      17.34715169
      76.45938306
      29.16012865
      7.009082346
  -0.004105798583
     -6.638142106
     -59.10148473
      5.231526907
      11.45323523
  0.0005425550475
      1.717745843
      16.69116075
     -42.66123922
      11.29645971
 -4.898652561E-05
    -0.2758131861
      4.708362319
      4.010255508
      4.145227242
  2.225566942E-06
   0.007494880406
     -7.119946242
      63.90886687
    -0.8998881334
    0.05000000000
     0.1000000000
     0.1500000000
     0.2000000000
     0.2500000000
   Q=    0.0000
