     -5.345594300
      4.085969993
     -1.153058237
    0.02191935315
    0.03310577053
     -6.250803710
      2.455582131
     0.1594186002
    -0.4289457945
    0.09856348475
     -11.81198860
      15.72397517
     -3.735148587
    -0.5799069989
     0.2447301684
      148.3561294
      53.45550847
     -6.185853725
     -2.984703629
     0.6264170097
      278.2424254
      216.5754301
     -5.667491340
     -8.015075113
      1.106766478
     -178.5573166
      415.7387317
      40.11568775
     -17.74919601
      1.523471787
      62.47594533
      283.5267937
      147.0642488
     -24.54578114
      1.094484985
     -10.28920336
     -88.49972308
      268.6840823
     -18.06002357
    -0.6958131076
    -0.3071964295
     -221.4765690
      302.0191152
      10.84175046
     -4.156625936
     0.6261976152
      253.3623078
      34.99048881
      54.60485051
     -8.358981907
    -0.1782470367
     -136.5323704
     -295.0855165
      75.65483938
     -11.01808949
    0.03005641495
      44.57867140
      38.48348062
      74.72151554
     -8.604416597
  -0.003254370500
     -8.166106859
      244.8905363
      50.58562804
      3.207324044
  0.0001677782764
   -0.08734692227
     -278.3121108
     -115.8230956
      17.41027774
  1.526447293E-05
     0.6306501672
      171.5182923
     -223.1269664
      13.91493468
    0.05000000000
     0.1000000000
     0.1500000000
     0.2000000000
     0.2500000000
   Q=    0.0000
