      0.000000000
      0.000000000
      0.000000000
      0.000000000
      0.000000000
     -16.21934216
      9.699897597
     -3.884601547
     0.9315076807
    -0.1006774631
     -40.27875288
      14.34117304
     -4.690095383
      1.015297810
    -0.1023868696
     -39.43507650
      20.75752434
     -7.733915089
      1.732001026
    -0.1757601561
      31.35888337
      26.51802921
     -9.085693361
      1.863301202
    -0.1851921520
     -7.573507731
      19.65151632
     -2.868092526
     0.6507181873
    -0.1125707103
     0.9555293196
     -7.334692684
      19.73957224
     -3.947897715
     0.2023087975
     0.1985046315
      20.30355111
      54.15752934
     -14.42498438
     0.9396986635
    -0.1424466734
     -20.07198270
      55.62622990
     -32.63032527
      2.244278077
    0.04626754280
      15.23166582
     -33.70787699
     -53.57727796
      3.981351227
   -0.01035287167
     -8.319261092
     -53.94170569
     -51.54098915
      6.010380532
   0.001640262652
      3.028535727
      60.78495055
      7.889495246
      9.320274787
 -0.0001793088592
    -0.7288125286
     -29.39585394
      59.58570490
      14.62799931
  1.140630669E-05
     0.1036310165
      8.569971266
     -10.50132939
      16.20221596
  1.547944119E-07
 -0.0008918513264
     -1.753700794
     -65.45252910
      8.091117102
    0.05000000000
     0.1000000000
     0.1500000000
     0.2000000000
     0.2500000000
   Q=    0.0000
