      24.40118218
     -23.49493380
      11.58576032
     -3.016842455
     0.3277754732
      97.64358357
     -56.82521408
      19.87839327
     -3.946051925
     0.3477139659
      450.2653551
     -143.0988665
      43.15690434
     -8.951647795
     0.8915161710
      219.5617308
     -147.5739571
      55.32129927
     -12.16246626
      1.205030098
     -148.9340584
     -225.8623288
      83.80277132
     -18.48636883
      1.918430989
      23.81606542
     -83.30020624
      76.76311466
     -23.82322166
      2.951580174
     0.6709221637
      292.8426786
      62.55942935
     -33.32002049
      4.836146203
     0.2445864714
     -84.23966920
      34.12058323
     -37.99209369
      7.401333754
    -0.4455608950
     -46.87246168
     -41.78496898
     -25.63474239
      10.66690819
     0.1527216226
      48.72785860
      75.49632732
      20.17239650
      13.87917780
   -0.02696000700
     -17.29464371
      59.68616068
      96.27925978
      16.56796721
   0.002132371999
     0.8905934080
     -211.9556807
      82.49012883
      17.76589749
  0.0002231162306
      2.159704518
      239.5991053
     -49.14000438
      12.86277837
 -0.0001057134635
     -1.292654275
     -165.7619712
     -68.73119356
      3.351405524
  1.989706445E-05
     0.4476245453
      79.48196030
     -15.22405498
    -0.4568286259
    0.05000000000
     0.1000000000
     0.1500000000
     0.2000000000
     0.2500000000
   Q=    0.0000
