     -38.63353161
      34.13906394
     -15.60880640
      3.724674134
    -0.3600347946
     -148.5731544
      85.23746918
     -27.40826326
      4.650010518
    -0.3185903938
     -843.1230047
      230.6328711
     -57.15901238
      9.690424804
    -0.8063720297
     -371.7114617
      184.2367610
     -61.39171228
      12.22886330
     -1.084312036
      157.5220552
      286.9354126
     -107.4876674
      22.26479038
     -2.028559965
      14.35938803
     -7.524923894
     -127.7490391
      37.19443052
     -3.697414356
     -22.80870285
     -682.6296599
     -216.6569255
      74.61434049
     -7.014944164
      4.527136969
      324.4309197
     -281.7247061
      126.2888420
     -11.23451923
     0.2203324183
      28.29590206
      23.21159446
      180.7561770
     -15.63679326
    -0.3068300353
     -100.7453044
      38.87506474
      179.7019104
     -19.09007275
    0.07837385292
      52.55446946
     -115.8517687
     -30.59754237
     -28.91257409
   -0.01084157243
     -12.25910157
      325.2813123
     -265.2546379
     -61.12118089
  0.0006286625430
    -0.6829715543
     -406.0670084
     -69.53136690
     -98.76687161
  8.604304607E-05
      1.701207816
      299.2558141
      229.3564213
     -88.78570291
 -2.928330377E-05
    -0.7423536870
     -148.2011357
      159.6804308
     -34.34167580
    0.05000000000
     0.1000000000
     0.1500000000
     0.2000000000
     0.2500000000
   Q=    0.0000
