      0.000000000
      0.000000000
      0.000000000
      0.000000000
      0.000000000
     -127.4313468
      61.61341503
     -16.81655265
      2.081861895
   -0.04250208032
     -473.7792630
      79.61873395
    -0.7957882201
     -3.004955202
     0.4074685800
     -870.5518262
     -41.56554944
      37.76090677
     -6.733873268
     0.3097085686
      47.23572882
     -417.4562843
      77.73763230
     -4.087663090
    -0.4715160572
      95.74150461
     -815.5573741
      28.82560453
      17.31528545
     -2.598075588
     -54.60113396
     -751.1027661
     -227.0209984
      64.21480542
     -5.861728210
      7.185350358
      344.5787235
     -643.1890991
      116.3529136
     -8.664247750
      2.308738510
      326.3448187
     -731.3529884
      123.3838032
     -8.762775883
     -1.314018266
     -435.3029672
     -101.1670815
      42.01382611
     -4.877798649
     0.3188788344
      231.6231262
      723.8090611
     -119.0366909
    0.06077958638
   -0.04677583063
     -67.58056654
     -68.10519504
     -235.7162349
     -2.900664128
   0.003704548809
      7.172082220
     -610.1444517
     -141.2241947
     -19.08779697
  0.0001034858691
      3.232195813
      667.0051698
      300.9395631
     -35.43213035
 -8.436181353E-05
     -2.057575744
     -399.5889421
      475.9878509
     -23.11961138
    0.05000000000
     0.1000000000
     0.1500000000
     0.2000000000
     0.2500000000
   Q=    0.0000
