     0.1302974077
    -0.1891698025
    0.08657425976
   -0.01404685860
  8.316203996E-05
      1.962178640
    -0.6922418734
    0.08121938321
    0.02089213000
  -0.005081244204
      4.767661613
    -0.3882378753
    -0.2462933222
    0.09280819109
  -0.009419981304
      21.93910759
      1.164213646
    -0.9968289809
     0.1832906077
  -0.009748947556
     -2.339005436
      11.60050981
     -2.219298275
     0.1391796136
   0.009401544378
     -2.013847156
      18.70042268
    -0.4839655431
    -0.4225496722
    0.05907984654
      1.400986198
      11.35338566
      5.234644056
     -1.332104418
     0.1155453037
    -0.3412424046
     -11.93716188
      12.38266695
     -2.153231619
     0.1550938289
    0.02331523174
     0.8630077454
      10.63798631
     -1.955581153
     0.1292530689
    0.01032981291
      4.113311984
     -2.160739521
    -0.5261271083
    0.01782010717
  -0.003992757369
     -3.065983083
     -11.20385178
      1.714225315
    -0.1730099335
  0.0007599623619
      1.168242394
      7.033610128
      3.330859289
    -0.3218037484
 -9.073887876E-05
    -0.2538170551
      2.036153179
      2.165809556
    -0.2499474974
  5.819462859E-06
    0.01420270992
     -5.155025449
     -4.601504426
    0.01470381788
  2.057397232E-07
    0.01218323387
      3.685304566
     -5.797133645
    0.06387126379
    0.05000000000
     0.1000000000
     0.1500000000
     0.2000000000
     0.2500000000
   Q=    0.0000
