      0.000000000
      0.000000000
      0.000000000
      0.000000000
      0.000000000
     -42.61862779
      24.56797514
     -9.311042918
      2.096622620
    -0.2125314772
     -70.70379381
      29.24654161
     -10.72990756
      2.458870955
    -0.2511709371
      89.57675058
      48.57422741
     -24.18671313
      5.639466282
    -0.5529765932
     -51.05617782
      118.5063499
     -45.58330001
      9.814600959
    -0.9000607561
      22.26892780
      47.68912250
     -69.78800190
      17.26047734
     -1.485540252
     -5.740318172
     -162.7849819
     -124.7683913
      29.04842092
     -1.969795237
   -0.06620644030
      7.828938619
     -171.1576173
      38.45731537
     -1.593940060
     0.4416496080
      57.22816733
     -55.39237490
      41.31759243
     0.6576080320
    -0.1574295108
     -49.35451299
      86.53912292
      41.05399542
      6.068336734
    0.03358698820
      24.02891080
      23.74017658
      15.90510776
      14.17389334
  -0.004813034797
     -7.334769647
     -26.85282868
     -31.89375681
      19.05488062
  0.0004227111212
      1.172496860
     -19.54878911
     -24.48437865
      14.87981438
 -4.882175663E-06
     0.1015147597
      35.68659559
      32.65354438
      5.962101484
 -5.580890198E-06
    -0.1308446496
     -24.73650616
      34.84026022
     0.7899769264
    0.05000000000
     0.1000000000
     0.1500000000
     0.2000000000
     0.2500000000
   Q=    0.0000
