    -0.9979828944
      1.325942134
    -0.7080891613
     0.1805789842
   -0.01780944660
     -4.549074886
      2.172761084
    -0.7219073894
     0.1211957083
  -0.004348239112
      7.437200029
      2.607784130
     -1.689539704
     0.3052035844
  -0.005860616492
     -6.088279720
      11.44156693
     -2.470917410
    -0.1686292165
     0.1057022250
      8.605463276
      17.13924245
     0.2782427061
     -1.882939666
     0.3945070694
     -3.383387056
      19.60204108
      6.916162035
     -6.283909124
      1.164876484
      1.491819750
      14.61014897
      15.48059908
     -16.23778983
      3.030043490
    -0.4590561353
     -24.50871097
      14.25947913
     -34.06152766
      7.131609886
    0.09159142086
      14.10003304
     -12.39901428
     -55.53284131
      15.38255537
   -0.01162139461
     -4.877279210
     -20.92766726
     -61.27322963
      30.17769340
  0.0005085841856
     0.7390358974
      11.79404792
     -23.93530914
      52.11110742
  0.0001417858425
     0.1500578830
    -0.5743226973
      34.94275771
      74.55992256
 -4.258641050E-05
    -0.1405743070
     -3.107369021
      33.63598951
      80.31238172
  7.379533029E-06
    0.06021245991
      4.109437473
     -19.61273521
      56.10300465
 -1.020645100E-06
   -0.02014204009
     -3.292399733
     -22.48240163
      18.65641186
    0.05000000000
     0.1000000000
     0.1500000000
     0.2000000000
     0.2500000000
   Q=    0.0000
