      0.000000000
      0.000000000
      0.000000000
      0.000000000
      0.000000000
     -17.90187261
      12.64569379
     -6.038476081
      1.682027134
    -0.2029939331
     -99.33508967
      41.18897172
     -15.02146923
      3.368346826
    -0.3286966688
     -35.50636134
      71.28630565
     -27.31843889
      5.477489885
    -0.4633922393
      70.11528616
      168.0511175
     -45.56349556
      6.842997765
    -0.4478045110
     -18.03960844
      177.4192796
     -26.14512688
      1.528852555
    0.06632517182
      3.918937958
     -57.39999190
      44.88478142
     -12.78644360
      1.261748631
   -0.03594764629
      36.46536773
      144.7505552
     -43.56993405
      3.616595210
    -0.3382906973
     -49.32845464
      199.1182548
     -91.70285758
      6.500292199
     0.1487629161
      50.22978901
     -64.62966244
     -136.1676826
      8.010557472
   -0.03721516683
     -29.97912962
     -217.7877936
     -128.3265785
      6.107455278
   0.006116483128
      10.96166528
      205.3821761
      17.79665363
      3.342269513
 -0.0006568314870
     -2.462868596
     -78.99235313
      163.5873092
      9.169167226
  3.458868646E-05
     0.2396553464
      7.755921946
     -32.53205380
      19.46189718
  2.583551431E-06
    0.05525135243
      7.144529574
     -200.3492262
      13.25990555
    0.05000000000
     0.1000000000
     0.1500000000
     0.2000000000
     0.2500000000
   Q=    0.0000
