  -0.004787514417
   0.004909818082
  -0.002614823526
  0.0007515783058
 -9.211242349E-05
   -0.01933979311
    0.01303522253
  -0.005630186078
   0.001391763201
 -0.0001443454758
   -0.07657919136
    0.04105004032
   -0.01664936340
   0.003691204070
 -0.0003197986271
    0.06736879873
    0.09930840499
   -0.03584953911
   0.005466996587
 -0.0002334357877
     0.8159781796
     0.3162557488
   -0.06176929547
   0.002970328395
  0.0003644012677
    -0.4748027548
     0.7819608126
   -0.02127182112
   -0.01405844095
   0.001661120765
     0.1549948121
     0.6920513169
     0.2253397710
   -0.04524288517
   0.002493981585
   -0.02359766052
   -0.07756234581
     0.6013528895
   -0.05680850065
  0.0004529844552
  -0.001310351374
    -0.6445058803
     0.7427327325
   0.001938621428
  -0.006128574239
   0.001626796659
     0.6571778288
     0.1043155691
     0.1499554042
   -0.01559754788
 -0.0004439087611
    -0.3399841385
    -0.6610775661
     0.2729938974
   -0.02113066314
  7.319249621E-05
     0.1079893163
   0.002128132278
     0.2283163272
   -0.01666752069
 -7.740956929E-06
   -0.01895007978
     0.6691762196
   0.007886478066
  -0.001044575292
  3.700790320E-07
 -0.0005983472462
    -0.7201275305
    -0.3023510749
    0.01566195606
  4.236057270E-08
   0.001645200910
     0.4378693479
    -0.3812685779
    0.01419858850
    0.05000000000
     0.1000000000
     0.1500000000
     0.2000000000
     0.2500000000
   Q=    0.0000
