      3.737601983
     -5.410442970
      3.331692026
     -1.054722986
     0.1392008157
    -0.7469366821
     -4.526506724
      4.915606863
     -1.835639892
     0.2393945849
     -97.63397055
     -22.40050137
      21.80244625
     -6.326062464
     0.6739928013
      31.27702043
     -116.3539461
      52.02242771
     -11.49451937
     0.9800500099
      14.46710720
     -171.8414001
      94.57255273
     -19.15215040
      1.181963488
     -20.11461374
     -100.3276310
      168.9228685
     -22.57369012
    -0.1479359472
      5.436027640
      141.3083456
      244.1947035
      3.393085749
     -5.161031642
     0.4334904685
      69.52799348
      205.2963500
      94.09019307
     -15.51708597
    -0.5155254344
     -98.31809678
     -24.36187530
      250.1658899
     -29.88176529
     0.1531234421
      56.50290460
     -58.35573783
      373.8334083
     -43.22571301
   -0.02800325586
     -20.04900288
      114.8551273
      293.3773463
     -51.36209155
   0.003402575198
      4.311984645
     -111.1519345
     -77.41647581
     -58.04823319
 -0.0001960469573
  -0.006636201702
      102.2738038
     -341.3346737
     -71.27672850
 -2.583221642E-05
    -0.4832442327
     -86.64532685
      55.80711885
     -73.56227175
  9.739321588E-06
     0.2538277236
      57.00654156
      369.3269304
     -37.21666523
    0.05000000000
     0.1000000000
     0.1500000000
     0.2000000000
     0.2500000000
   Q=    0.0000
