     -9.075447509
      13.44849880
     -7.880636740
      2.237116636
    -0.2547849329
     -132.4577572
      66.38367016
     -21.75703153
      4.092228204
    -0.3304371110
     -494.3175989
      151.6798780
     -40.45423205
      7.156799449
    -0.6006271293
     -1558.588000
      272.5467956
     -57.41951950
      8.525406824
    -0.5666391714
      796.1098307
      112.2177037
     -35.15246158
      3.991561014
    0.02206386835
     -180.7134360
      83.72464324
     -3.114189789
     -7.733725985
      1.696005752
      22.34883061
     -466.0205018
      99.72820387
     -41.32001246
      6.056763175
     -3.658755951
      131.7955081
      56.32455601
     -100.3375362
      14.17617379
      1.359707616
      127.1026449
     -92.70136424
     -206.1276328
      26.23254804
    -0.3979382283
     -129.1869239
     -407.4785522
     -308.5513100
      36.46411601
    0.06706389391
      45.80681463
      91.33433038
     -310.3273924
      37.13185121
  -0.004395275562
     -1.209521925
      461.8606490
     -63.37365711
      23.99486968
 -0.0008945941862
     -6.767168121
     -641.5522536
      164.8375349
      7.935734321
  0.0003390859736
      3.943526351
      473.4914744
      104.2464624
     -4.595519489
 -6.175745834E-05
     -1.364009642
     -234.8753549
      78.25817191
     -7.460018055
    0.05000000000
     0.1000000000
     0.1500000000
     0.2000000000
     0.2500000000
   Q=    0.0000
