     -27.82600915
      24.11549452
     -10.84520823
      2.548082013
    -0.2428637197
     -91.66023018
      53.17798086
     -16.83096192
      2.789808101
    -0.1913263574
     -537.0639025
      142.8303093
     -35.14171673
      6.215879598
    -0.5737925544
     -43.25612568
      80.31169425
     -34.06211723
      8.352011009
    -0.9289862823
      70.38796714
      154.4595737
     -71.74293593
      18.77390405
     -2.209583172
     -7.530081677
     -31.40172584
     -99.49040562
      37.83385020
     -5.039374487
     -7.093965584
     -360.0634622
     -177.8734676
      83.67164222
     -11.69022799
      2.726163715
      274.9578168
     -185.7712319
      156.2826994
     -24.76314264
    -0.4968656816
     -112.9800646
      102.9825922
      248.0485034
     -48.72096264
    0.05009573910
      30.74708407
      141.5003157
      283.1871871
     -87.13990303
  -0.001142802641
     -5.295315217
     -141.4101803
      93.88582641
     -142.4628519
 -0.0003263341266
     0.9508776058
      104.0147946
     -200.9814969
     -206.2041634
  6.260453387E-06
    -0.4785749726
     -74.59314072
     -135.9246314
     -232.7487171
  1.204347291E-05
     0.2247802059
      38.34811506
      139.2372719
     -168.5819269
 -2.697659759E-06
   -0.06502930188
     -11.18137778
      104.5311213
     -56.42936889
    0.05000000000
     0.1000000000
     0.1500000000
     0.2000000000
     0.2500000000
   Q=    0.0000
