      14.37828619
     -13.07211887
      6.591377494
     -1.850747733
     0.2235450184
      26.83571161
     -22.61581390
      10.39829284
     -2.626938392
     0.2784277597
      128.7964126
     -66.51366833
      28.10513588
     -6.690228094
     0.6543322003
     -535.8806093
     -81.74268111
      45.33714032
     -8.571809275
     0.5492872000
     -187.4596767
     -361.9248960
      76.74184776
     -6.041483724
    -0.2143137679
      180.4763312
     -516.6187654
      9.291408224
      15.90093606
     -2.521724939
     -71.39134697
     -390.6784601
     -170.3369239
      55.29439766
     -6.280257792
      12.34834001
      158.3379630
     -410.9757208
      101.8197696
     -11.36045814
     0.3509859529
      246.8223762
     -378.5877328
      104.9570199
     -16.22714749
    -0.7645252781
     -303.9814189
      8.539440144
      17.34818823
     -20.52846096
     0.2183907120
      165.6334038
      311.3046971
     -152.7364900
     -24.89218872
   -0.03652931851
     -53.37069905
      15.99861105
     -217.9026813
     -29.99053922
   0.003837702779
      9.100107759
     -368.7364592
     -7.335492677
     -28.54023351
 -0.0001676822731
     0.5368183339
      391.4032331
      231.7404370
     -15.48078384
 -2.512374074E-05
    -0.9155184479
     -235.6131620
      179.2406067
     -2.894683411
    0.05000000000
     0.1000000000
     0.1500000000
     0.2000000000
     0.2500000000
   Q=    0.0000
