     -1.099097955
     0.9704088444
    -0.3730632126
    0.06125643800
  -0.002529554866
     -4.409775168
      1.807279307
    -0.3030329549
   -0.01074511147
   0.006460060024
     -17.35046721
      3.533150158
    -0.4027006164
   -0.02048073190
   0.008278198491
     -15.33016353
     0.8459143118
     0.5419828039
    -0.2171484509
    0.02547828318
      8.908247446
    -0.2530810901
      1.278881346
    -0.3808402874
    0.03432545774
     -2.106422371
     0.1814594200
      3.092530118
    -0.6478473099
    0.04102404620
     0.2587452250
     -4.273156220
      4.586014114
    -0.6314267354
    0.02016586915
   -0.03828320354
      1.567963571
      1.985106547
    -0.3373889590
   -0.01270561913
    0.01567759753
      1.485671720
     -3.261535094
    -0.3843033576
   -0.06258661369
  -0.005035724820
     -1.674323721
     -5.089169536
     -1.264975757
    -0.1780337810
  0.0009229362363
     0.6627261607
      2.943857464
     -2.377999861
    -0.4266644017
 -7.722003512E-05
   -0.06270728914
      4.154028206
     -1.855323868
    -0.7752245118
 -7.397573162E-06
   -0.06789835168
     -7.130308432
     0.1419733094
    -0.9885066462
  3.730394660E-06
    0.04449751862
      5.474532440
      2.138352880
    -0.8374838057
 -7.124496682E-07
   -0.01579332535
     -2.708888598
      2.726942415
    -0.3664153594
    0.05000000000
     0.1000000000
     0.1500000000
     0.2000000000
     0.2500000000
   Q=    0.0000
