     -18.98851165
      17.05316519
     -7.939613857
      1.945510954
    -0.1963462789
     -66.86021072
      38.97378096
     -12.86418756
      2.301238986
    -0.1757733841
     -366.5670269
      103.7136158
     -27.44363379
      5.105505294
    -0.4734715637
     -92.63654283
      78.35180587
     -29.56065755
      6.507954362
    -0.6532490305
      96.21129118
      138.6876473
     -51.63018645
      11.72156616
     -1.288534764
     -21.39967409
      37.15812361
     -53.10282355
      19.32426342
     -2.670835835
     0.4380280346
     -223.3341539
     -66.29394202
      40.32710902
     -6.180026046
     0.4406407929
      134.0212057
     -56.00133797
      76.31787368
     -13.29918799
   -0.05838918035
     -40.63756192
      71.22115451
      123.0644585
     -26.49574271
  0.0002014897089
      8.860976285
      24.71353815
      138.2901202
     -47.67283632
 -0.0007692780588
     -3.600351828
     -90.90566908
      33.12978968
     -78.03618922
  0.0008238587215
      2.680735713
      124.2549181
     -114.9036621
     -112.7885305
 -0.0002712477327
     -1.494121292
     -107.4788855
     -65.36142554
     -126.9476727
  5.382203711E-05
     0.5672835013
      61.04998529
      80.53101960
     -92.22603710
 -7.455111743E-06
    -0.1520892369
     -22.85608030
      68.98711754
     -31.56931752
    0.05000000000
     0.1000000000
     0.1500000000
     0.2000000000
     0.2500000000
   Q=    0.0000
