     -1.015274890
      2.555658186
     -1.722204422
     0.5323348022
   -0.06538858057
     -36.61786356
      18.26083447
     -6.209526705
      1.259878881
    -0.1153933935
     -136.3440543
      43.50549062
     -12.33307912
      2.413006704
    -0.2342279353
     -534.8477801
      93.86188925
     -22.05569877
      4.048632829
    -0.3618692302
      261.4955541
      47.75831171
     -23.67982608
      4.794936038
    -0.3160733054
     -55.78553363
      62.58766841
     -35.92610576
      3.247941395
     0.4591599906
      6.911220630
     -156.3555896
     -27.79581694
     -14.22816905
      3.681363209
     -1.672987558
     -9.563125901
     -52.61903470
     -65.59945856
      11.51052019
     0.6662565480
      84.73133213
     -55.51317016
     -171.2112378
      25.46072636
    -0.1878426228
     -64.60793805
     -109.0077911
     -276.5729945
      42.88099937
    0.03242248843
      23.16034192
      10.82061666
     -246.7857920
      58.80373071
  -0.002813710033
     -2.505600114
      161.9788962
      18.15482658
      69.34276560
 -0.0001854088945
     -1.978400046
     -227.0292711
      225.1048286
      73.21820073
  0.0001147686977
      1.402040100
      178.9764703
      9.188058819
      59.47375929
 -2.323936395E-05
    -0.5293266699
     -96.96967690
     -169.4814261
      24.73507887
    0.05000000000
     0.1000000000
     0.1500000000
     0.2000000000
     0.2500000000
   Q=    0.0000
