     -25.68818578
      23.12528440
     -11.00132752
      2.803604768
    -0.2992589324
     -91.36890738
      55.97238955
     -19.88032871
      3.944888950
    -0.3428453446
     -520.4953764
      158.2046339
     -45.58416531
      9.053611471
    -0.8664822100
     -132.7797749
      154.4541811
     -59.97531918
      13.07143731
     -1.266730914
      247.5604503
      298.1956837
     -105.7003042
      22.19522003
     -2.215353716
     -90.48164465
      200.1601260
     -111.8498942
      32.35255278
     -3.984245694
      20.39017545
     -276.5504395
     -100.9458147
      56.44260335
     -8.420592957
     -2.712349159
      172.3926510
     -20.25914682
      96.56207545
     -18.02590844
    -0.1179677695
     -121.4734247
      222.7213432
      153.1169664
     -37.93698015
     0.1812032641
      87.73290183
      44.04305859
      177.9143037
     -73.95090356
   -0.05500246525
     -47.07158744
     -250.2821371
      43.26187482
     -130.2795818
    0.01058901273
      18.15840466
      227.3236245
     -135.5639960
     -196.5211565
  -0.001465236053
     -5.062216672
     -108.6775998
     -53.03589080
     -222.9554585
  0.0001448367397
     0.9551603642
      20.16947785
      72.48044284
     -159.6387557
 -8.420499958E-06
   -0.07567482936
      11.20229345
      8.584974794
     -53.10470990
    0.05000000000
     0.1000000000
     0.1500000000
     0.2000000000
     0.2500000000
   Q=    0.0000
