      8.294197956
     -6.597948967
      2.761145319
    -0.6218024499
    0.06044792466
     -38.01320317
      17.53980714
     -5.516254944
     0.9859393573
   -0.07210187388
     -280.4071217
      64.53003049
     -9.979883164
     0.5974702894
    0.01096973949
     -1313.079600
      145.4713727
     -19.47567148
      2.973132301
    -0.3323697392
      78.03064477
     -59.06292027
     -12.24266122
      6.939734822
    -0.7805835222
      185.0513829
     -327.9966661
     -62.51197096
      20.10951122
     -1.316014361
     -88.16977840
     -936.2208071
     -195.7870309
      29.88564366
    0.06729400796
      12.31378508
      116.4154169
     -477.7026836
      1.658331283
      5.893576058
      2.307886728
      590.3756202
     -492.9799776
     -132.8043073
      16.77287897
     -1.488946472
     -569.7668606
     -315.7128144
     -358.2636531
      24.87983240
     0.3620253959
      269.9539828
      341.1312722
     -530.5857917
      16.20163767
   -0.05312309073
     -72.58784739
      541.9052779
     -289.7925262
     -15.37386442
   0.004335117636
      6.105841303
     -1091.734388
      242.9759921
     -41.30876257
  6.963713725E-05
      4.135003210
      939.8074763
      337.5849248
     -35.42730726
 -8.603893964E-05
     -2.386608457
     -519.1827317
      160.3390305
     -14.31050383
    0.05000000000
     0.1000000000
     0.1500000000
     0.2000000000
     0.2500000000
   Q=    0.0000
