      0.000000000
      0.000000000
      0.000000000
      0.000000000
      0.000000000
      30.06788122
     -18.57983739
      7.671434987
     -1.852039320
     0.1933187840
      218.7404088
     -65.80114542
      17.00468735
     -2.709037571
     0.1750563469
      623.0151348
     -98.39399171
      16.33819326
     -1.410814735
   -0.01951619203
     -17.28498291
     -11.69049183
     -4.229245383
      2.816622869
    -0.4639280320
     -88.72026805
      150.4182144
     -45.91702494
      11.27953555
     -1.347431373
      35.58298219
      561.3097424
     -83.92280972
      21.71374248
     -2.646393805
    -0.6511722083
      25.10597911
      60.43571205
      31.71440755
     -4.344112316
     -3.223205752
     -486.4486068
      303.0537038
      66.94635708
     -5.377537373
      1.242495033
      416.9418265
      382.0629475
      140.0030318
   -0.07580686205
    -0.2587679391
     -181.9450184
     -264.1320345
      222.3993851
      19.75454747
    0.03307405677
      42.48150093
     -471.1101113
      163.9144495
      55.90878165
  -0.001874881270
    -0.2348892974
      855.1245265
     -27.96049974
      85.96186099
 -0.0002418624399
     -4.210320632
     -703.7919908
     -191.1599244
      80.89825599
  8.395237423E-05
      1.992047306
      378.4489569
     -284.6947200
      38.91054478
    0.05000000000
     0.1000000000
     0.1500000000
     0.2000000000
     0.2500000000
   Q=    0.0000
