      0.000000000
      0.000000000
      0.000000000
      0.000000000
      0.000000000
      1.379321526
     -1.659861658
      1.116948426
    -0.4043366761
    0.06164208529
      23.87229347
     -12.04107463
      5.499644956
     -1.559121272
     0.1959513183
     -74.40503980
     -22.54532966
      14.14397813
     -3.859938159
     0.4402663547
     -20.42095571
     -96.33292360
      37.41059884
     -8.331503254
     0.8229710775
      14.94235244
     -121.9211423
      55.01118960
     -11.85110597
      1.050143573
     -5.256086480
     -6.411621119
      57.19353082
     -10.25135911
     0.5645274405
     0.2033220743
     -15.06676508
      2.592838439
      10.70087190
     -2.056720063
     0.4580171872
      70.83469179
     -124.6259592
      57.22720383
     -8.279045023
    -0.1923524549
     -66.22272157
     -67.08254942
      103.3842830
     -19.75515647
    0.04264139707
      31.88441659
      152.5389997
      90.19136178
     -37.48074252
  -0.005819932513
     -8.536016658
     -23.85676679
     -37.98970553
     -59.62110281
  0.0004006328277
     0.6753017433
     -81.91645655
     -148.0258768
     -77.56543474
  2.374973358E-05
     0.4779513348
      84.32984287
      44.42998055
     -71.77955042
 -1.134192749E-05
    -0.2603137288
     -45.46749338
      221.7256341
     -33.20964272
    0.05000000000
     0.1000000000
     0.1500000000
     0.2000000000
     0.2500000000
   Q=    0.0000
