      0.000000000
      0.000000000
      0.000000000
      0.000000000
      0.000000000
     -14.03895725
      5.154976625
    -0.3029412174
    -0.3843969565
    0.08846337579
      21.13240554
     -18.66365895
      9.496578564
     -2.544723168
     0.2801082653
      163.6387422
     -66.19306823
      22.24367695
     -4.462191847
     0.3756513250
     -34.30890838
     -119.1036712
      37.39201758
     -5.736491189
     0.2296211155
     -13.10931669
     -164.5075889
      38.68972679
     0.7185419902
     -1.168685750
      3.622945632
      126.2827136
     -12.06057458
      29.98266747
     -5.555377852
      1.265349460
      80.14639288
     -50.29195248
      103.4076781
     -15.05970976
    -0.9019949943
     -140.2143812
     -66.29014016
      239.0786709
     -29.67309256
     0.2544795101
      84.94366653
      111.3689596
      363.6209424
     -43.06123833
   -0.04319989355
     -27.40673335
      136.4903021
      307.4326495
     -46.90436408
   0.004395370727
      3.673786085
     -263.8129392
     -53.39110804
     -41.27604396
 -7.032355612E-05
      1.321246254
      246.2726833
     -333.2424067
     -40.44797898
 -7.540923158E-05
     -1.112182470
     -170.3485685
      38.50634667
     -41.95325289
  1.851700252E-05
     0.4502390321
      92.43102108
      333.0246315
     -22.56732431
    0.05000000000
     0.1000000000
     0.1500000000
     0.2000000000
     0.2500000000
   Q=    0.0000
