      0.000000000
      0.000000000
      0.000000000
      0.000000000
      0.000000000
      13.71582646
     -6.782926610
      2.735473620
    -0.9560967215
     0.1711072173
      35.27633911
     -3.325022159
      3.637566690
     -2.483095483
     0.4706827433
      85.16549362
      18.81177551
      15.15093470
     -9.029896824
      1.319543713
      186.4700873
      111.3170606
      62.35058917
     -25.49784672
      2.810914216
     -101.9181467
      321.9485138
      207.0506320
     -56.47270415
      4.664260589
      30.99773460
      419.8353037
      490.1151247
     -92.86307982
      5.602660032
    -0.2204914424
      67.42216183
      731.4902044
     -107.0300373
      3.856172682
     -2.624678136
     -376.4518691
      508.9246200
     -78.61835687
     -1.994985302
      1.024940390
      335.5375189
     -212.3177226
     -23.01694485
     -12.42461352
    -0.2275920045
     -166.2613845
     -430.4883827
      36.02418538
     -24.92673959
    0.03296371372
      50.02273750
      217.9671503
      96.95747498
     -30.67946755
  -0.002811899700
     -7.201470256
      202.7435757
      67.53989587
     -19.73043080
 -1.681204987E-06
     -1.214380349
     -314.7877589
     -138.9931442
   -0.06471264681
  4.586207573E-05
      1.097728013
      210.7616862
     -212.4976554
      5.928805818
    0.05000000000
     0.1000000000
     0.1500000000
     0.2000000000
     0.2500000000
   Q=    0.0000
