      0.000000000
      0.000000000
      0.000000000
      0.000000000
      0.000000000
      34.32578850
     -21.96920837
      9.580084626
     -2.504517389
     0.2931059209
      79.58542669
     -35.29331168
      13.95050320
     -3.473903853
     0.3895533605
      31.20494385
     -58.95203816
      27.06010254
     -6.867225638
     0.7676539057
     -36.29116856
     -97.40454121
      43.40999529
     -11.03681267
      1.251527865
      5.937370211
     -61.83454281
      50.17723520
     -15.98316646
      2.048219994
    -0.1111626651
      68.49077007
      31.64261974
     -19.65336260
      3.333348193
    -0.2014901656
     -31.14902977
     -31.37393950
     -16.10213153
      5.872134496
    0.09393368434
      14.34444341
     -102.7661110
      4.390215935
      11.95574220
   -0.03438548486
     -12.49824070
      16.03027007
      48.12686210
      25.99147200
   0.009066805996
      8.398685862
      111.7158466
      87.45823083
      50.86679878
  -0.001657518679
     -3.548261971
     -111.8133129
      25.73510844
      76.94444145
  0.0002155452249
      1.025123780
      60.95373928
     -92.80597048
      78.02188638
 -1.988120207E-05
    -0.2143290660
     -24.56722339
     -3.544809896
      44.16227503
  1.162091936E-06
    0.03309022441
      8.757366364
      120.3778899
      9.414601025
    0.05000000000
     0.1000000000
     0.1500000000
     0.2000000000
     0.2500000000
   Q=    0.0000
