      0.000000000
      0.000000000
      0.000000000
      0.000000000
      0.000000000
     -25.29269951
      8.816690894
    -0.4582256414
    -0.5661813926
     0.1171894871
     -88.33677281
      5.486650768
      5.475579051
     -2.140731117
     0.2626703119
     -181.9133832
     -20.48640962
      17.35647359
     -4.745659619
     0.5223884107
      78.71584763
     -77.10732216
      38.78914318
     -9.896823820
      1.052235224
     -15.45666922
     -55.04980826
      71.46739056
     -19.40328751
      2.030638753
     0.1781302439
      27.05968055
      123.5069970
     -35.67518826
      3.787535680
     0.8652902076
      48.68169569
      141.0424417
     -58.66934779
      6.729369647
    -0.2346211887
     -29.42059994
      31.74228919
     -88.89818130
      11.12360228
    0.03794156291
      10.40226897
     -119.5257294
     -113.9495780
      16.10164020
  -0.005985709841
     -5.275262054
     -24.62031401
     -86.00511972
      20.03961824
   0.001091047190
      2.842187245
      105.8056419
      21.12761508
      22.74849381
 -0.0002001312250
     -1.226216297
     -94.03566256
      82.38614081
      24.21468114
  3.264582920E-05
     0.4225997499
      55.74675216
     -11.15095840
      19.76450342
 -4.524928317E-06
    -0.1190556721
     -25.50461606
     -63.33341611
      7.976306470
    0.05000000000
     0.1000000000
     0.1500000000
     0.2000000000
     0.2500000000
   Q=    0.0000
