      0.000000000
      0.000000000
      0.000000000
      0.000000000
      0.000000000
     -7.265870558
      1.432470475
     0.9383211066
    -0.6075398646
     0.1039357086
      27.51431281
     -21.12249842
      10.41528650
     -2.756601863
     0.3025254584
     -81.89623744
     -49.79293651
      23.74249685
     -5.349759132
     0.5112633265
     -8.982743330
     -165.6853303
      51.56167587
     -9.596597953
     0.8427549537
      6.000508694
     -185.8779872
      57.33927186
     -11.48268756
      1.124716357
     -3.363303865
      57.45369435
      36.81782339
     -12.04828910
      1.669044290
     0.5371715510
    -0.5154381458
     -20.18935070
     -5.222973371
      2.838345227
     0.1698335099
      27.91959012
     -139.0717930
      11.54351143
      6.737605693
    -0.1104817727
     -38.96143825
     -37.69243659
      30.53267398
      16.81090116
    0.02900407342
      22.89705228
      170.2652559
      48.35698834
      35.21880849
  -0.004582673843
     -7.521674451
     -98.09489091
      8.481390623
      55.96433630
  0.0004227698803
      1.230623945
     -1.893888662
     -79.74345811
      58.85087851
 -5.131782651E-06
     0.1094866816
      34.75172713
      14.73139001
      33.15347123
 -5.717026043E-06
    -0.1376293846
     -25.06838931
      136.8373533
      6.149156179
    0.05000000000
     0.1000000000
     0.1500000000
     0.2000000000
     0.2500000000
   Q=    0.0000
