      0.000000000
      0.000000000
      0.000000000
      0.000000000
      0.000000000
     -6.747517045
      3.198741072
    -0.8994237431
     0.1459895894
   -0.01229710816
     -22.25316757
      3.822813507
    -0.4783110980
    0.09818014458
   -0.01796997236
     -39.00458812
    -0.3153525265
    -0.6789164074
     0.4949989498
   -0.06368310813
     -21.35445505
     -14.93005077
     -4.198579014
      1.545375742
   -0.09550589217
      16.20724597
     -44.75166650
     -18.87441618
      3.106289288
    0.02271471093
     -5.240625073
     -71.94347270
     -54.27265745
      2.489353494
     0.5979714463
   0.005157092121
     -13.57243631
     -97.44640883
     -6.397831290
      1.874704520
     0.4767353205
      69.54138144
     -85.11759519
     -26.27118652
      3.604070902
    -0.1834714934
     -60.57042943
      11.28077741
     -43.45110513
      5.052522597
    0.03998561476
      28.96212077
      66.24199603
     -34.94684518
      5.816577559
  -0.005641170411
     -8.290898291
     -12.54640869
     -2.457708279
      6.086421282
  0.0004516606072
      1.003783403
     -56.47905572
      19.93439821
      5.621788606
  8.011596155E-06
     0.3083729646
      67.54450379
      14.47426091
      3.690625135
 -9.172598561E-06
    -0.2209502848
     -43.06301494
      6.347442745
      1.103560208
    0.05000000000
     0.1000000000
     0.1500000000
     0.2000000000
     0.2500000000
   Q=    0.0000
