     0.4155349300
     -1.234941431
     0.3696416725
    0.09259104832
   -0.04173901772
      27.73403008
     -7.335034994
    -0.9399221727
      1.040251614
    -0.1698686359
      85.50199807
      6.622768187
     -12.47846089
      3.768067087
    -0.3744265969
      563.8544373
      71.55140043
     -40.81673441
      7.265519148
    -0.3997265483
      722.6293830
      426.4607767
     -87.83105113
      6.148144670
     0.2455284367
     -504.4595897
      975.3118689
     -43.99903378
     -14.12412641
      1.941551604
      177.0487260
      925.7008842
      237.1549155
     -53.35630176
      3.481621388
     -27.46195245
     -164.4524621
      715.6339173
     -77.63888391
      2.318496973
     -1.741990288
     -765.8823249
      916.1297903
     -16.20929861
     -4.020051868
      2.003475721
      800.6521247
      198.1448573
      169.0478021
     -13.40936674
    -0.5411686347
     -412.6802708
     -808.1393677
      361.8376973
     -16.81542113
    0.08792755572
      128.3518327
     -105.0003994
      337.3232815
     -5.072174371
  -0.008985980865
     -20.86245864
      951.6205450
      16.99203040
      19.22711625
  0.0003583632409
     -1.669924240
     -971.6135257
     -425.0757845
      35.99940246
  6.525652936E-05
      2.284841259
      576.4905447
     -511.0897989
      23.66979342
    0.05000000000
     0.1000000000
     0.1500000000
     0.2000000000
     0.2500000000
   Q=    0.0000
