      0.000000000
      0.000000000
      0.000000000
      0.000000000
      0.000000000
      240.3126772
     -130.5918437
      44.95847538
     -8.830221552
     0.7472885533
      790.5552323
     -199.9432658
      39.63808529
     -4.327090859
     0.1278387405
      887.7169826
     -124.9529290
      16.60917342
    -0.4719742708
    -0.1843545370
     -364.9258284
      62.71953989
     -38.70266404
      12.34078186
     -1.560086689
      36.82794831
      413.1803414
     -175.4429922
      40.79768483
     -4.191287942
      19.53794685
      384.0335852
     -321.5598083
      82.62009551
     -8.638477733
     -7.335410774
     -475.5685331
     -379.0682347
      146.1875466
     -16.39479124
     0.7037763639
      101.7989754
     -42.42275037
      223.8700952
     -27.55395698
     0.1437980431
      52.93429361
      520.3527563
      314.4410565
     -40.64494006
   -0.05439001253
     -34.43041721
     -42.37915026
      304.4416002
     -48.53116034
   0.007282996242
      4.639028263
     -476.9560899
      39.46118359
     -48.71762295
 -7.878079225E-05
      3.644877185
      591.6158422
     -186.1154412
     -44.20037674
 -0.0001706335136
     -2.715623284
     -422.8804534
     -77.81748498
     -29.49272842
  4.144170683E-05
      1.046435999
      211.5160384
     -17.64821552
     -8.052620095
    0.05000000000
     0.1000000000
     0.1500000000
     0.2000000000
     0.2500000000
   Q=    0.0000
