      0.000000000
      0.000000000
      0.000000000
      0.000000000
      0.000000000
      58.42227763
     -33.52218755
      12.57002007
     -2.757661505
     0.2646338362
     -7.955800101
     -8.721337389
      5.473077581
     -1.260545852
    0.08785581749
     -672.8161413
      16.31834944
      11.28420477
     -2.105012411
    0.04964818685
     -145.3787113
     -150.2077461
      16.46068269
      2.892666163
    -0.6588380692
      164.6358984
     -296.6740626
     -49.39314738
      19.43562397
     -1.787513308
     -55.13703974
     -790.4093059
     -220.2119361
      44.63594668
     -2.616060036
   -0.01853903466
     -134.4997914
     -615.9997073
      61.39239433
     -1.565483405
      5.154655355
      764.7785219
     -707.9067013
      2.172778985
      2.709135885
     -1.952792658
     -649.3872913
     -175.1381629
     -130.4407389
      5.530741465
     0.4145621091
      296.7419037
      586.3673293
     -269.0372009
    -0.3969786736
   -0.05581763314
     -77.92760628
      238.9510882
     -227.8465807
     -22.18706032
   0.003895769076
      5.936512006
     -918.2686825
      24.85780065
     -47.43806022
  0.0002199886619
      4.730582763
      876.5641114
      283.5077276
     -52.50688151
 -0.0001117421633
     -2.655251956
     -506.3250979
      338.5642106
     -27.58589470
    0.05000000000
     0.1000000000
     0.1500000000
     0.2000000000
     0.2500000000
   Q=    0.0000
