      0.000000000
      0.000000000
      0.000000000
      0.000000000
      0.000000000
     -58.54210924
      34.17526138
     -13.23660317
      3.062570888
    -0.3199597656
     -108.3130694
      40.68958217
     -13.97229029
      3.125207540
    -0.3214166520
     -8.525919696
      59.93235803
     -26.55033261
      6.290041281
    -0.6528821695
      14.92713398
      95.18240999
     -38.84207598
      9.116727330
    -0.9580885427
      2.649700080
      26.67744187
     -44.64189110
      13.68765739
     -1.599248065
     -2.735629595
     -111.2414363
     -48.25305391
      19.59739553
     -2.648761247
     0.4868833007
      47.08490720
     -28.62573351
      23.56660062
     -4.799366115
    0.02718188646
     0.4245958428
      36.66378815
      20.69048761
     -9.856989515
   -0.03009450353
     -8.569448583
      4.049646190
      3.553369635
     -21.08386033
   0.007025944316
      3.971280219
     -43.24902460
     -31.58677975
     -40.99134426
 -0.0008633951657
    -0.6241154189
      59.75203156
     -33.97482862
     -64.07914364
  2.614295962E-05
    -0.2575508166
     -54.32627999
      21.07957912
     -71.10495426
  1.325698209E-05
     0.2173993636
      35.62884357
      20.31298831
     -48.29299051
 -3.449846699E-06
   -0.08548198390
     -17.40757042
     -24.28456698
     -14.97347363
    0.05000000000
     0.1000000000
     0.1500000000
     0.2000000000
     0.2500000000
   Q=    0.0000
