      0.000000000
      0.000000000
      0.000000000
      0.000000000
      0.000000000
      1.233729820
    -0.6096161701
     0.1752247082
   -0.02490040645
   0.001087734947
      5.598661909
     -1.099692125
     0.1033246781
    0.01095151508
  -0.002375741066
      12.91042786
    -0.2975654960
    -0.2324958904
    0.04621705353
  -0.001708986296
     -1.214526351
      3.873596327
    -0.6769901040
    0.02628056077
   0.005083497145
     -1.251052793
      8.456197629
    -0.3051563824
    -0.1543331240
    0.02130928467
     0.7211593264
      11.06853939
      1.934807290
    -0.5281191801
    0.04126825288
   -0.08819583661
     -4.406312259
      6.627506065
    -0.8701034442
    0.04532185413
   -0.03342089670
     -4.791593110
      7.967684540
    -0.4985538685
    0.01399513779
    0.01783322951
      5.915539875
      2.869458659
     0.8590052397
   -0.02815150006
  -0.004204172521
     -3.014807407
     -7.722493264
      2.806228499
  -0.004895906605
  0.0005979171980
     0.8326180803
     -2.069321554
      3.028437805
     0.1909825965
 -4.387767609E-05
   -0.06607864483
      10.22036894
     0.5868452942
     0.4814523632
 -2.181623097E-06
   -0.05194214556
     -9.913096864
     -3.802602282
     0.6145381972
  1.213436711E-06
    0.02947521494
      5.719288132
     -5.224235652
     0.3464699678
    0.05000000000
     0.1000000000
     0.1500000000
     0.2000000000
     0.2500000000
   Q=    0.0000
