  6.263785179E-06
 -6.723556588E-06
  3.553365470E-06
 -9.866125999E-07
  1.156809683E-07
  3.052217299E-05
 -1.832715221E-05
  7.226696117E-06
 -1.671541470E-06
  1.669577038E-07
  9.568495533E-05
 -4.984818619E-05
  1.994236287E-05
 -4.424943458E-06
  3.882006903E-07
 -7.223155350E-05
 -0.0001207007332
  4.366649350E-05
 -6.748805097E-06
  3.035594101E-07
  -0.001231385330
 -0.0003812950222
  7.696569682E-05
 -4.119902899E-06
 -3.796872225E-07
  0.0007158007220
  -0.001033655869
  3.536105893E-05
  1.596647005E-05
 -1.857064636E-06
 -0.0002296344373
  -0.001019547147
 -0.0002820019529
  5.444408039E-05
 -2.542214866E-06
  3.322937704E-05
 -2.338107789E-05
 -0.0008123229416
  6.388168015E-05
  1.178613158E-06
  2.662902053E-06
   0.001082991593
  -0.001087818855
 -3.357159770E-05
  1.177003506E-05
 -2.574705052E-06
  -0.001035800978
 -0.0002454045557
 -0.0002730318786
  2.594413073E-05
  6.805652556E-07
  0.0005201222803
  0.0009316466804
 -0.0004699997962
  3.147454030E-05
 -1.098417288E-07
 -0.0001605600556
  0.0001671338099
 -0.0003642426536
  1.891314269E-05
  1.126758265E-08
  2.642707017E-05
  -0.001166686109
  4.376816660E-05
 -8.066086568E-06
 -4.724152531E-10
  1.788978435E-06
   0.001180934954
  0.0004687919162
 -2.916836326E-05
 -7.603100436E-11
 -2.735319227E-06
 -0.0007022268764
  0.0005355101999
 -2.245380307E-05
    0.05000000000
     0.1000000000
     0.1500000000
     0.2000000000
     0.2500000000
   Q=    0.0000
