      0.000000000
      0.000000000
      0.000000000
      0.000000000
      0.000000000
      11.16651381
     -5.619394975
      1.566632539
    -0.1913504823
   0.001982404228
      94.99968441
     -20.65604903
      2.949447242
   -0.07166706240
   -0.02750319837
      109.1429593
     -7.627527957
     -1.635435892
     0.7536567628
   -0.09208702187
     -38.80103695
    -0.4220783605
     -3.842602238
      1.351712234
    -0.1599161747
     0.9570627169
      33.28735989
     -15.50154187
      3.530655981
    -0.3558409681
      3.319333757
      73.55974894
     -21.04635124
      5.582681920
    -0.6327676385
    -0.8771624966
     -57.86704658
     -12.60661526
      11.00889351
     -1.276306822
    0.01114514266
      2.503571700
      3.625855762
      21.97761017
     -2.020973482
    0.04373509156
      14.53925660
      43.54314782
      37.43874616
     -2.081074938
   -0.01216184002
     -8.028776080
    -0.9090162868
      44.37026584
    0.04301950673
   0.001672709477
      1.708674927
     -59.10817980
      13.85195372
      4.280983191
 -7.672657151E-05
     0.2765597394
      78.17176575
     -30.34579889
      6.774343047
 -2.064888953E-05
    -0.3580126162
     -59.14170728
     -16.48747566
      4.609965089
  6.113690230E-06
     0.1532247481
      30.98368755
      11.20903687
      1.174077618
    0.05000000000
     0.1000000000
     0.1500000000
     0.2000000000
     0.2500000000
   Q=    0.0000
