      0.000000000
      0.000000000
      0.000000000
      0.000000000
      0.000000000
      27.13313689
     -12.91629877
      3.335939098
    -0.3045165644
   -0.02140226201
      24.43349838
      3.930444415
     -5.557490572
      1.979016627
    -0.2629571288
     -124.5304267
      48.59949851
     -18.86226648
      4.669042267
    -0.5112123158
     -57.93497194
      90.63692058
     -41.54097775
      9.751248366
    -0.8978939918
      51.07425867
      108.1018776
     -77.17372629
      14.32535735
    -0.7009036491
     -12.01267490
     -216.0697585
     -105.7424872
      5.952131884
      1.770344678
     -2.095919358
     -163.3676575
     -161.2280159
     -40.72405418
      9.403667253
      1.954812964
      294.3122554
     -108.7278877
     -160.1447456
      24.70673029
    -0.6116136434
     -202.5280714
     -37.79706735
     -297.9097703
      45.57768593
     0.1180294556
      82.21294527
      2.522985929
     -293.7576718
      66.73593095
   -0.01484878458
     -19.59482880
      193.6221143
     -2.329430407
      82.50784989
  0.0009278414156
     0.8797826319
     -309.5201127
      288.8954382
      90.50764476
  8.065616313E-05
      1.513101339
      267.4230754
      22.89513441
      77.99704542
 -3.322668497E-05
    -0.7932537474
     -156.2996406
     -245.6413718
      34.54911084
    0.05000000000
     0.1000000000
     0.1500000000
     0.2000000000
     0.2500000000
   Q=    0.0000
