     -2.107646153
      2.002089758
    -0.8838720762
     0.1862824485
   -0.01355198159
     -7.442820296
      3.914686553
     -1.128270440
     0.1214908123
   0.006565088286
     -21.83445180
      9.686987415
     -2.621305900
     0.1867599978
    0.03268821126
      20.05540439
      18.12434632
     -2.671514935
    -0.6970535876
     0.1739499301
      82.98034540
      57.74742657
      1.123761023
     -3.149915175
     0.4112910747
     -48.98285369
      109.4155195
      24.31818168
     -8.207410946
     0.6971122277
      16.85342615
      81.96957047
      69.60655103
     -13.35352469
     0.7656875114
     -2.875043933
     -33.72940500
      101.9732035
     -14.17104934
     0.3376328709
  -0.009823542606
     -46.17545731
      65.35716084
     -7.375184479
    -0.9172589813
     0.1452405689
      58.85345581
     -23.47126300
      5.878299372
     -3.122897094
   -0.04358751886
     -33.17147044
     -53.31613445
      21.46219809
     -5.618557809
   0.007609612797
      11.33528564
      13.69274807
      26.92925948
     -6.458333054
 -0.0008652409060
     -2.273754916
      48.95356526
      3.416509062
     -4.242266247
  5.240377290E-05
    0.07698105413
     -60.88658999
     -33.49309282
    -0.8713847529
  2.394830530E-06
     0.1302163901
      39.22220729
     -34.50472626
     0.4783691692
    0.05000000000
     0.1000000000
     0.1500000000
     0.2000000000
     0.2500000000
   Q=    0.0000
