      3.285078271
     -2.576980474
      1.050417909
    -0.2145660721
    0.01563370809
      12.62855364
     -7.104371988
      2.007744728
    -0.2373515244
   0.001124492695
      87.75200586
     -20.42413866
      3.564230251
    -0.2302556753
   -0.02323305203
      8.531064463
     -11.20976219
      1.794497688
     0.3996687350
    -0.1346800809
     -56.88731665
     -41.07645216
      2.948903180
      1.984236267
    -0.4328060154
      27.16573064
     -60.87675811
     -9.210182512
      6.934525139
     -1.108828531
     -8.137410652
     -6.296511709
     -26.82533338
      14.41195646
     -2.305007173
      1.299946091
     -2.869506610
     -31.37047977
      23.45083670
     -4.286307272
    0.01188927014
      27.48561871
     -25.06441492
      26.64421863
     -6.954914169
   -0.06675577896
     -28.20033450
      5.771228001
      11.84481895
     -9.828973762
    0.01996596215
      15.44590669
      29.79731061
     -13.75968693
     -11.42626848
  -0.003544031791
     -5.375840478
     -14.28039485
     -19.01249420
     -8.872930687
  0.0004209782913
      1.167814641
     -14.18193285
      1.463413512
     -1.426927363
 -2.965652198E-05
   -0.09231409304
      22.17638883
      15.13135144
      4.614770325
 -2.035589206E-07
   -0.04151470258
     -15.22511060
      10.15324748
      3.300071316
    0.05000000000
     0.1000000000
     0.1500000000
     0.2000000000
     0.2500000000
   Q=    0.0000
