      0.000000000
      0.000000000
      0.000000000
      0.000000000
      0.000000000
     -7.556342848
      3.625758929
    -0.9703351691
     0.1133523826
  -0.001140184096
     -27.10456092
      4.363287236
    0.06523018046
    -0.2009267690
    0.02634604032
     -44.11344660
     -3.244364342
      2.360731596
    -0.4301107000
    0.02325018098
      12.65974806
     -23.38974580
      4.660300939
    -0.3654482650
  -0.008590758477
    -0.2299584820
     -40.31186438
      2.917540405
     0.4913450060
    -0.1000832958
     -1.741487968
     -27.81578249
     -6.813842420
      2.393541823
    -0.2537523718
     0.5672410499
      34.67711915
     -20.05723098
      4.733394270
    -0.4311476593
   -0.06024096201
     -10.23557197
     -17.96256567
      6.315690605
    -0.5596215888
   -0.01088165003
     -3.419150675
     -1.656531849
      5.672069182
    -0.5117432653
   0.005226498586
      3.874177940
      22.42671313
    0.04900966297
    -0.2662775005
 -0.0009633168813
     -1.435545594
     -8.562345272
     -7.394260963
    -0.2062623987
  9.324793339E-05
     0.2098956466
     -9.667186869
     -8.575637287
    -0.6868005000
 -4.270957673E-07
    0.05075404709
      13.34607257
      9.526955024
     -1.359127450
 -1.539530955E-06
   -0.04067455468
     -8.358709075
      17.82279953
    -0.8663277328
    0.05000000000
     0.1000000000
     0.1500000000
     0.2000000000
     0.2500000000
   Q=    0.0000
