     -2.969659670
      2.689979490
     -1.141383121
     0.2348710644
   -0.01793632016
     -9.236569053
      4.550585104
     -1.187165246
     0.1298525113
  0.0003746687774
     -33.52009165
      10.71314843
     -2.737511860
     0.3534249047
  -0.009517527409
      11.69449519
      10.72724763
     -2.201590037
   -0.06823717738
    0.04321724461
      52.60168432
      31.53824144
     -1.504006742
    -0.6448325209
    0.04991858844
     -30.35790483
      50.32078883
      9.557904719
     -1.490960769
   -0.09093672592
      9.700434873
      33.12012729
      31.01558076
     0.9150150884
    -0.7311831926
     -1.412773852
      7.097356422
      53.06879391
      11.19872332
     -2.138779996
    -0.1026819204
     -46.02613710
      51.93371484
      31.55076048
     -4.401017670
     0.1068398228
      43.45674977
    -0.6554359768
      50.00058017
     -7.219511252
   -0.02889321825
     -22.26305934
     -39.81636444
      39.69410580
     -10.44728651
   0.004799787209
      7.176227073
      5.771521404
     -2.333054326
     -13.99881622
 -0.0005185643858
     -1.325064608
      36.42798601
     -28.78044319
     -15.86519868
  2.676272718E-05
  -0.009622177135
     -43.73509240
     -7.842321928
     -12.40605512
  2.503387594E-06
     0.1029627528
      28.48166822
      8.886230962
     -4.669637061
    0.05000000000
     0.1000000000
     0.1500000000
     0.2000000000
     0.2500000000
   Q=    0.0000
