     -4.901112160
      4.067563292
     -1.324104511
     0.1317511118
   0.007925544710
     -21.87045707
      7.407400844
    -0.4628069558
    -0.3148653768
    0.05349936122
     -84.55404784
      11.34203440
     0.9831322277
    -0.7215169838
    0.08904062716
     -106.9555046
     -9.654835969
      7.682943391
     -1.822193047
     0.1710213290
      15.65783857
     -36.09219362
      13.18633610
     -2.723709865
     0.2534110558
      9.781814532
     -43.14617249
      17.94018726
     -4.236170409
     0.4665521360
     -5.748687159
     -43.83671447
      12.55989923
     -6.420386535
     0.9814686881
     0.8622711766
      3.368479297
     -23.01935173
     -12.37493960
      2.283894030
     0.1680361301
      43.78938522
     -65.46141323
     -27.16939351
      4.748763736
    -0.1121788489
     -43.60356750
     -34.65061800
     -44.51643618
      8.166255333
    0.02796598574
      21.37417802
      56.98798351
     -40.27443651
      11.76898209
  -0.004216474415
     -6.035709615
      14.65810574
     -6.831287865
      14.31752123
  0.0003645532174
     0.6556597233
     -68.26559648
      17.37882297
      13.54158268
  6.376388667E-07
     0.2642806096
      65.55981800
      18.33612039
      8.020776457
 -6.099839421E-06
    -0.1720321891
     -37.77839031
      18.29300540
      1.897048218
    0.05000000000
     0.1000000000
     0.1500000000
     0.2000000000
     0.2500000000
   Q=    0.0000
