      0.000000000
      0.000000000
      0.000000000
      0.000000000
      0.000000000
     -14.15769096
      9.071124317
     -3.961717176
      1.025330906
    -0.1168705682
     -65.84931164
      20.90570745
     -5.869936320
      1.066252882
   -0.08634298028
     -169.5735481
      27.77124158
     -4.856186485
     0.4206302125
    0.01132443467
      134.1654329
      7.187733682
      7.371127362
     -3.563616346
     0.4910289509
     -41.86984696
      49.73065438
      49.94572371
     -16.68748675
      1.827864066
      8.359372292
      110.9717576
      167.3127273
     -47.70641584
      4.672977358
     0.5155189946
      51.24385074
      306.9258962
     -101.0228050
      9.668644981
    -0.8197771452
     -112.3940032
      217.0676371
     -173.9083061
      17.06348665
     0.2879339418
      92.93282558
     -169.6050324
     -235.1387593
      25.75599521
   -0.06354517354
     -48.19694281
     -191.0677410
     -175.8336792
      34.89631038
   0.009558141338
      16.01458215
      198.7506559
      78.30039724
      48.30169811
 -0.0009269020069
     -3.164351045
     -54.94945461
      218.8846481
      65.98461938
  3.350122113E-05
     0.1417978211
     -18.06649421
     -77.19299347
      65.02476476
  6.737556821E-06
     0.1444004352
      22.19732925
     -248.8500023
      30.01120171
    0.05000000000
     0.1000000000
     0.1500000000
     0.2000000000
     0.2500000000
   Q=    0.0000
