      0.000000000
      0.000000000
      0.000000000
      0.000000000
      0.000000000
     -9.074688652
      6.582080088
     -3.227543511
     0.9219664747
    -0.1141636354
     -53.60881254
      22.73401157
     -8.516635006
      1.971492982
    -0.2003012677
     -16.59982038
      40.64327207
     -16.21152968
      3.410197321
    -0.3054848070
      36.85906812
      98.56169720
     -28.86779210
      4.743458116
    -0.3370859633
     -9.222371936
      107.2175879
     -22.63855083
      2.309346615
   -0.01811493253
      2.194525483
     -34.79781745
      11.67279856
     -6.729061957
     0.9523854413
    -0.1275737067
      13.21978882
      66.15933625
     -29.74419425
      3.124389522
    -0.1505872948
     -21.98782010
      109.7166255
     -69.24886540
      6.254252046
    0.07459082255
      25.45526895
     -26.45269742
     -105.8883445
      8.941270191
   -0.01930141361
     -15.73733740
     -127.9424852
     -95.02051360
      9.559467512
   0.003190023620
      5.751164033
      112.5802707
      18.24179980
      9.463513990
 -0.0003382704233
     -1.264422684
     -40.44757537
      121.1759852
      13.96682017
  1.694092089E-05
     0.1151205755
      3.610009879
     -24.34215810
      19.14884641
  1.432232274E-06
    0.02887017235
      2.795723847
     -149.5528332
      11.46466384
    0.05000000000
     0.1000000000
     0.1500000000
     0.2000000000
     0.2500000000
   Q=    0.0000
