      4.850525509
     -4.261066724
      1.629817959
    -0.2709840842
    0.01293223135
      19.05461605
     -7.692349481
      1.284069041
    0.02066081455
   -0.01940202402
      74.59223466
     -14.79533170
      1.842665074
   -0.06325543164
  -0.004384201941
      71.29719618
     -1.544597297
     -1.747382719
     0.4127769284
   -0.02491523480
     -21.35220758
      11.57475722
     -2.756013390
     0.1113987882
    0.04749695999
     -1.415772961
      25.61585166
     -3.339903495
    -0.7026795400
     0.1979683153
      2.689238042
      42.78097178
      2.747131540
     -3.337330063
     0.5510974408
    -0.5286340786
     -20.41871805
      18.74858928
     -6.746887639
      1.091929080
   -0.05179295700
     -12.88703504
      23.45841649
     -7.252357198
      1.885989224
    0.04996585880
      18.51872550
      12.44394537
    -0.7337891410
      3.057674635
   -0.01302240936
     -9.636466793
     -19.86019541
      12.97190804
      4.713178147
   0.001952060208
      2.658391974
     -16.47402525
      18.44711543
      6.528679937
 -0.0001560152694
    -0.2007362165
      41.27952194
      2.735974546
      7.082025075
 -4.152684016E-06
    -0.1696167473
     -36.26747459
     -19.03803632
      5.221319473
  3.472519950E-06
    0.09376197857
      19.72469523
     -21.17424078
      2.012261056
    0.05000000000
     0.1000000000
     0.1500000000
     0.2000000000
     0.2500000000
   Q=    0.0000
