      17.54741403
     -20.70856943
      9.937374138
     -2.135626155
     0.1530039450
      156.7148822
     -66.18920353
      14.30312834
    -0.7373968470
    -0.1365560378
      506.5748247
     -100.5699200
      8.854183037
      1.308089284
    -0.2727693698
      1525.785751
     -53.72105288
     -27.03934582
      7.652539333
    -0.6575292054
     -460.6997836
      433.3856261
     -100.7499290
      11.94390628
    -0.3878588080
      13.81335374
      683.9174415
     -80.96223502
     -1.813290113
      1.394420819
      40.38864514
      600.9942172
      49.86225110
     -36.86742984
      5.109346217
     -10.95122374
     -515.8426291
      346.1005098
     -101.9851937
      11.47736340
     0.2697776411
     -16.20259747
      423.3652380
     -152.9646182
      18.55960527
     0.5552218022
      206.2222259
      125.6746192
     -125.8958966
      25.24928453
    -0.1756719229
     -131.3328820
     -444.6831714
      59.34979433
      32.43950261
    0.02935993305
      41.91238912
     -5.235617335
      267.9008670
      47.39401201
  -0.002790433578
     -5.492672410
      419.6166313
      180.6313047
      66.57890296
  3.856774907E-05
     -1.494345827
     -427.8821922
     -303.7679734
      66.21134341
  3.757383683E-05
      1.101405683
      243.9310660
     -430.3729298
      30.39346103
    0.05000000000
     0.1000000000
     0.1500000000
     0.2000000000
     0.2500000000
   Q=    0.0000
