      0.000000000
      0.000000000
      0.000000000
      0.000000000
      0.000000000
     -160.0185898
      81.64716601
     -25.09079640
      4.040204145
    -0.2327466567
     -461.6258370
      86.27367185
     -3.939227338
     -2.911060259
     0.5303672559
     -900.2595266
     -17.40220742
      39.80634519
     -10.70672538
      1.096010038
      128.4382923
     -430.7680562
      133.3776476
     -25.07744186
      2.225620437
      55.15315426
     -784.2496477
      206.5408558
     -36.87719884
      3.249807123
     -40.91675402
     -438.6331087
      171.3190638
     -39.42915029
      4.223533517
      6.063471365
      273.9207394
     -84.68542315
     -20.58629699
      5.168851153
      1.741390959
      261.6779367
     -559.2438486
      11.09045120
      7.648786351
     -1.033675715
     -350.7666175
     -420.5431837
      3.450674914
      13.24246526
     0.2484852087
      180.3719125
      645.9182138
     -54.20159479
      19.13045365
   -0.03516062950
     -48.64072304
      119.2744118
     -152.0078454
      16.71933499
   0.002453300030
      2.981326812
     -674.2459936
     -205.3585026
     -6.630418864
  0.0001642806552
      3.505157721
      637.2158608
      226.0894479
     -40.17519066
 -7.709740881E-05
     -1.865126962
     -356.8466604
      590.2461730
     -33.81573361
    0.05000000000
     0.1000000000
     0.1500000000
     0.2000000000
     0.2500000000
   Q=    0.0000
