      0.000000000
      0.000000000
      0.000000000
      0.000000000
      0.000000000
     -75.42512298
      42.16763797
     -15.28890417
      3.260480961
    -0.3111712536
     -78.73160546
      32.22955523
     -11.72996123
      2.691130645
    -0.2794232038
      197.2294743
      46.61877396
     -28.53017115
      7.270349723
    -0.7770942907
     -145.1314191
      104.7253392
     -53.68355064
      14.31000415
     -1.581651505
      54.88827590
     -62.48721956
     -106.9978767
      34.82631587
     -3.827175988
     -14.68998247
     -289.0072575
     -257.1777386
      80.20862869
     -8.287283198
     0.3894154174
      23.49255192
     -413.8684362
      155.8430997
     -16.33015126
     0.9650426434
      125.7832477
     -240.4463623
      258.3066591
     -29.24665961
    -0.3873745823
     -123.6968731
      204.9333655
      335.2711350
     -47.26968140
    0.08821041157
      65.60344176
      217.0000241
      222.2856331
     -71.32416267
   -0.01319573867
     -21.19527691
     -192.9637807
     -140.0305149
     -104.6480966
   0.001217393515
      3.735060465
      5.671905700
     -298.4561829
     -135.5339222
 -2.719021499E-05
    0.08232090078
      66.22715295
      127.7047766
     -122.2525649
 -1.268709280E-05
    -0.2858677265
     -48.28650673
      354.8724687
     -52.82944826
    0.05000000000
     0.1000000000
     0.1500000000
     0.2000000000
     0.2500000000
   Q=    0.0000
