      0.000000000
      0.000000000
      0.000000000
      0.000000000
      0.000000000
     -14.95565295
      7.231507843
     -2.019329218
     0.2772111645
   -0.01110666361
     -47.52862808
      9.246488792
    -0.7378834429
    -0.1771378400
    0.03737183653
     -76.49058983
      4.937537867
      1.601857208
    -0.7171482341
    0.08708651871
      45.63436197
     -7.127242467
      8.025241985
     -2.342310110
     0.2229963941
     -11.09623404
      2.817047586
      23.69635948
     -5.841749990
     0.4083320514
      1.248572469
      12.53674080
      57.81202735
     -12.06635102
     0.5135466462
     0.3638331096
      27.03566471
      87.82366758
     -20.95301712
    0.05880619782
    -0.2051843183
     -27.77740467
      54.22499633
     -34.65058896
     -2.107046002
    0.05923608234
      18.87078911
     -56.63677301
     -52.40760918
     -8.033519931
   -0.01256558919
     -9.937508432
     -51.14193633
     -51.95828018
     -18.58343028
   0.001989609111
      3.717914785
      74.72386051
      2.193440379
     -28.62808045
 -0.0002289128254
    -0.9727580319
     -43.33158636
      54.13885248
     -27.51380298
  1.727434875E-05
     0.1700472235
      15.93086801
     -7.254361077
     -13.83363310
 -3.758655583E-07
   -0.01414407802
     -4.243708087
     -60.76418462
     -2.171875885
    0.05000000000
     0.1000000000
     0.1500000000
     0.2000000000
     0.2500000000
   Q=    0.0000
