      0.000000000
      0.000000000
      0.000000000
      0.000000000
      0.000000000
     -150.2329146
      80.52507673
     -27.04797415
      5.138785717
    -0.4202024081
     -687.1996628
      167.6677221
     -31.85702050
      3.525775403
    -0.1638605829
     -1219.458765
      123.5152214
     -12.56728114
      1.489897007
    -0.1904177256
      103.8674749
     -135.8120896
      16.50835480
      1.135583900
    -0.3289006893
      137.7940086
     -607.5980194
      37.10642397
      3.813192624
    -0.3987005925
     -69.47137299
     -1105.498448
     -70.92112164
      13.43260462
     0.3610103667
      5.649922066
      244.6033599
     -427.3701724
     0.4823150304
      4.623723375
      4.459224191
      657.8611993
     -678.3555038
     -98.41216062
      13.19037376
     -2.006782590
     -668.9532904
     -466.0510595
     -296.9789321
      20.29776905
     0.4461730364
      316.3741928
      605.7125479
     -462.6051999
      12.91470015
   -0.06054136136
     -81.15058272
      526.8100008
     -283.5950383
     -16.16904834
   0.004011787954
      3.894390173
     -1281.340798
      138.5194832
     -46.46370176
  0.0003176372747
      6.368845921
      1139.759146
      355.2012707
     -51.38486258
 -0.0001369624723
     -3.302299073
     -639.0537722
      342.2223869
     -27.05475005
    0.05000000000
     0.1000000000
     0.1500000000
     0.2000000000
     0.2500000000
   Q=    0.0000
