      7.374371738
     -9.338717567
      5.058505666
     -1.336135152
     0.1396934156
      74.58939056
     -36.55440575
      11.13144349
     -1.810100137
     0.1082133923
      275.1486837
     -78.07451001
      18.19040348
     -2.541506347
     0.1348662060
      773.9112464
     -114.1642571
      15.73189017
    -0.3785542247
    -0.1888311966
     -332.4985151
      3.796051293
     -16.43391873
      6.450754563
    -0.7927863638
      54.79472145
      61.01374211
     -66.90463283
      15.82346934
     -1.318418304
      1.124403478
      270.7856874
     -143.7156645
      21.13880985
    -0.8203968558
    -0.5230710455
     -117.9060297
     -92.49968040
    -0.6928826317
      2.614274255
    -0.6169845727
     -82.53220499
      86.28326157
     -49.08091233
      10.49396228
     0.2909627790
      102.2002807
      260.6723852
     -85.60554220
      24.80056143
   -0.06211941591
     -44.39597168
     -125.3688785
     -17.54261105
      47.09728245
   0.006969102884
      7.243794599
     -246.0688960
      123.8882415
      77.37682517
 -4.168070270E-05
      2.382817737
      390.2926792
      153.6570067
      101.7265532
 -0.0001472107723
     -2.053361912
     -289.6817878
     -128.0968314
      94.08398053
  3.309172606E-05
     0.7717280123
      138.6669901
     -341.1919907
      44.33063591
    0.05000000000
     0.1000000000
     0.1500000000
     0.2000000000
     0.2500000000
   Q=    0.0000
