      0.000000000
      0.000000000
      0.000000000
      0.000000000
      0.000000000
     -57.93352931
      35.13072268
     -14.20692711
      3.422066051
    -0.3690244334
     -276.3956098
      90.04009557
     -26.80907498
      5.311987992
    -0.4912856862
     -294.5266819
      119.7700650
     -39.92554328
      8.179353568
    -0.7597805208
      61.88128977
      191.1149193
     -61.63422043
      11.65440449
     -1.014970599
      29.98067690
      73.63940434
     -45.40340597
      10.29877352
    -0.9399140351
     -15.21191295
     -374.3107667
     -13.56283732
      3.645249358
    -0.2051447472
     0.5425129145
      41.70457287
     -7.702494268
     -27.48116649
      2.623374780
      1.248446517
      185.4376425
      14.27188404
     -106.9945474
      7.601849906
    -0.4806755249
     -158.8875096
     -164.3472152
     -221.6285668
      12.22489699
    0.09717276073
      64.99944404
     -77.41037472
     -276.3523581
      11.92490090
   -0.01176054292
     -13.01567336
      370.8642479
     -71.70801436
      7.557778059
  0.0005121936480
     -1.285840924
     -449.5511858
      229.9590085
      11.86208816
  0.0001278513879
      2.076189206
      335.2588983
      70.05247603
      22.14097103
 -3.726601710E-05
    -0.8992050629
     -176.9741106
     -141.6247113
      13.98309591
    0.05000000000
     0.1000000000
     0.1500000000
     0.2000000000
     0.2500000000
   Q=    0.0000
