      0.000000000
      0.000000000
      0.000000000
      0.000000000
      0.000000000
      275.5922132
     -144.9474746
      47.34716196
     -8.584163707
     0.6389141547
      592.5246107
     -164.7211698
      35.61310621
     -3.914949735
    0.07332998142
      238.0946978
     -191.4032580
      49.29887373
     -5.501708007
     0.1420796779
     -95.95173806
     -299.1020843
      34.96977022
      1.455533991
    -0.4349060790
     -22.07602617
     -50.79267835
     -42.72215621
      7.622762755
    -0.1797146114
      18.59044351
      522.9089366
     -85.53523765
      1.000261560
      1.059568168
     -2.881247628
     -230.8865981
     -5.737294770
     -16.05533269
      3.445974720
    -0.5701265230
     -72.34608584
      18.90262606
     -21.48035378
      7.757526169
     0.3523734491
      114.9276025
      159.3628353
      13.75102544
      16.91547999
   -0.07984620186
     -53.24454715
      27.59805038
      121.0135664
      36.22760994
    0.01008630143
      10.87049193
     -329.5901588
      147.9822870
      66.66364523
 -0.0004276533022
      1.400135635
      424.3265314
     -36.02259100
      85.53012910
 -0.0001183495125
     -1.939780328
     -313.0953628
     -136.2683622
      64.97514317
  3.358484742E-05
     0.8140989834
      158.5350933
     -63.21539506
      22.67065139
    0.05000000000
     0.1000000000
     0.1500000000
     0.2000000000
     0.2500000000
   Q=    0.0000
