     -7.195188452
      8.784286524
     -4.479196000
      1.080584546
   -0.09921561163
     -66.42899034
      30.48380158
     -8.239948529
      1.089527636
   -0.04211905519
     -217.1122320
      57.02900925
     -11.99629218
      1.561763956
   -0.09019004490
     -582.5068881
      77.46640920
     -10.42778178
     0.5973893433
    0.04158722884
      565.3824446
     -7.007988754
      3.689040156
     -1.838248058
     0.2234118219
     -226.3899584
      102.6537583
      12.23334009
     -4.826304008
     0.3409856783
      56.14248712
      76.75745378
      73.28879942
     -9.886090287
    0.07509321654
     -6.742947590
      161.2954865
      134.2831617
     -2.697552343
     -1.598806412
    -0.6768462719
     -286.4024053
      173.1843589
      23.32566472
     -4.800556048
     0.5275917851
      220.2572084
     -7.145042661
      66.94737993
     -9.072583077
    -0.1353967960
     -104.7909353
     -126.0880323
      72.24053777
     -12.33115900
    0.02223506510
      33.28461374
     -1.008730672
      23.23760694
     -14.22373330
  -0.002482641736
     -6.590768396
      146.1308330
     -32.48806952
     -13.23315177
  0.0001577153769
     0.3265096457
     -163.3576394
     -37.11944633
     -8.117858565
  4.333877532E-06
     0.3166875691
      104.1978408
     -39.61232070
     -1.352805840
    0.05000000000
     0.1000000000
     0.1500000000
     0.2000000000
     0.2500000000
   Q=    0.0000
