     -1.871722055
      4.569974691
     -3.090048856
     0.9570974938
    -0.1163268452
     -66.28115220
      33.08457540
     -11.03555601
      2.112195720
    -0.1693500857
     -263.8513024
      78.26099385
     -19.56252020
      3.165319116
    -0.2394176186
     -1017.562430
      144.5103247
     -24.27663902
      2.961966825
    -0.1600493305
      88.75693233
     -23.15412380
      4.267216280
     -1.054058950
     0.2190014642
      128.9153722
     -243.8943400
      29.96932250
     -6.034121813
      1.039200800
     -62.70912536
     -639.0349248
      26.21234083
     -17.33879707
      3.369841054
      8.221564052
      34.73818328
     -166.8941284
     -44.38061084
      8.371673409
      2.011424497
      487.5061775
     -411.7554710
     -122.7106351
      16.32258733
     -1.173935928
     -451.1022538
     -402.2552306
     -247.2930597
      22.13801830
     0.2782287373
      208.6544460
      363.0731216
     -327.1345323
      16.89063774
   -0.03984088948
     -54.17934718
      424.9721887
     -184.2248320
     -4.172943024
   0.003076217980
      3.680244352
     -877.7690865
      74.41142587
     -28.63199180
  9.262665161E-05
      3.506692976
      743.8486549
      238.4627064
     -39.08810488
 -7.014270256E-05
     -1.899680564
     -403.3527211
      304.8432814
     -24.17289480
    0.05000000000
     0.1000000000
     0.1500000000
     0.2000000000
     0.2500000000
   Q=    0.0000
