      0.000000000
      0.000000000
      0.000000000
      0.000000000
      0.000000000
     -169.1236235
      85.64806983
     -25.96650889
      4.095686012
    -0.2239327150
     -359.0410275
      81.16984649
     -10.76459118
    -0.5504106166
     0.2899208490
     -244.0117586
      61.86173502
     -7.036190947
     -1.889569650
     0.5374063717
     -27.96187426
      31.46035307
      12.41246919
     -9.315035551
      1.600512442
      62.49640985
     -168.2795441
      26.07792111
     -18.38372810
      3.205059014
     -25.71272681
     -434.7661349
     -65.15089958
     -33.49521386
      6.268793075
      1.510056079
      63.34518167
     -301.8497963
     -71.57881955
      10.30920879
      1.786889803
      255.9180188
     -368.4086643
     -139.6183851
      11.44446968
    -0.7662590769
     -253.7223995
     -54.47334038
     -181.7812904
      2.390968923
     0.1706257942
      122.7696476
      283.6735161
     -138.1786793
     -20.96271987
   -0.02382346207
     -33.83111112
      44.41920693
     -37.43858493
     -52.72184212
   0.001781790873
      3.162922681
     -346.2564884
      44.74790540
     -73.60204207
  6.970471544E-05
      1.788259624
      352.3324155
      91.32818114
     -62.14772049
 -4.474758142E-05
     -1.080803216
     -210.1683777
      91.30637145
     -24.99541848
    0.05000000000
     0.1000000000
     0.1500000000
     0.2000000000
     0.2500000000
   Q=    0.0000
