     -7.135926289
      5.140330343
     -1.939248833
     0.3682383939
   -0.02488438342
     -12.55870810
      8.464429748
     -2.434459459
     0.3083550822
   -0.01407753671
     -138.5108029
      30.94845814
     -6.189422918
      1.013587164
    -0.1121881092
      94.57599952
     -2.602802606
     -5.213850672
      2.443255609
    -0.3836074076
     -25.63445440
      32.00749479
     -27.66517596
      9.311477037
     -1.232674708
      5.660269354
     -20.27836040
     -62.26011057
      23.20046969
     -3.060499654
     -3.174333189
     -106.6810697
     -127.6141885
      50.88162434
     -6.933548872
      1.357309883
      113.3043542
     -128.4753443
      88.43199391
     -14.20967015
    -0.4176663267
     -78.84641837
      67.81340574
      127.8603308
     -27.38281027
    0.09261712518
      39.17714337
      140.5754689
      134.5084619
     -48.67854552
   -0.01388614215
     -12.21791980
     -100.8375704
      39.81277213
     -78.72199989
   0.001181707174
      1.784903780
     -5.154429617
     -86.63080130
     -110.2690982
  2.799630196E-05
     0.3904580845
      50.16677199
     -32.30283303
     -117.3215358
 -2.997738335E-05
    -0.3594106718
     -44.30626538
      49.50222142
     -76.86962226
  6.115483329E-06
     0.1377784464
      24.23953984
     -32.07921323
     -21.43801951
    0.05000000000
     0.1000000000
     0.1500000000
     0.2000000000
     0.2500000000
   Q=    0.0000
