      0.000000000
      0.000000000
      0.000000000
      0.000000000
      0.000000000
      210.4740272
     -113.4365549
      38.76499822
     -7.602407853
     0.6523143207
      469.2158905
     -117.0828880
      23.06648493
     -2.744200443
     0.1512426823
      350.2043983
     -51.56090024
      13.21889845
     -3.355845181
     0.4286488004
     -187.1492420
      125.4208966
     -17.55695873
    -0.7131427813
     0.3970940601
      36.06352919
      408.6698053
     -49.66045579
     -2.164292952
     0.9849395486
      8.632012652
      156.4861600
     -35.57435915
     -10.56900623
      2.042131891
     -5.935103064
     -390.4536354
     -41.56026541
     -25.09807728
      3.368651943
      1.438861350
      223.1198413
      21.21732532
     -49.67972228
      3.657684784
    -0.1962111821
     -65.26641977
      103.3898437
     -47.30694400
    -0.3017327314
    0.01367516958
      9.260548254
     -114.8526783
     -3.975389202
     -8.817550497
  0.0002150461903
    0.04512572135
      23.67670532
      45.02953562
     -18.71150749
 -0.0001362348996
   -0.02706127612
      43.76845146
      65.93931371
     -21.02780076
  5.021546593E-06
    -0.1772462786
     -47.97176428
     -55.67817397
     -10.31494138
  2.429221100E-06
     0.1006067662
      25.48933798
     -133.8613557
    -0.6109652143
    0.05000000000
     0.1000000000
     0.1500000000
     0.2000000000
     0.2500000000
   Q=    0.0000
