     0.6989231985
    -0.4115548288
    0.06404238003
    0.01342779565
  -0.002612228392
      1.209985440
     0.1271123325
    -0.3829999872
    0.08863949954
   0.002366353992
      15.63539468
      1.406661130
     -1.143463262
  -0.005436406289
    0.05084898094
      28.54667409
      17.97591192
     -2.840359218
    -0.7958016655
     0.2159127700
      67.64841278
      59.34454271
      1.609306019
     -4.106615236
     0.6323004342
     -42.59372928
      119.7725139
      24.40560516
     -11.77038020
      1.418120324
      15.83220735
      96.50161080
      70.75779900
     -24.94130440
      2.750411930
     -2.997598821
     -65.21812812
      99.01016281
     -42.62797165
      4.841936648
    0.09735892960
     -21.27925954
      45.79510440
     -60.28268902
      7.944746974
     0.1130824221
      45.33562171
     -33.80734669
     -60.39163370
      12.50280856
   -0.03731803749
     -28.00905225
     -41.02851967
     -13.87624685
      19.76453764
   0.006738257426
      9.945381261
      10.90937485
      55.36650604
      30.30562465
 -0.0007850188624
     -2.062136621
      43.02181221
      45.91327191
      38.00475590
  5.046356592E-05
     0.1003730560
     -51.60397868
     -50.35205573
      31.41972774
  1.456607889E-06
     0.1011654921
      31.86537244
     -72.26466471
      12.35301917
    0.05000000000
     0.1000000000
     0.1500000000
     0.2000000000
     0.2500000000
   Q=    0.0000
