   -0.04382847113
    0.04571293373
   -0.02413970779
   0.006788109964
 -0.0008100025739
    -0.1946183564
     0.1228561149
   -0.05026942934
    0.01192635547
  -0.001205200222
    -0.7076990735
     0.3602286183
    -0.1426562643
    0.03137654900
  -0.002720931599
     0.4572863639
     0.8502449306
    -0.3044669747
    0.04650234292
  -0.002015685642
      7.673427903
      2.657656403
    -0.5256191854
    0.02617714139
   0.002920872383
     -4.446596056
      6.834157708
    -0.2016321737
    -0.1160570180
    0.01352171922
      1.435405211
      6.329168110
      1.934327711
    -0.3792176203
    0.01930457599
    -0.2124795829
    -0.2122925814
      5.308518219
    -0.4573409262
  -0.002076927805
   -0.01458378017
     -6.409767918
      6.816083275
     0.1228365946
   -0.06553683721
    0.01561032554
      6.292647616
      1.243233200
      1.554328569
    -0.1524431038
  -0.004184878942
     -3.201189239
     -5.920814661
      2.728381395
    -0.1924544786
  0.0006820878789
      1.001223904
    -0.5687922432
      2.189459632
    -0.1288292304
 -7.099226326E-05
    -0.1699463734
      6.779710535
    -0.1005267203
    0.03068075025
  3.178702295E-06
  -0.008487020038
     -7.040287817
     -2.851387921
     0.1731628468
  4.350536263E-07
    0.01619457768
      4.227031842
     -3.453845572
     0.1412090142
    0.05000000000
     0.1000000000
     0.1500000000
     0.2000000000
     0.2500000000
   Q=    0.0000
