     -2.502013862
      2.661940497
     -1.384726612
     0.3769557291
   -0.04294431647
     -6.562997382
      4.210030568
     -1.779535198
     0.4357630141
   -0.04608467759
     -11.11472635
      9.966533632
     -4.918934347
      1.275743885
    -0.1375903719
      7.246707439
      16.42971078
     -7.944833891
      1.917408253
    -0.1922175677
     -5.490595087
      20.04942295
     -13.00255578
      3.392893076
    -0.3311086368
      3.667358465
     -10.73161879
     -20.74583744
      5.623514491
    -0.4618119221
     -1.715697834
     -33.82057846
     -32.63921166
      8.343609748
    -0.4604595266
     0.4231146174
      24.99597095
     -25.25283929
      10.56800151
    0.09507615415
   -0.06155771190
     -9.527982278
      14.23362948
      13.93745529
      2.156325930
   0.003318144293
      1.808944185
      16.61463012
      16.24172196
      7.244228710
  0.0009135937843
     0.3510381890
     -13.66587533
      6.384064785
      15.46570551
 -0.0003072905078
    -0.3891984692
      4.340923208
     -8.774209867
      22.91238940
  5.168998335E-05
     0.1474887195
    -0.8992143691
     -5.529802345
      23.54795774
 -5.803043391E-06
   -0.03395165765
     0.3995051272
      7.422014059
      15.53115048
  4.291856786E-07
   0.004685644818
    -0.1936244215
      7.784275139
      4.986458061
    0.05000000000
     0.1000000000
     0.1500000000
     0.2000000000
     0.2500000000
   Q=    0.0000
