      1.689392702
     -1.699435485
     0.9097910266
    -0.2666145088
    0.03353974272
      5.808544514
     -4.283390969
      1.982567434
    -0.5171251247
    0.05588596123
      22.89918615
     -14.32980542
      6.204404841
     -1.418654976
     0.1253655298
     -50.09816318
     -36.55594470
      13.94686770
     -2.182966445
    0.09853762805
     -330.1402661
     -125.9938502
      25.02488085
     -1.328940553
    -0.1276641447
      196.2066374
     -315.0247270
      9.867886274
      5.277489601
    -0.6285117287
     -64.18764382
     -290.7536641
     -87.49263716
      17.48534770
    -0.9312896486
      9.590139889
      18.44346498
     -242.0730243
      21.73272836
   -0.04929322111
     0.6418678320
      284.0431790
     -309.2211865
     -3.762251320
      2.709525467
    -0.7009464581
     -282.2032465
     -56.84344727
     -68.14450773
      6.508245031
     0.1883602426
      144.0185107
      269.3184916
     -122.8926010
      8.189065683
   -0.03070928473
     -45.05046042
      25.88746363
     -101.2316782
      5.119247674
   0.003190502921
      7.612437361
     -308.0604027
      2.405629204
     -2.282396330
 -0.0001410566568
     0.4057085695
      319.6055465
      131.2152335
     -8.639544937
 -1.998035749E-05
    -0.7376223197
     -191.6559687
      159.6700395
     -6.727273977
    0.05000000000
     0.1000000000
     0.1500000000
     0.2000000000
     0.2500000000
   Q=    0.0000
