      0.000000000
      0.000000000
      0.000000000
      0.000000000
      0.000000000
  1.348979987E-08
 -6.310880137E-09
  1.564943283E-09
 -1.347218084E-10
 -8.141339536E-12
  3.544092963E-08
 -3.796926786E-09
 -1.247072119E-09
  5.907253705E-10
 -7.212879921E-11
 -6.117084937E-09
  1.447617609E-08
 -5.648997809E-09
  1.147410078E-09
 -9.874825530E-11
 -9.711390089E-08
  2.979878717E-08
 -9.592094395E-09
  1.941706132E-09
 -1.654232872E-10
  4.918605772E-08
  5.486932751E-09
 -1.716461547E-08
  3.688398598E-09
 -2.239556992E-10
 -9.741410909E-09
 -1.006420044E-07
 -4.354677203E-08
  6.032260534E-09
 -3.190808902E-11
 -2.090059173E-09
 -1.739787053E-07
 -1.133960851E-07
  3.717669824E-09
  9.296298401E-10
  1.751424178E-09
  2.650849572E-07
 -1.750539060E-07
 -1.723396417E-08
  3.010151084E-09
 -5.447330795E-10
 -1.823521604E-07
 -4.122107089E-08
 -5.892609828E-08
  5.115076925E-09
  1.061080913E-10
  7.611351653E-08
  1.263035728E-07
 -7.929482969E-08
  5.020290896E-09
 -1.355461727E-11
 -1.901599143E-08
  6.409396669E-08
 -3.882386002E-08
  2.220686856E-09
  8.946050520E-13
  1.369680816E-09
 -2.149588424E-07
  3.784788261E-08
 -1.023060176E-09
  5.826751152E-14
  1.133461611E-09
  2.029988078E-07
  5.120003750E-08
 -1.771941056E-09
 -2.694423948E-14
 -6.271554713E-10
 -1.177643315E-07
  3.198119394E-08
 -1.259588476E-09
    0.05000000000
     0.1000000000
     0.1500000000
     0.2000000000
     0.2500000000
   Q=    0.0000
