      0.000000000
      0.000000000
      0.000000000
      0.000000000
      0.000000000
      50.51709059
     -26.90314538
      8.986314514
     -1.701608565
     0.1378247057
      112.3185838
     -32.25373081
      7.889314451
     -1.187835959
    0.07237425262
      30.74278280
     -40.72929557
      13.78284996
     -2.286364410
     0.1310976943
     0.6820215459
     -78.12771706
      19.77924609
     -2.025514612
   -0.04384485289
     -12.65856426
     -28.88930414
      18.16033311
    -0.1079709788
    -0.5525796696
      5.063338668
      132.0636625
      30.44830074
      6.308645501
     -2.179495240
    -0.1787545131
     -17.74780325
      61.62891509
      26.67038439
     -6.264027359
    -0.3762063289
     -52.32719802
      34.46372636
      64.34645091
     -14.39463253
     0.1476579693
      47.99743154
      7.786850712
      92.68023144
     -28.09178128
   -0.03122090590
     -21.62296272
     -3.524514546
      73.32347523
     -47.29784475
   0.004165292925
      5.487570215
     -52.05731215
     -8.161789264
     -65.88201553
 -0.0002827069301
    -0.3050574196
      87.30854189
     -71.57877065
     -70.90669309
 -1.943361749E-05
    -0.4121763517
     -76.54404879
     -7.181389112
     -51.89100694
  9.112452251E-06
     0.2228285997
      44.74603021
      46.95467954
     -18.78793803
    0.05000000000
     0.1000000000
     0.1500000000
     0.2000000000
     0.2500000000
   Q=    0.0000
