      0.000000000
      0.000000000
      0.000000000
      0.000000000
      0.000000000
     -7.661769393
      4.383095473
     -1.661801751
     0.3817598368
   -0.04075523900
    -0.5218685858
      1.531193237
     -1.050123018
     0.3600902409
   -0.05169372507
      35.04320271
      2.924678952
     -3.614293729
      1.236498424
    -0.1683049807
     -23.44637449
      7.279620716
     -8.216600658
      3.003262984
    -0.4134733296
      7.489046146
     -14.86102346
     -20.15394194
      7.845375639
     -1.043666588
     -1.840913115
     -32.90309301
     -46.48164349
      17.64345501
     -2.333107522
    0.04516760391
      1.633573007
     -66.85684143
      33.14149371
     -4.765630435
     0.1147272920
      14.54764792
     -33.39196616
      51.76929286
     -8.816502505
   -0.04665407737
     -14.69168515
      38.93368272
      61.01422637
     -14.54365173
    0.01098933750
      8.322428307
      32.13439137
      35.58531148
     -21.21191914
  -0.001725846967
     -2.917065211
     -38.44580504
     -25.22839549
     -27.09928029
  0.0001754805494
     0.6126668864
      12.55686824
     -46.88956572
     -28.62532056
 -7.747004615E-06
   -0.04288463921
      1.504819501
      19.80496241
     -21.39996679
 -9.671462647E-07
   -0.02055767928
     -2.958279363
      50.81737377
     -8.017933911
    0.05000000000
     0.1000000000
     0.1500000000
     0.2000000000
     0.2500000000
   Q=    0.0000
