      13.95344996
     -13.36758792
      6.366755640
     -1.559344163
     0.1553668473
      47.72594993
     -25.72377577
      7.866376259
     -1.264034297
    0.08253137032
      175.8561227
     -51.71544121
      14.37479072
     -2.786368767
     0.2622720121
     -73.67838945
     -20.72268465
      10.12326510
     -2.040944337
     0.1576657819
      10.88359958
     -44.70405171
      11.29063739
     -1.409668027
    0.04747426644
     -1.938242514
      16.00685168
     -7.508181281
      2.712471852
    -0.4523313305
     0.7612576240
      15.09949249
     -15.68463666
      8.867387578
     -1.680138471
    -0.2498477404
     -18.84889284
     -13.63459643
      21.14220224
     -4.963592102
    0.05091294670
      8.989018021
      27.17434059
      34.00427233
     -12.40713224
  -0.004845943257
     -1.170830083
      14.02997974
      34.40078393
     -27.22506493
 -0.0005373551576
     -1.086506656
     -41.82877373
     -2.584431479
     -50.31349171
  0.0003261188852
     0.9118355849
      42.93349560
     -35.15121336
     -74.26097081
 -7.644253875E-05
    -0.4117371879
     -29.51696262
    -0.2295261802
     -78.51909563
  1.225092315E-05
     0.1315139810
      14.58516973
      16.36279256
     -51.07941402
 -1.479413528E-06
   -0.03167389708
     -5.337350980
     -12.20166671
     -15.21066873
    0.05000000000
     0.1000000000
     0.1500000000
     0.2000000000
     0.2500000000
   Q=    0.0000
