      5.903838227
     -4.739284352
      2.045409551
    -0.4700085626
    0.04391489700
      21.47340558
     -13.10219158
      4.324360291
    -0.7474436231
    0.05185018708
      157.5770764
     -41.58859162
      9.779033183
     -1.525637205
     0.1105578598
      47.61490630
     -37.04997797
      12.12924663
     -2.088430813
     0.1363898314
     -102.9693099
     -93.16324424
      24.81456102
     -3.178045453
     0.1134058836
      42.63888506
     -110.9001219
      23.75209872
     -1.863669525
    -0.1448498972
     -11.76499196
      44.50413918
      13.76368518
      1.045904544
    -0.7502110524
      1.963485425
     -16.05571177
     -3.029866303
      8.789604394
     -2.117509322
   -0.04104850055
      35.19403377
     -63.67023658
      19.71965687
     -4.141809277
   -0.08124802616
     -37.19194465
     -13.98360866
      23.09004406
     -6.047704484
    0.02678840080
      21.68090087
      90.32425318
      22.60328680
     -5.740057757
  -0.005086764130
     -8.174725150
     -67.54246609
      1.933203580
    -0.6181466246
  0.0006648764730
      2.082328290
      16.59332305
     -41.94942248
      5.512581619
 -5.899244766E-05
    -0.3225478978
      8.207734836
      3.940537062
      4.612727197
  2.498519322E-06
   0.003389792532
     -10.00715664
      69.43280028
     0.3670867620
    0.05000000000
     0.1000000000
     0.1500000000
     0.2000000000
     0.2500000000
   Q=    0.0000
