      0.000000000
      0.000000000
      0.000000000
      0.000000000
      0.000000000
     -23.68370841
      12.15540409
     -3.783698942
     0.6281674372
   -0.03883021765
     -59.74132619
      14.22977110
     -2.249226145
    0.03188795032
    0.03683611535
     -63.88647856
      13.63197169
     -1.410385326
    -0.4448103473
     0.1233168391
      28.99898529
      11.73827121
      4.116684677
     -2.798277687
     0.4612383262
     -3.177758950
      4.018796745
      18.85928321
     -8.427417702
      1.248875067
    -0.6655926158
     -22.04115945
      40.50967326
     -20.50002571
      3.090799395
     0.2345119597
      17.18200246
      46.16455086
     -42.97773697
      6.960879808
   0.007350916298
      2.165434108
      12.27595151
     -74.97661889
      14.15808588
   -0.01456722110
     -5.417454402
     -51.09219171
     -95.46881759
      25.82283856
   0.003026409159
      1.531857611
     -17.75943388
     -63.66093003
      41.82653217
 -0.0002244438742
     0.3063822509
      56.36340875
      27.21747517
      57.99361844
 -3.800012739E-05
    -0.4537927173
     -52.46808984
      69.79680452
      63.53525106
  1.638829078E-05
     0.2361588666
      34.78043562
     -14.34147142
      47.18372387
 -3.304805557E-06
   -0.08479766218
     -18.13259265
     -56.46052455
      17.09762068
    0.05000000000
     0.1000000000
     0.1500000000
     0.2000000000
     0.2500000000
   Q=    0.0000
