      1.285129284
      1.242274480
     -1.334596394
     0.4737074300
   -0.06171227789
     -53.98080376
      25.76610714
     -8.390975548
      1.623478330
    -0.1428055864
     -226.3755006
      62.49802187
     -14.76971137
      2.580562295
    -0.2625485094
     -1059.578363
      128.4950116
     -23.45380340
      4.891899601
    -0.5868264330
     -1.868264169
     -66.01557773
     -14.25040035
      8.371218663
    -0.9907306144
      186.4385393
     -311.3014175
     -56.40583750
      17.20686137
    -0.8493471791
     -81.46618136
     -738.7355756
     -172.4734316
      10.58127011
      3.108319802
      10.70872405
    -0.3433589021
     -429.2684985
     -59.42973220
      16.01973062
      2.292012385
      590.9457551
     -521.9233048
     -265.2113608
      42.67252046
     -1.400102737
     -541.3700185
     -299.3432198
     -545.2105443
      80.07263489
     0.3385533379
      254.9110989
      376.8371288
     -615.6017104
      117.5705144
   -0.05004017537
     -69.71720686
      405.2132438
     -157.1703883
      142.6613678
   0.004216935568
      6.797448808
     -929.1243044
      390.2000925
      146.9623464
  2.991845452E-05
      3.458059660
      830.8111604
      237.2358260
      111.2826853
 -7.560805763E-05
     -2.131075113
     -471.5948378
     -33.84815085
      41.10295505
    0.05000000000
     0.1000000000
     0.1500000000
     0.2000000000
     0.2500000000
   Q=    0.0000
