      0.000000000
      0.000000000
      0.000000000
      0.000000000
      0.000000000
      1.691039657
    -0.8328015685
     0.2379666569
   -0.03346035519
   0.001430615419
      7.365411698
     -1.394561116
     0.1085187268
    0.01977275076
  -0.003314015254
      17.25542529
    -0.1257403544
    -0.3721988680
    0.05899864474
 -0.0001242366760
      2.654747140
      6.066725975
    -0.8969080124
   -0.02853187503
    0.01676115138
     -3.725390036
      14.22882915
     0.3337948235
    -0.4751739027
    0.05379610361
      1.415827829
      18.77123740
      5.920879853
     -1.335215911
    0.09200496351
   -0.05292512372
     0.2262766853
      16.32778476
     -1.963132621
    0.07656610627
    -0.1127518868
     -16.62534509
      20.08296733
    -0.8078131719
   -0.04201870061
    0.04621910111
      15.38003262
      3.808937957
      2.688368289
    -0.2116237200
   -0.01016487274
     -7.331536595
     -17.84659663
      6.235855557
    -0.2613675914
   0.001408031935
      2.002908400
     -2.121581524
      5.674622146
   -0.01683506698
 -0.0001037346491
    -0.1818371821
      20.49745144
     0.1682505785
     0.4460370422
 -4.421783829E-06
    -0.1076291681
     -20.82599936
     -7.402535377
     0.7434569703
  2.671442949E-06
    0.06400274924
      12.29022809
     -9.196264235
     0.4717396128
    0.05000000000
     0.1000000000
     0.1500000000
     0.2000000000
     0.2500000000
   Q=    0.0000
