      0.000000000
      0.000000000
      0.000000000
      0.000000000
      0.000000000
      92.61675175
     -55.72996488
      22.62696408
     -5.517519353
     0.6084037447
      44.90804266
     -28.57078061
      13.91094424
     -4.061001491
     0.5245599310
     -52.76912504
     -24.03123024
      25.06862471
     -9.278863570
      1.299511751
     -47.87542366
      97.48212120
      20.62460602
     -15.35692528
      2.395205971
      34.86245745
      248.6843850
      45.18696838
     -35.04806685
      5.179473926
     -4.382030944
     -97.35398127
      70.77002718
     -71.78942141
      10.02349609
     -2.779373501
     -192.2016729
     -20.46151871
     -142.9675580
      17.60402922
      1.536121768
      234.4963835
     -73.47967983
     -254.9131294
      24.73144182
    -0.4127737878
     -137.8617902
     -57.24056664
     -322.8414043
      24.35986605
    0.07149107934
      48.88818783
     -62.36358794
     -226.4846123
      12.78026377
  -0.008012995404
     -9.677271704
      200.7655753
      51.89394758
     -3.313570044
  0.0003614677931
    -0.3430097873
     -234.1928184
      252.0969186
     -6.463356993
  7.259269018E-05
      1.127621897
      180.0041211
     -24.92637277
      6.746435692
 -2.199258235E-05
    -0.5171296710
     -101.4730248
     -254.2690982
      9.339814730
    0.05000000000
     0.1000000000
     0.1500000000
     0.2000000000
     0.2500000000
   Q=    0.0000
