      0.000000000
      0.000000000
      0.000000000
      0.000000000
      0.000000000
     -76.94370814
      41.70880081
     -14.26392601
      2.749716591
    -0.2224764619
     -376.7710213
      92.88653067
     -17.23120986
      1.550135194
  0.0002050018359
     -883.5306085
      80.81314006
     -1.622629773
     -1.689487972
     0.2458747489
     -2.416356037
     -135.0315878
      38.61893828
     -6.594426895
     0.5389613365
      133.2335200
     -456.4133373
      75.68343241
     -8.780138494
     0.5721218460
     -56.02603509
     -810.2514998
      26.71824754
      1.673766098
    -0.1597553313
      2.588516753
      47.25849236
     -279.8212547
      27.49039175
     -1.823519511
      4.393234117
      656.2196130
     -612.8828307
      29.57459259
     -5.056774318
     -1.808482410
     -605.6022670
     -435.7684865
     -44.24032544
     -14.21891331
     0.3905028316
      278.0477175
      577.3333827
     -201.5304585
     -37.38124958
   -0.05193334590
     -69.82911603
      437.7933263
     -274.4185139
     -78.68540437
   0.003322521951
      3.005218341
     -1100.812680
     -107.5689481
     -117.9549985
  0.0002901289030
      5.537867859
      968.7985574
      321.8450825
     -116.8634036
 -0.0001181550751
     -2.812497058
     -534.1018224
      568.8138684
     -58.59049188
    0.05000000000
     0.1000000000
     0.1500000000
     0.2000000000
     0.2500000000
   Q=    0.0000
