      5.060064624
     -5.534315872
      2.800809054
    -0.7125800146
    0.07398883885
      29.69935436
     -15.33503083
      4.988345099
    -0.9311127192
    0.07628953894
      91.35986415
     -34.64123451
      11.44693089
     -2.314211450
     0.1957062893
      68.36350915
     -69.52906310
      22.16238965
     -3.279496933
     0.1412539453
     -759.1560579
     -181.2131578
      37.31666608
     -1.991798303
    -0.1749748421
      423.4295624
     -548.8805322
      20.48554217
      7.574825010
    -0.8417324358
     -132.3993081
     -561.5848894
     -146.5793008
      26.90902609
     -1.039274511
      18.68353056
     -55.91199119
     -433.3332999
      30.04587538
      1.172182975
      1.637421360
      644.6578366
     -604.8574077
     -23.21302907
      6.842768869
     -1.487999424
     -599.4052006
     -151.9162543
     -152.4040837
      13.90414034
     0.3895523663
      297.7361561
      514.2399864
     -255.8063020
      15.41671941
   -0.06256617026
     -91.31284966
      118.4896416
     -199.2777501
      6.656835149
   0.006395210281
      14.92381998
     -677.2415614
      15.51264212
     -9.818038189
 -0.0002663941933
      1.045369307
      675.8231044
      255.9465069
     -21.88008292
 -4.332438424E-05
     -1.557461750
     -399.7330981
      322.2420670
     -15.98915848
    0.05000000000
     0.1000000000
     0.1500000000
     0.2000000000
     0.2500000000
   Q=    0.0000
