      11.33610619
     -10.11498805
      3.287726727
    -0.3363685449
   -0.01318793569
      49.19291044
     -12.69467182
    -0.5806923038
     0.9101523934
    -0.1131699093
      96.83032045
     -7.456070893
     -4.120963305
      1.320809160
    -0.1044485578
      453.5911890
      26.35307915
     -19.42709119
      3.105912066
    -0.1225696465
      199.4370153
      228.7254527
     -38.89902819
      1.362737022
     0.2440608465
     -186.8250515
      443.6409071
     -9.702562584
     -7.234826232
     0.7223654771
      71.24055599
      406.8983651
      106.4696409
     -19.08923877
     0.6558716383
     -11.17156856
     -77.67593429
      303.2078418
     -18.62215931
     -1.270089777
    -0.8592764320
     -334.4909520
      402.0125996
      25.03461485
     -6.058150313
     0.8857198776
      351.2181366
      128.9070006
      118.8660955
     -12.07512293
    -0.2361670283
     -179.7089598
     -364.0426883
      192.8077412
     -14.89720750
    0.03782549668
      54.77805857
     -79.92969240
      139.3635482
     -11.00425548
  -0.003740515964
     -8.249138480
      462.9865267
     -15.13426269
     -1.597592461
  0.0001196073641
     -1.093274853
     -458.9093806
     -182.9621759
      8.312058614
  3.392288863E-05
      1.108477587
      268.6871480
     -229.0319211
      8.396129514
    0.05000000000
     0.1000000000
     0.1500000000
     0.2000000000
     0.2500000000
   Q=    0.0000
