      0.000000000
      0.000000000
      0.000000000
      0.000000000
      0.000000000
     -84.01682414
      45.74987770
     -15.81021283
      3.136470672
    -0.2722096016
     -323.2148612
      82.53491645
     -17.11774147
      2.194463685
    -0.1257698573
     -450.2555079
      64.63025309
     -11.62374309
      1.727750760
    -0.1337620262
      99.49291689
     -1.323975526
     -2.047318436
    0.08206433900
     0.1023482838
      23.94591779
     -151.4142344
      24.82724608
     -6.067509357
     0.9896766020
     -18.33140285
     -324.4918041
      36.24933001
     -20.61338951
      3.603319542
      2.038835156
      107.5136436
     -12.42625434
     -62.97176083
      10.35932827
      1.041753686
      156.2272903
     -107.6115653
     -153.0110077
      23.09224095
    -0.5050565604
     -169.0312521
     -211.3705120
     -266.4446524
      40.96885169
     0.1124011602
      77.82168856
      74.92001867
     -277.1571955
      58.71380915
   -0.01484760968
     -18.29612043
      274.6521163
     -38.62236091
      70.74015672
  0.0008572622516
    -0.2169767891
     -436.9436561
      210.3195222
      73.67057488
  0.0001151391141
      2.091937917
      357.1394562
      68.49474923
      57.63214853
 -4.051865491E-05
    -0.9909118617
     -196.4849659
     -82.77278239
      22.37394670
    0.05000000000
     0.1000000000
     0.1500000000
     0.2000000000
     0.2500000000
   Q=    0.0000
