     -1.543451148
      1.844926100
    -0.9763550543
     0.2549623417
   -0.02654385782
     -8.686645537
      4.150683337
     -1.202641777
     0.1695588641
  -0.004935140434
     -13.75583645
      5.292336993
     -1.473609166
     0.1709354596
   0.006625698570
     -15.41612257
      4.834521415
     0.5944235224
    -0.8156224717
     0.1564980434
      34.30968984
     0.2521479870
      8.891420132
     -3.558723071
     0.4671944593
     -17.21252374
      8.732804711
      28.42032964
     -8.791707175
     0.9611085004
      5.169701177
      36.84842743
      58.39940608
     -14.67634432
      1.459373716
    -0.7218698318
    -0.3806862181
      67.31066950
     -13.85101573
      1.601075362
   -0.03707423484
     -19.34865141
      6.721413964
      2.209732056
      1.174931585
    0.04576868144
      17.90843833
     -37.09626970
      30.76228398
     0.3341664291
   -0.01262645572
     -9.314077251
      18.11843170
      49.35756166
    -0.7018969325
   0.002163119849
      3.156889018
     -9.202479028
      14.22607596
     -2.690408006
 -0.0002463209358
    -0.6426431635
      16.32798291
     -53.48858713
     -7.615752745
  1.471361441E-05
    0.01697752878
     -19.12631674
     -10.79081187
     -12.32447928
  8.586525846E-07
    0.04345103485
      13.67479141
      64.70632779
     -7.869113232
    0.05000000000
     0.1000000000
     0.1500000000
     0.2000000000
     0.2500000000
   Q=    0.0000
