      0.000000000
      0.000000000
      0.000000000
      0.000000000
      0.000000000
      162.6953607
     -77.09462829
      22.29165011
     -3.568285539
     0.2392237014
      295.3904803
     -61.16157804
      8.726452301
    -0.4662875188
   -0.02352583637
      128.2720205
     -48.65850965
      12.94270459
     -1.937134522
     0.1179212910
     -66.77846802
     -42.38656984
      4.856199655
     0.4709440596
    -0.1266754152
      3.281099720
      62.18183860
     -11.80296731
      1.805176351
    -0.1771270602
      6.187996280
      165.2189763
     -12.92739981
      3.663212880
    -0.5309972113
     -1.930886024
     -137.6113129
      6.380656997
      10.02923314
     -1.220827785
     0.1660627274
      29.68975019
      2.563990914
      25.96926778
     -2.046951946
    0.04279336567
      13.27786903
      48.45996611
      48.11086859
     -1.731098555
   -0.01616051552
     -10.38479036
      7.340338739
      63.96653589
      1.676001213
   0.002469855452
      2.492383559
     -89.11313859
      29.99740946
      8.414909211
 -0.0001364997289
     0.3480827182
      116.6232002
     -40.12505090
      12.75819350
 -2.690227229E-05
    -0.5121937541
     -88.68835858
     -33.32385252
      9.099679305
  8.730029514E-06
     0.2246521417
      46.49110413
      10.88251340
      2.521708088
    0.05000000000
     0.1000000000
     0.1500000000
     0.2000000000
     0.2500000000
   Q=    0.0000
