      2.487444579
     -1.820495223
     0.6118847235
   -0.08609678347
   0.002528184070
      7.763355553
     -2.084865558
    0.09553719285
    0.07979564567
   -0.01276054918
      10.35950389
     -2.190370130
     0.1223038881
    0.06463678755
   -0.01189538241
      66.40109086
     -2.025506637
     -1.424763255
     0.4184095103
   -0.03992172874
     -6.457109896
      19.23924205
     -4.612084359
     0.6142987922
   -0.03891779877
     -6.917968215
      32.09171699
     -3.833281942
     0.4148476474
   -0.05153416503
      3.779879827
      28.66993502
      2.235952294
     0.2912710165
    -0.1385127271
    -0.6259981962
     -7.707046168
      17.42150234
      1.290734388
    -0.4112245004
   -0.06958469609
     -21.50615658
      30.21658992
      6.072787435
    -0.9545189967
    0.06031349349
      23.50548800
      16.07888224
      14.40119013
     -1.584542252
   -0.01569612823
     -11.91947389
     -28.80609063
      18.63545108
     -1.958429218
   0.002433810302
      3.472718035
     -8.578010448
      8.938255033
     -1.940327366
 -0.0002209939998
    -0.4210467981
      37.40304809
     -4.898773770
     -1.659729857
  2.203216355E-06
    -0.1290561978
     -35.79431766
     -12.85440541
    -0.8375009485
  3.118175393E-06
    0.09128117814
      20.55492123
     -14.51942285
  -0.005048202293
    0.05000000000
     0.1000000000
     0.1500000000
     0.2000000000
     0.2500000000
   Q=    0.0000
