      0.000000000
      0.000000000
      0.000000000
      0.000000000
      0.000000000
      47.32312654
     -19.69759145
      4.312602470
    -0.5026008907
    0.04715897332
      131.4774186
     -12.49799467
    -0.8213636032
    -0.4016506563
     0.1924980303
      193.1925576
      30.50388535
      1.804813081
     -4.808266856
     0.8153886981
      161.2928783
      142.3268810
      34.47611185
     -17.34927531
      1.931957533
     -106.1044137
      357.8470085
      156.7683831
     -43.22096144
      3.393204382
      35.00657892
      478.9199023
      427.5674838
     -75.79486761
      4.021238603
    -0.8087393424
      36.68168657
      709.2521346
     -88.48406342
      2.013715040
     -2.812087078
     -405.0188454
      552.3348394
     -57.30389164
     -4.327067664
      1.129562441
      371.0690504
     -152.4220746
      2.800507097
     -16.13132743
    -0.2514929296
     -182.9395787
     -461.3477576
      64.92874610
     -31.75798433
    0.03608242119
      53.76529017
      154.4611852
      115.7928959
     -41.48121543
  -0.002970096407
     -6.998630909
      308.2451416
      60.43932735
     -31.98061138
 -3.178613509E-05
     -1.726528855
     -398.6516506
     -165.0836239
     -8.548345215
  5.526040140E-05
      1.325463214
      254.8681127
     -242.7416878
      3.526672997
    0.05000000000
     0.1000000000
     0.1500000000
     0.2000000000
     0.2500000000
   Q=    0.0000
