      0.000000000
      0.000000000
      0.000000000
      0.000000000
      0.000000000
      79.61208134
     -39.15959361
      11.29665737
     -1.652331796
    0.07874034643
      216.5842121
     -47.02408382
      6.038836839
     0.1952123223
    -0.1213085207
      210.6152229
     -38.61602527
      2.483412439
      1.336889104
    -0.2606382853
     -127.0160991
     -45.64268348
     -12.43961266
      6.510466651
    -0.7499616714
      24.67683898
     -52.17178506
     -62.99732532
      17.28530162
     -1.353118761
    -0.9540866369
      52.07819268
     -155.8071299
      34.58802436
     -1.760776547
     -1.158960337
     -94.70184388
     -215.6935098
      61.05841410
    -0.6834419964
     0.4226645983
      58.25955454
     -143.6222253
      105.8675316
      5.556021816
    -0.1054938960
     -33.73396487
      152.8959673
      161.0309168
      23.73959501
    0.02272168351
      19.50362989
      158.7424715
      165.5977043
      57.30762949
  -0.003991885307
     -8.514530987
     -247.4973779
      8.971397652
      91.93009981
  0.0005522217794
      2.745429741
      168.2633648
     -167.4966107
      93.20513719
 -6.005162985E-05
    -0.6847817534
     -80.53897227
      5.467614894
      50.93237139
  5.100978898E-06
     0.1371680383
      31.10675264
      183.5231060
      9.907280634
    0.05000000000
     0.1000000000
     0.1500000000
     0.2000000000
     0.2500000000
   Q=    0.0000
