      0.000000000
      0.000000000
      0.000000000
      0.000000000
      0.000000000
      4.637210719
     -1.416138295
   -0.07480053725
     0.1493594479
   -0.02524519899
      16.06794018
   -0.03293512610
     -1.412752866
     0.4377650723
   -0.04325476574
      36.41095148
      6.832313039
     -3.804114579
     0.7799795639
   -0.05958370707
     -12.99209460
      22.62350420
     -7.203143624
      1.167289112
   -0.06704214709
      2.072784725
      22.02777086
     -10.19390744
      1.385025446
   -0.03485467212
     0.3875828505
     -1.322790048
     -14.82708425
      1.137574827
    0.06569489203
    -0.2423320313
     -12.86365243
     -16.28798948
    -0.3489363161
     0.2331433207
    0.03946197686
      5.075923926
     -1.114457647
     -1.853896788
     0.3678522374
 -0.0004096951117
     0.1723731843
      17.29880923
     0.6722872791
     0.4812762695
 -0.0008345470863
    -0.4822505492
     -2.392063422
      6.465655810
     0.8641451188
  0.0001172218317
   -0.02046600231
     -14.66540252
      5.939564327
      1.578984301
  7.293285320E-06
     0.1443616316
      18.38932744
     -1.520704227
      1.948868223
 -5.635372496E-06
   -0.08555588146
     -12.79187937
     -5.307876224
      1.459447482
  1.206432583E-06
    0.03055226558
      6.106716969
     -4.529314064
     0.5614840289
    0.05000000000
     0.1000000000
     0.1500000000
     0.2000000000
     0.2500000000
   Q=    0.0000
