      0.000000000
      0.000000000
      0.000000000
      0.000000000
      0.000000000
     -86.97204855
      40.08628166
     -10.38585870
      1.294809851
   -0.04820090459
     -233.0210426
      39.50086012
     -1.506879839
    -0.9759002684
     0.1349109230
     -295.6798514
      10.67121155
      7.862041402
     -2.421807395
     0.2035495086
      231.0284267
     -39.65873875
      35.12074756
     -8.060456054
     0.5147306521
     -69.14365387
      9.805733331
      107.9846556
     -18.83803006
     0.6626229765
      10.01857877
      105.8523742
      276.2485350
     -33.71068638
     0.2321959825
      2.434872009
      191.4133811
      454.8095723
     -44.38394619
     -1.610404186
     -1.669797971
     -238.1053209
      331.4659540
     -58.18034098
     -6.217765728
     0.5052000040
      164.8243167
     -234.3985970
     -102.6964413
     -17.55441853
    -0.1037652124
     -78.52063864
     -279.7452764
     -137.9580658
     -39.80473880
    0.01511025801
      25.39317906
      308.7623543
     -8.600044535
     -63.50931017
  -0.001460251171
     -5.107104785
     -103.9350059
      156.0181295
     -61.03966817
  5.582233115E-05
     0.2870993695
     -18.37575631
     -27.18380070
     -27.65027408
  1.020384156E-05
     0.2197028609
      36.45078436
     -196.5884298
     -1.944841919
    0.05000000000
     0.1000000000
     0.1500000000
     0.2000000000
     0.2500000000
   Q=    0.0000
