           0.    
           0.    
           0.    
           0.    
           0.    
  1083.006013    
  13136.63766    
 -2320.489390    
  8301.131366    
 -17797.75103    
 -1241.632195    
 -7332.854610    
  2240.154058    
 -4291.541166    
  9056.775155    
  1196.064062    
  13807.47855    
 -2708.915950    
 -8769.674993    
 -14444.13227    
 -3561.662284    
  8166.471863    
  5396.538821    
 -24640.10123    
 -18736.43034    
 -8394.266688    
 -30346.46380    
  16105.26624    
  11710.29572    
  3963.571580    
 -610.7982669    
 -19261.43367    
  4041.749466    
 -5355.664855    
 -24393.86948    
  12358.88515    
 -6532.824303    
 -20394.25463    
  423.5338244    
 -290.8792427    
  6305.187497    
  4186.131836    
 -17862.56297    
  179.4843664    
  3058.696297    
 -15262.43387    
 -4890.571845    
  10087.64528    
 -104.3388382    
 -2796.470739    
 -6205.947401    
  2820.017148    
 -7995.906777    
  28.33558721    
  1278.734655    
  83.42742750    
 -1032.765562    
  189.0175032    
 -5.051055123    
 -379.0319093    
  4774.699524    
  245.3353061    
  2218.412744    
 0.6135215253    
  74.42007234    
 -3287.958862    
 -30.23806131    
 -1230.913591    
-0.4343982855E-01
 -7.844514150    
  1271.744951    
 -2.409129083    
  363.9224631    
-0.5683054843E-03
-0.4668107967    
-0.1096833640    
 0.7776146511E-01
 0.1041759952    
 0.4516736309E-01
 0.6878581033E-01
   Q=    0.1409
