  381.2873638    
 -724.7351449    
 -188.3402206    
 -294.9119959    
  731.2600574    
  10.09942206    
 -529.8009109    
  35.80734587    
 -982.7241985    
  866.5117000    
 -134.0178729    
 -753.7212958    
  145.1285020    
 -3002.131738    
  1490.577085    
 -1892.336166    
  1292.876766    
  1133.352418    
  661.3988449    
 -106.1261693    
 -4019.167139    
  1664.349947    
  2379.403951    
  191.1206384    
  3314.385101    
 -8068.512107    
  5824.994178    
  4494.969830    
  189.5408137    
  5800.761529    
 -8352.427411    
  7284.291911    
  4659.570758    
 -21.16344225    
  3210.857104    
 -3651.308208    
 -5780.830583    
  2935.355570    
  34.82514771    
  542.0448099    
 -3495.732855    
 -10005.61378    
  3076.548821    
 -18.02824461    
 -5001.806973    
  557.8500926    
  5486.074098    
 -570.0168962    
  3.422552167    
  2212.524777    
  6924.910969    
  1260.611508    
 -5637.260597    
-0.2282498685    
 -30.89257942    
 -11096.54377    
 -2587.198823    
  962.2341279    
-0.3373682433E-01
 -340.9382504    
  5612.457968    
  1364.129109    
 -3325.888550    
 0.1102304561E-01
  167.3043938    
  22.75161612    
 -401.9568847    
  6877.841332    
-0.1564234048E-02
 -45.03946502    
 -1679.030250    
  62.64397686    
 -6257.659824    
 0.1437063478E-03
  7.506560362    
-0.1166805793    
 0.9226863425E-01
 0.1231280418    
 0.3566191221E-01
 0.7662188908E-01
   Q=    0.1204
