  2063.413444    
  4692.355269    
 -3868.911004    
  2806.675543    
 -5559.735847    
  1862.047821    
  3958.108313    
 -3450.514723    
  2115.632474    
 -4379.918799    
  5057.697546    
  7006.703841    
 -8967.618542    
 -9494.264554    
  1867.852991    
  7880.263694    
  15390.60397    
 -14651.31682    
 -6064.831650    
 -8644.904504    
  8907.359071    
  9274.915366    
 -15681.55217    
 -2807.916911    
  9019.561059    
  11494.92158    
  15303.10054    
 -21832.27941    
  13174.30096    
  24602.40387    
 -375.3664040    
  11205.89964    
 -1832.388634    
  2179.645932    
  7489.374986    
 -11785.87036    
 -21436.12074    
  24471.81923    
 -3755.365312    
 -14089.52846    
  7999.622264    
  20236.83693    
 -9871.810594    
  1612.429499    
  7997.434383    
  1182.340520    
 -5336.504681    
  11010.21354    
 -335.7071244    
 -2030.610321    
  7987.838076    
 -1136.565466    
 -6000.219482    
  27.52549545    
  129.8619838    
 -6419.720517    
  1608.893622    
  3730.743522    
  5.423535159    
  99.32226952    
  3292.065335    
 -736.4815572    
 -1682.692277    
 -2.441094467    
 -44.98232826    
 -1936.550269    
  206.5967899    
  248.6317095    
 0.4936075721    
  10.87555257    
  1138.204864    
 -37.17361073    
  187.1549215    
-0.6679050357E-01
 -1.772691885    
-0.1027664711    
 0.7939842258E-01
 0.9752998122E-01
 0.4911162296E-01
 0.6209138075E-01
   Q=    0.1225
