           0.    
           0.    
           0.    
           0.    
           0.    
 -73489.22284    
  145052.8193    
  6855.130708    
  31787.48575    
 -104141.6317    
  61243.83950    
 -147720.3600    
 -3956.689089    
 -71294.26191    
  136754.8282    
 -56661.37730    
  92206.25238    
  6502.741431    
 -16286.65817    
 -42046.20832    
  37367.29602    
 -80691.59261    
 -1976.132567    
  98706.65311    
  39486.16731    
 -60843.44247    
  71954.21922    
  8551.150819    
 -46213.64472    
  5372.650706    
  21917.34476    
 -39512.52418    
 -1019.079660    
  14582.00986    
 -1724.967254    
 -20136.45066    
  10385.78515    
  4491.178593    
 -2557.844941    
  1837.900974    
  17260.94452    
 -3010.323304    
 -2550.547752    
 -26.63380549    
 -3859.891904    
 -6394.820256    
  3073.399965    
  4446.989915    
  153.8991102    
  2971.221070    
  2725.549574    
 -1175.106466    
 -191.6510736    
 -45.46366422    
 -1079.688080    
 -2012.645874    
 -102.0600948    
 -3002.999798    
  7.227176613    
  184.9558742    
  1182.023022    
  267.2173328    
  2439.680912    
-0.5977928366    
  8.515813640    
 -472.7613926    
 -128.6938147    
 -939.7478028    
-0.1634490079E-01
 -14.50580393    
  133.5770766    
  37.98895506    
  138.7827847    
 0.1389735121E-01
  4.688427995    
-0.8312642056E-01
 0.7516554573E-01
 0.9665105014E-01
 0.4418609334E-01
 0.6483863702E-01
   Q=    0.0713
