  1940.281795    
 -2733.952315    
 -367.0605960    
 -833.8540043    
  1844.724856    
  1982.918265    
 -3752.663450    
 -244.8926812    
 -3684.092959    
  4183.079039    
  196.4915004    
 -1507.851387    
  96.32677275    
 -7366.855961    
  3970.802447    
 -3748.985595    
  5932.233123    
  616.8697456    
  1132.535036    
 -4811.496621    
  1368.811099    
 -1252.132787    
 -337.9192047    
 -933.6717264    
 -344.4194939    
  614.6178700    
 -720.0270675    
 -58.97391112    
 -125.8441936    
 -1076.792066    
  292.5393685    
 -1181.873257    
  226.4014455    
  54.28697852    
 -304.1677239    
 -1267.031564    
  658.0732078    
  917.4951257    
 -5.776542456    
  339.0833657    
  1291.605508    
 -407.8401866    
  1323.501742    
 -4.083112058    
 -274.8129067    
  1273.362140    
  1070.510883    
  3203.461072    
  2.616902842    
  219.9015634    
  559.7571127    
 -232.7991464    
  3886.661990    
-0.6555202741    
 -76.35744385    
  311.1069716    
  264.7940575    
 -491.9868881    
 0.1424743677    
  31.08986788    
 -906.8188062    
 -275.9905666    
 -2990.637734    
-0.2878597196E-01
 -13.30847842    
  626.3118031    
  147.7181207    
  2669.913747    
 0.4770857077E-02
  4.313070853    
 -258.1101017    
 -51.46997579    
 -1296.394430    
-0.6180781958E-03
 -1.026330810    
-0.9890408342E-01
 0.8869897366E-01
 0.1101947671    
 0.4122357072E-01
 0.6801330170E-01
   Q=    0.0925
