  1002.950422    
 -3549.245297    
 -329.9547650    
 -5789.496976    
  8422.490038    
  340.3865720    
 -1855.298279    
 -91.15669354    
 -4900.829981    
  5983.488547    
  1573.295284    
 -3487.415272    
 -550.7543363    
  6241.833672    
 -521.5928048    
  1904.008266    
 -8813.897333    
 -490.2195768    
  7112.812607    
  10828.06571    
 -570.7956783    
 -2616.754348    
  299.1849101    
  8465.883396    
  7410.754018    
 -2056.779782    
  8119.136685    
  542.6819302    
 -6506.423005    
 -7737.027825    
 -298.7852734    
 -429.6657559    
  3.555797208    
  2528.226215    
  4203.310195    
 -2637.077375    
  1936.503818    
  786.6790529    
 -250.5434076    
 -335.2832603    
 -2530.233567    
 -4125.912059    
  1191.088721    
 -176.2630483    
 -662.2287028    
  1295.804814    
  2062.304522    
  1971.389819    
  74.21099174    
  302.1540308    
  4056.195906    
 -303.4661013    
  4280.942768    
 -12.46493036    
 -54.48839589    
 -2188.318017    
 -58.77131232    
  2004.783955    
 0.8254406440    
  2.641473344    
 -218.0215336    
  33.28336647    
 -6814.833213    
 0.8644853870E-01
 0.9558084736    
  715.9157491    
 -5.428432852    
  5723.079473    
-0.3008005978E-01
-0.2663101544    
 -432.3692869    
-0.3873138602    
 -2985.969713    
 0.4060096739E-02
 0.3306066612E-01
-0.1012444463    
 0.7556508212E-01
 0.1119712174    
 0.4929471149E-01
 0.5805113996E-01
   Q=    0.1473
