           0.    
           0.    
           0.    
           0.    
           0.    
  28.89501997    
 -62.13483905    
 -55.56893901    
 -449.5833387    
  499.2818006    
  94.26761538    
  568.3346823    
 -296.1763145    
  1399.840453    
 -1533.639706    
  139.3902049    
 -857.9177232    
 -165.6937906    
 -351.7061774    
  2228.916686    
  591.1269572    
  194.6978272    
 -1562.804897    
  3263.253147    
  2474.900381    
  1267.607183    
  5230.177248    
 -4379.781801    
  1588.514094    
  3039.997096    
  1229.429080    
  5568.102008    
 -4349.549569    
  736.0588880    
  1833.546763    
  896.6106312    
 -4104.835748    
 -1918.632457    
  179.8685549    
 -124.5905146    
  1291.221215    
 -3094.727460    
 -4252.670887    
 -547.8947198    
 -1162.347692    
 -566.8490369    
  1082.812336    
 -252.3659992    
  161.0255467    
  385.8830321    
 -2386.620063    
  1094.685596    
  4984.093457    
  7.417987730    
  51.94144755    
 -435.4783346    
 -1147.238756    
 -5470.788181    
 -18.45973106    
 -78.31254236    
 -985.3269936    
  505.0745137    
  2615.360136    
  6.425036055    
  29.59805495    
  2918.034272    
 -126.7186565    
 -467.6515577    
 -1.281686539    
 -6.498193832    
 -2659.363923    
  14.35299462    
 -177.9291101    
 0.1588771909    
 0.8565219708    
-0.1173685441    
 0.8644203152E-01
 0.1050097235    
 0.5958430573E-01
 0.6751095108E-01
   Q=    0.1180
