           0.    
           0.    
           0.    
           0.    
           0.    
  2693.817418    
  32598.43791    
 -14072.23945    
  11342.15478    
 -30041.65647    
  1133.594543    
  6097.838062    
 -4620.814408    
 -5770.267130    
 -463.5517488    
  2909.950880    
  18578.28621    
 -12713.84411    
 -27953.44680    
 -1566.087396    
  2253.183079    
  13545.92102    
 -9298.266318    
 -12070.35428    
 -3673.155414    
  1698.548824    
 -15326.74700    
 -1470.363579    
  16812.28992    
  23858.83702    
  3095.928065    
 -1638.138766    
 -5528.025893    
 -6437.633244    
 -19171.22362    
  5532.021200    
 -20435.27674    
 -9193.892599    
  422.3500424    
 -5744.903714    
  6418.072291    
  9509.709425    
 -16907.58500    
  259.5583123    
  5888.185194    
  2083.313633    
 -4333.583997    
  16348.76425    
 -123.7798964    
 -3104.780171    
  9727.924464    
  2449.436343    
 -4138.047114    
  32.06905523    
  1221.215173    
 -197.3713013    
 -435.7780105    
  2867.359163    
 -5.108681077    
 -263.7195637    
 -8301.481022    
 -277.1279339    
 -3162.378873    
 0.4078932477    
  2.417791276    
  7134.846810    
  222.1471188    
  1957.214907    
 0.2369952661E-01
  18.53088080    
 -3336.621998    
 -84.42242519    
 -781.6967131    
-0.1335088220E-01
 -7.197629586    
-0.1095836591    
 0.8239287127E-01
 0.9672236375E-01
 0.4607040013E-01
 0.6972996062E-01
   Q=    0.0879
