           0.    
           0.    
           0.    
           0.    
           0.    
 -898.5856547    
  15320.75500    
 -29380.89535    
 -26701.61971    
  37226.27831    
  513.8460006    
 -3736.710750    
  3434.514636    
 -9234.865780    
  5327.314344    
  303.6914309    
 -2162.755365    
  3655.488240    
  21113.61894    
 -11675.74604    
  1214.079463    
 -7982.172735    
  6834.354475    
 -7246.149042    
  7710.070777    
  1484.023350    
 -8436.038488    
  7403.304993    
 -2371.520835    
 -2351.894461    
  2328.626830    
 -1489.382673    
 -17320.23384    
  3482.960920    
  3691.451155    
  4442.737760    
 -18503.78857    
 -6574.625782    
 -2123.951158    
 -6305.933261    
  2794.147853    
 -12235.65234    
 -7401.558181    
  396.7952777    
  957.2134422    
  10.06437324    
  9283.244596    
  4915.473091    
 -34.01962041    
  99.75334443    
  2546.627109    
  542.7273700    
 -165.7885027    
  2.356285928    
 -7.766025607    
 -1089.915459    
 -2325.308696    
 -706.4309018    
-0.5590984890    
 -17.89448952    
 -4708.592781    
  849.2403946    
  270.5784259    
 0.7234526566E-01
  5.324898474    
  6297.975198    
  2.142216473    
 -21.33443984    
 0.1426200993E-01
-0.2167076513    
 -4237.739418    
 -125.8351392    
 -19.29399867    
-0.7706654382E-02
-0.2623156183    
-0.1137267903    
 0.9487323313E-01
 0.8559760035E-01
 0.5018580338E-01
 0.6478532228E-01
   Q=    0.0963
