           0.    
           0.    
           0.    
           0.    
           0.    
  1565.440111    
  400.4414739    
 -1374.053945    
  2475.831997    
 -2640.491845    
  5820.644676    
 -2524.481747    
 -4563.373355    
  2747.985380    
 -87.34807191    
  3540.995155    
 -2813.751385    
 -2590.595975    
  3610.671768    
  1296.759361    
 -2994.901838    
  746.2572366    
  2394.703828    
  1396.217464    
  386.5654433    
 -733.3007064    
  1385.667037    
  324.9175502    
 -1507.608436    
 -224.9061040    
  2499.407869    
 -122.9774840    
 -2336.355255    
 -122.3325942    
 -1090.345138    
 -3723.364451    
  460.2725157    
  1889.304787    
  713.8428198    
  1992.637100    
 -44.15775686    
 -3224.639542    
 -3256.710944    
 -520.3174869    
 -1831.856314    
 -3924.214027    
  2041.194636    
 -3953.788594    
  190.4807426    
  829.7264503    
 -2614.145296    
 -1232.544758    
 -3476.742319    
 -48.56832605    
 -272.4178454    
  1077.948117    
  218.5651170    
  1650.282721    
  6.976965052    
  45.14798942    
  1558.262593    
  167.1776197    
  1749.428198    
 0.1591830568    
  5.400424547    
 -1642.710332    
 -136.6651336    
 -2011.513441    
-0.3574635214    
 -5.630599217    
  826.9931369    
  54.19807966    
  1047.982655    
 0.1023343085    
  1.858267588    
-0.1094049602    
 0.8958752758E-01
 0.1114568721    
 0.5829343223E-01
 0.7094455692E-01
   Q=    0.1192
