  1798.499741    
 -2086.351523    
 -234.8379829    
 -313.4549540    
  781.0722386    
 -459.3082058    
  824.5849837    
  4.526271410    
  866.3824008    
 -843.3295551    
  3005.925043    
 -2521.017333    
 -538.2000548    
  5815.998187    
 -1640.795287    
  5836.868653    
 -6973.081878    
 -707.6350868    
 -89.63678761    
  2707.834285    
  44.28562933    
  2345.835599    
 -378.7609528    
  2030.875427    
 -6208.127385    
  5868.299754    
 -3061.124034    
 -1185.401641    
 -2469.288972    
 -10357.77783    
  6320.499622    
 -3521.400921    
 -1182.687327    
  270.5342101    
 -3822.515179    
  1011.789752    
  11110.00258    
 -1167.833226    
  31.22839038    
  5078.502247    
  13781.14902    
  5609.345910    
 -1048.579523    
  4.318156235    
 -378.5786427    
  1920.807193    
  3096.650318    
  6611.461391    
  3.645738280    
  663.6928736    
 -9489.530798    
 -7802.043196    
  11335.20921    
 -2.987465532    
 -770.0944788    
  10747.77790    
  7057.169003    
  30.30738321    
 0.9636637996    
  435.7366192    
 -5920.957500    
 -3462.512986    
 -3057.405804    
-0.1889012273    
 -149.4121488    
  1622.209132    
  958.6050277    
 -1655.302263    
 0.2494263211E-01
  33.23506037    
  3.328641465    
 -86.82211586    
  3619.169236    
-0.2182659576E-02
 -4.410869457    
-0.1078638723    
 0.1006767906    
 0.1225115289    
 0.4364576681E-01
 0.7500480612E-01
   Q=    0.1151
