           0.    
           0.    
           0.    
           0.    
           0.    
 -99.31049901    
 -1029.121745    
  287.6145973    
 -1765.978675    
  2174.108998    
  1122.194686    
  1270.543062    
 -1682.918376    
 -140.2873870    
 -867.0301136    
 -88.56329978    
 -614.3968134    
  218.8932583    
  981.3531470    
  636.5703830    
  1003.400979    
 -1007.130885    
 -1277.847123    
  2200.801005    
  3894.950950    
  2956.410391    
  4149.559014    
 -4911.253949    
 -30.13537673    
  1879.998785    
 -1597.658199    
  2745.212627    
  1213.446926    
  1010.985950    
  3338.415228    
 -4492.641873    
  2266.591857    
  5097.978873    
 -421.9415286    
 -1599.395366    
 -1159.692460    
  3829.645293    
 -707.8073863    
  180.7824850    
  1500.661756    
 -569.2572053    
 -2657.370918    
 -2896.650374    
 -36.40614617    
 -502.2243731    
 -2224.726199    
 -210.2227279    
 -1289.289775    
 -1.702606829    
 -33.37839007    
  179.2813615    
  612.6426530    
  917.3357836    
  2.548116568    
  69.68080136    
  2711.059177    
 -210.7875484    
  1154.598784    
-0.6500349903    
 -23.09808951    
 -2959.208298    
  5.050709888    
 -1605.898980    
 0.8991989049E-01
  3.623217828    
  1801.017262    
  24.06302253    
  1020.952726    
-0.5531010834E-02
 0.1242226932E-01
-0.1193887186    
 0.9460581672E-01
 0.1156276659    
 0.5492972243E-01
 0.7461936033E-01
   Q=    0.1087
