  10.70174326    
  803.8142265    
 -422.4984097    
  212.5826125    
 -578.5219361    
  40.03013847    
  4617.726570    
 -2187.377762    
  2349.679986    
 -4162.178150    
 -35.70947463    
  8082.561885    
 -2786.882623    
  11143.19422    
 -11272.35353    
 -306.4245892    
 -6083.082312    
  5402.991713    
  20222.61666    
 -5089.253854    
 -388.1505856    
 -25456.32391    
  13309.57780    
  433.4586446    
  18325.57851    
 -155.6320696    
  1438.656271    
  1053.475259    
  7696.042003    
 -8016.035818    
 -459.8372233    
 -3789.060108    
  5955.574122    
 -5540.056506    
 -12702.20879    
 -686.0799618    
  460.7933202    
  2931.389718    
  508.3449816    
  422.3157476    
 -2176.915218    
  12313.50050    
  3120.427079    
  571.9261075    
  8468.022402    
 -4957.378120    
 -2199.347786    
  10949.84441    
 -227.9011525    
 -4035.345136    
 -9592.968368    
 -2850.437695    
 -13111.77088    
  45.51329323    
  856.3179544    
 -15868.33044    
  1818.806470    
  6064.820874    
 -5.764190941    
 -64.41027420    
 -1777.758937    
 -1196.242018    
 -3399.139534    
 0.1133917688    
 -71.24098779    
  14859.97418    
  659.9082664    
  1932.290993    
 0.1524047223    
  46.15743086    
 -11404.96567    
 -254.9509543    
 -810.7282698    
-0.4274582039E-01
 -15.67258322    
-0.1102958564    
 0.8189836955E-01
 0.8901252509E-01
 0.4534104103E-01
 0.6748733353E-01
   Q=    0.1174
