           0.    
           0.    
           0.    
           0.    
           0.    
 -1034.037316    
 -49738.99924    
  25720.98129    
 -37248.35536    
  53530.19604    
 -42.06468831    
 -11640.91649    
  4635.803916    
 -21131.60950    
  19900.85124    
 -369.0299371    
 -11594.92002    
  7997.322177    
  45411.33160    
 -8791.362295    
  317.6089020    
 -8937.019431    
  2034.952781    
  3402.270463    
  14333.28454    
  787.0062275    
  15921.37813    
 -8361.867328    
 -16430.46605    
 -33093.03482    
  1692.599631    
 -34345.24555    
  6173.920274    
  5223.562214    
  7030.083810    
  4176.906983    
  14663.39639    
 -37188.95241    
 -540.3340657    
  3155.305983    
  1375.574141    
 -28193.23232    
 -10886.46395    
 -320.9007813    
 -6332.415546    
 -2801.371138    
  10126.77282    
 -338.9045790    
  118.3434193    
  2413.121200    
 -5568.525288    
  2253.596832    
  13828.23700    
 -16.80392156    
 -312.0304981    
 -4364.637786    
 -3653.888405    
 -12386.52929    
 0.9216427804E-01
 -79.83568091    
 -1065.210996    
  1756.074380    
  5803.795735    
 0.4456578017    
  49.71014566    
  8512.441035    
 -511.8059815    
 -1714.484434    
-0.1041580035    
 -13.22520130    
 -8401.681142    
  97.85765953    
  307.0057222    
 0.1449986895E-01
  2.307632550    
-0.1154935885    
 0.8353334170E-01
 0.9250587457E-01
 0.4514322637E-01
 0.6362060403E-01
   Q=    0.1064
