           0.    
           0.    
           0.    
           0.    
           0.    
  659.9895222    
  28209.49046    
 -7753.478862    
  33512.34884    
 -44738.66607    
  208.3631316    
  11123.59034    
 -2707.985482    
  21878.58741    
 -21015.97449    
  570.7492068    
  13670.36026    
 -5471.132197    
 -37055.26153    
 -3861.939307    
  479.9388158    
  11662.79247    
 -4554.842837    
 -298.5183365    
 -9128.053146    
  871.1180388    
  4363.942251    
 -6941.127941    
  10668.54026    
  38702.06025    
  910.6544945    
  28296.15771    
 -11520.43636    
 -3441.685414    
 -11531.94830    
  125.1359293    
 -26408.14153    
 -3809.586788    
  659.5219546    
  1000.955012    
 -1282.193749    
  8144.600986    
 -22333.98433    
 -82.87964997    
  210.1055937    
 -9438.807319    
 -7401.984399    
 -1449.786727    
 -13.75739953    
 -912.4901720    
 -16374.96283    
  5963.896400    
  16099.01039    
  9.782384286    
  623.9992927    
 -10184.30704    
 -3058.030815    
 -14804.34500    
 -2.596195851    
 -239.0040154    
  5914.735485    
  983.9575553    
  6359.545732    
 0.4317614179    
  58.98589904    
  10318.56588    
 -188.0414065    
 -1128.826423    
-0.4808443600E-01
 -9.441768955    
 -13431.49370    
  9.801560167    
 -271.7711214    
 0.3204654520E-02
 0.7689455043    
-0.1226852736    
 0.8091811443E-01
 0.9965473711E-01
 0.4201360117E-01
 0.6286306810E-01
   Q=    0.0894
