 -1046.041086    
 -77.98454280    
  311.1513177    
  1135.464665    
 -902.4616314    
 -11237.19715    
 -65.87748611    
  372.1667652    
  3327.772637    
 -1772.930686    
 -60538.96412    
 -51.28115794    
  355.5758396    
  5584.953427    
 -2252.635794    
  10684.74664    
  80.90670192    
 -152.8532526    
  1154.967078    
 -327.0397978    
 -968.9255118    
  232.4976992    
 -272.1523125    
  13968.17458    
 -3844.434643    
  139.6356837    
  1181.557295    
 -3841.636103    
  15184.87008    
  4066.355126    
 -17.42846731    
  2413.458277    
 -8503.240009    
 -8762.142856    
  18534.89184    
  1.954691057    
  4089.587875    
 -12239.02396    
  6841.891831    
  9032.331539    
-0.9629055876E-01
  7102.092725    
 -19160.26510    
 -1511.141061    
 -7245.322109    
-0.8796160687E-02
  8943.400021    
 -18429.55387    
 -786.0586719    
 -7561.461415    
 0.1416871162E-02
  6699.412727    
  8070.758855    
  360.5967277    
  4006.798601    
-0.6279587704E-04
  5344.959110    
  16726.20394    
 -25.83305428    
  366.4066536    
-0.1922868763E-05
 -932.0133886    
 -16619.55297    
 -19.17173796    
 -897.0893496    
 0.4503137007E-06
 -11423.90174    
  7077.659716    
  7.928952763    
  394.5858674    
-0.3396823655E-07
  13939.19696    
 -1415.914311    
 -1.716165344    
 -101.9559651    
 0.1741358903E-01
 0.1154607120    
 0.1016606863    
 0.5767242748E-01
 0.7743891704E-01
   Q=    0.1240
