           0.    
           0.    
           0.    
           0.    
           0.    
  6100.230210    
 -17420.59692    
 -1011.520612    
 -13684.33028    
  23124.31505    
 -4729.289354    
  4453.277478    
  1403.788957    
 -10027.77301    
  3922.501296    
 -4475.721956    
  9759.083493    
  999.6173164    
  7112.215361    
 -11159.74875    
 -1752.004434    
 -2592.769876    
  769.3531867    
  418.3464442    
  9503.242828    
 -8008.901331    
  13558.16025    
  1500.974478    
 -3324.884442    
 -1.012464781    
  4542.886825    
 -850.7416191    
 -2649.716622    
  4638.874393    
  9845.090546    
  11390.48431    
  524.5098560    
 -6377.006930    
 -2055.010419    
 -6953.866013    
  4079.738696    
  6901.139521    
 -8534.779765    
  628.1951488    
  4234.694574    
 -7837.666732    
 -2682.155967    
 -11717.82294    
 -85.59798105    
 -871.3241053    
 -7564.921206    
 -2552.536975    
 -14411.70217    
 -15.18624979    
 -432.4667787    
  3466.171711    
  1483.708056    
 -355.0940609    
  7.929404643    
  247.6556462    
  1856.777589    
 -151.0920833    
  14687.71947    
 -1.391990777    
 -46.86820363    
 -2265.926696    
 -137.4246585    
 -12867.88011    
 0.9964383931E-01
-0.9365652109    
  1138.708266    
  82.13792028    
  6444.582238    
 0.1058803525E-01
  2.985922824    
-0.9763807371E-01
 0.8333611778E-01
 0.1086307113    
 0.4981822885E-01
 0.6856893351E-01
   Q=    0.1073
