           0.    
           0.    
           0.    
           0.    
           0.    
  1236.225024    
 -8270.678216    
  10471.77720    
  15547.59481    
 -16298.17979    
 -1373.281411    
  7617.964737    
 -8800.731967    
 -13694.36240    
  12854.60389    
  459.6391966    
 -4183.654588    
  5768.108992    
  1074.185917    
 -6035.372657    
 -2181.346990    
  10349.37184    
 -10629.66525    
  4615.375614    
  4885.387857    
  474.1811760    
 -7425.233728    
  10883.17820    
 -3276.313284    
 -4358.214936    
 -2827.251826    
  7039.368833    
 -3248.019478    
  1006.636579    
  1776.807301    
 -1238.171973    
 -2479.020090    
  3767.890458    
 -33.03054816    
  233.0188947    
 -2505.877217    
 -241.8147023    
 -3045.488766    
 -59.32689973    
 -361.0046656    
 -2316.572897    
 -2252.059579    
  50.09796907    
  18.90741759    
  119.2334961    
 -68.85212875    
  1515.065517    
  474.6609030    
 -3.280693808    
 -22.79136297    
  2490.360331    
 -322.0237970    
 -198.3191044    
 0.3513513259    
  2.511017951    
 -2300.441512    
 -86.58238825    
  35.06797906    
-0.1286609045E-01
 0.2031213520E-01
  1272.861128    
  100.9547301    
  4.185003696    
-0.3579425812E-02
-0.7806723641E-01
 -534.6351714    
 -50.28854536    
 -5.915526115    
 0.9340947390E-03
 0.1950338061E-01
-0.1072003317    
 0.9627290866E-01
 0.8876583717E-01
 0.4613947275E-01
 0.5711061437E-01
   Q=    0.0925
