 -1259.759478    
  5955.023129    
  144.0298650    
  5967.901943    
 -10549.60441    
 -396.5738750    
  3411.779969    
  11.25946395    
  6056.782235    
 -8358.900771    
 -1262.282351    
  3201.564428    
  155.3532191    
 -8146.157185    
  2463.478816    
 -2055.239106    
  12995.89595    
  67.86645769    
 -10200.46686    
 -13390.49204    
  1821.833522    
  3149.489820    
 -469.8412329    
 -13582.06884    
 -9559.772862    
  5121.704784    
 -14814.64990    
 -769.2050114    
  9387.589603    
  7761.940934    
  3043.271907    
  2532.453346    
 -819.2015628    
 -3994.631854    
 -5808.876042    
  6752.237250    
 -1409.405178    
 -1566.979818    
  521.9644446    
  725.0983211    
  2941.041000    
  5146.568546    
 -1745.983239    
  297.5169383    
  1338.380969    
 -3792.004955    
 -3157.812377    
 -2783.434786    
 -150.2118701    
 -741.4012976    
 -1397.060098    
  764.4951161    
 -4296.490532    
  31.39809759    
  175.0175319    
  2151.016837    
 -15.49533465    
  159.9218454    
 -3.259170936    
 -17.49708670    
 -1001.759611    
 -50.39508564    
  4905.226540    
-0.5162843046E-01
 -2.139133655    
  251.7633352    
  19.65547878    
 -5068.083371    
 0.8707818550E-01
  1.244465835    
 -20.42176376    
 -4.432647160    
  3037.067333    
-0.1855586853E-01
-0.2805706284    
-0.9490762993E-01
 0.7457802826E-01
 0.1142152261    
 0.5026969827E-01
 0.6075874297E-01
   Q=    0.0969
