  3366.884871    
 -4328.765142    
 -1190.983199    
 -473.4566119    
  2597.180138    
 -2230.401951    
  4955.390764    
  495.8742513    
  1829.911226    
 -4649.753001    
  5637.030306    
 -3398.848732    
 -2451.670897    
  3645.741231    
 -1780.419983    
  1368.658365    
  1396.587455    
 -993.6450377    
 -42.61786061    
 -2628.078706    
  4499.172859    
  1851.840392    
 -2788.147397    
 -7987.065681    
 -4555.206243    
  7290.608180    
 -1710.133607    
 -3708.583951    
  1294.925025    
 -3939.271858    
 -1300.448838    
  6055.105331    
 -1071.969692    
 -370.3279322    
  4328.947888    
  4436.310532    
  3824.552643    
 -3288.562576    
  537.8132569    
  2505.054286    
 -944.0546362    
 -639.3208965    
  982.4907459    
 -80.95832438    
 -427.2438079    
 -2268.330254    
 -2582.057411    
  2296.185376    
 -46.16149651    
 -1101.469945    
  3396.404795    
  2471.003725    
  24.79065552    
  27.21825550    
  874.2020900    
 -1212.473787    
 -976.7127625    
  1125.701314    
 -7.077893582    
 -314.2983851    
 -292.0222741    
  149.0588249    
 -2144.506781    
  1.099209616    
  59.45540844    
  477.8386668    
  40.67275977    
  1640.202243    
-0.9041572424E-01
 -1.476257902    
 -256.1789397    
 -33.73668245    
 -797.7185014    
-0.3443100793E-02
 -2.960263330    
-0.9733088154E-01
 0.8649222001E-01
 0.1040629608    
 0.5235313458E-01
 0.7524712983E-01
   Q=    0.0792
