           0.    
           0.    
           0.    
           0.    
           0.    
 -201.5455606    
 -5193.651364    
  916.2133319    
 -6507.337735    
  9608.365072    
  1277.235963    
  4700.935170    
 -2927.445491    
 -2849.740936    
 -2367.795715    
  106.4633294    
  3399.008343    
 -677.4035091    
 -1180.103805    
 -4025.842188    
 -861.5434618    
 -484.6544326    
  1454.693437    
 -2131.784404    
 -182.8534282    
 -1625.369941    
 -29.38766246    
  2464.524393    
  212.6953351    
 -420.8812128    
 -2807.595042    
  3948.402062    
  3324.376381    
  623.4425633    
  2360.324503    
 -5874.991194    
  3919.146834    
  8083.815291    
 -137.7476706    
  333.3022992    
 -3340.552910    
  2855.571177    
  1398.362070    
  169.9190733    
  1201.861964    
  593.4262453    
 -3792.011067    
 -8738.358338    
 -74.17735115    
 -926.9351257    
 -4314.131222    
  1449.155112    
  3372.342128    
  15.39741922    
  278.1320079    
  1383.852918    
 -356.9072226    
 -1245.320047    
 -1.965704534    
 -52.17227026    
  1194.087163    
  84.28604205    
  906.1518265    
 0.1780303683    
  8.085455590    
 -1262.890952    
 -23.05524053    
 -540.9156688    
-0.1496554051E-01
 -1.398046074    
  618.2255296    
  6.316953968    
  222.7228175    
 0.1879556332E-02
 0.2871096591    
-0.1081316265    
 0.8081729279E-01
 0.1010745232    
 0.5013476086E-01
 0.6710634476E-01
   Q=    0.1518
