  118.9002493    
 -1753.633692    
 -37.22737420    
 -150.7636627    
  1794.208159    
  111.9925931    
 -2381.151463    
 -34.72414630    
 -568.8930922    
  2592.310671    
  179.5202655    
  1521.937813    
 -84.07935135    
  934.6660310    
 -2053.514954    
  600.7007232    
 -829.3260623    
 -216.7009301    
 -162.2892250    
 -253.9865665    
  1087.152208    
 -1251.333821    
 -320.8793389    
 -1254.796943    
 -2124.937167    
  970.1901660    
 -3852.289520    
 -142.5451371    
  416.8984944    
 -2399.045103    
 -844.0805201    
 -1474.116334    
  518.2702878    
 -175.5119595    
 -1764.339386    
 -2006.346787    
  1664.644624    
  927.4192808    
  42.55371020    
  1542.394792    
 -975.2645459    
 -831.9012561    
  811.5730738    
 -6.623357348    
 -676.3004862    
 -7.542553362    
  32.13472082    
  443.2053251    
 0.2675355803    
  29.02692226    
  1639.665183    
  154.6001008    
 -506.0473976    
 0.1449944511    
  105.4080748    
 -1549.940860    
 -89.17937243    
 -147.3257405    
-0.4245786597E-01
 -58.21988211    
  687.4169375    
  28.08163390    
 -194.0840817    
 0.6643852897E-02
  17.56170023    
 -139.5661961    
 -5.762259290    
  564.7584505    
-0.7058841814E-03
 -3.475506513    
 -20.09068994    
 0.7243894713    
 -496.8931302    
 0.5173033344E-04
 0.4302843171    
-0.1063366921    
 0.7504313706E-01
 0.1195996874    
 0.3783597161E-01
 0.7200419219E-01
   Q=    0.1161
