  481.2168350    
  1700.552294    
 -1212.278692    
  1336.269318    
 -2263.210005    
 -862.7013466    
 -3657.899264    
  2304.373869    
 -3859.450069    
  5800.422329    
 -472.5164302    
 -1233.194412    
  1247.778858    
  4339.316979    
 -2343.278508    
 -4180.218376    
 -17873.03555    
  11652.04406    
  8510.729216    
  11967.87360    
 -1104.783118    
 -9407.490021    
  4315.999755    
  13213.37212    
  5007.274337    
 -965.2686639    
  1618.799110    
  2584.928384    
 -14207.01213    
 -16837.82907    
 -970.4650460    
 -12635.03377    
  6327.301961    
 -324.7198463    
 -3391.709287    
  5432.296422    
  18536.24020    
 -10743.31545    
  3233.669351    
  8917.991146    
 -1049.221909    
 -9364.590155    
  13600.99889    
 -1426.062963    
 -4387.256441    
  10196.89179    
  431.5015511    
 -10289.47753    
  293.3136894    
  963.5793008    
 -4523.211528    
  2619.866718    
  9977.010177    
 -12.35515208    
  28.65967729    
 -307.7749400    
 -1880.404276    
 -6805.267767    
 -11.02501911    
 -91.32293126    
 -52.98505440    
  732.7241584    
  2767.859936    
  3.935281533    
  33.59703734    
  921.9115112    
 -187.6284747    
 -592.8386786    
-0.7811251416    
 -7.506320222    
 -835.2881176    
  31.04025743    
 -26.10774975    
 0.1074921376    
  1.166281191    
-0.1031007566    
 0.8043916586E-01
 0.9584198212E-01
 0.5211844148E-01
 0.6180571959E-01
   Q=    0.0866
