           0.    
           0.    
           0.    
           0.    
           0.    
 -3118.532852    
 -14388.83431    
  9468.549202    
 -11056.85438    
  15311.81761    
  1831.028041    
  8544.684308    
 -5540.917694    
  9502.015374    
 -9894.641096    
 -1573.615175    
 -6095.313724    
  4553.003586    
  2735.088744    
  4278.386724    
  2421.477010    
  9537.849521    
 -7000.885937    
 -5199.075116    
 -7378.448264    
 -738.1851885    
 -4680.445826    
  2479.221022    
  2115.559784    
  6629.304658    
  1757.318430    
  4479.509042    
 -4617.906223    
 -163.8957564    
  679.1988336    
 -1232.890649    
 -6020.286163    
  3979.086292    
 -112.3506682    
 -2780.387623    
  1048.116428    
  3339.362249    
 -3116.973113    
  43.15296084    
  1431.453032    
 -1461.637534    
 -314.5266198    
  3117.050735    
 -7.462216048    
 -336.3759832    
  947.2119273    
 -657.3829468    
 -2630.102815    
 0.5909241366    
  11.66102149    
 -900.5593174    
  461.8513130    
  1362.748440    
 0.3552155546E-01
  19.27712135    
  960.3766670    
 -168.8916020    
 -382.8734149    
-0.1822976829E-01
 -7.632957914    
 -724.7260226    
  38.91172870    
  5.316973716    
 0.3039155536E-02
  1.707705164    
  391.8253842    
 -4.796272568    
  51.47956893    
-0.3311283545E-03
-0.2575531347    
-0.1041568474    
 0.8226294356E-01
 0.9626853129E-01
 0.3925581795E-01
 0.6285411424E-01
   Q=    0.0493
