           0.    
           0.    
           0.    
           0.    
           0.    
  176.4049533    
  3904.764081    
 -754.4864782    
  3764.280385    
 -6211.299383    
  102.7833549    
  1683.515568    
 -297.6857026    
  4984.197876    
 -4108.387603    
  400.2389715    
 -3276.500693    
 -734.6115495    
 -4836.476497    
  8504.049157    
  1434.369187    
  2590.308466    
 -4118.099682    
  7966.523961    
  6107.369372    
  3035.343504    
  15611.12718    
 -10036.32721    
  586.9132700    
  7970.114427    
  3924.600497    
  18584.40581    
 -12637.52210    
  627.8131688    
  7365.966796    
  4404.405485    
 -8844.154786    
 -11358.12065    
  350.4422714    
 -587.4461169    
  4943.827537    
 -9135.491816    
 -15091.26634    
 -402.9056025    
 -3996.976205    
 -1339.571768    
  3793.613617    
  1441.658818    
  98.36948096    
  1412.775271    
 -7727.248424    
  1375.614995    
  16398.54337    
 -2.994785841    
  105.4490205    
 -3084.398805    
 -1753.521776    
 -18830.98317    
 -4.233805525    
 -234.4730696    
 -2209.066158    
  760.5909482    
  9300.294580    
  1.322385369    
  91.43002395    
  9730.504883    
 -190.9925380    
 -1946.416505    
-0.2238375709    
 -20.45320843    
 -9283.740340    
  26.42668010    
 -391.7619912    
 0.2433908745E-01
  2.804420397    
-0.1179591550    
 0.8015784756E-01
 0.1045177590    
 0.4766069525E-01
 0.6696340447E-01
   Q=    0.1076
