 -3926.617729    
 -4234.030575    
  4924.941653    
 -1970.879843    
  5148.061574    
  2548.168126    
  120.4542258    
 -2913.197704    
 -1009.174314    
  1104.848599    
  421.9354017    
  369.5709645    
 -354.5363024    
  2876.014773    
 -2412.056299    
  3350.535681    
 -3046.552973    
 -3264.363070    
  1455.695603    
  3399.624506    
  4247.821974    
 -4260.887441    
 -3885.986494    
  3536.377193    
  3106.286122    
  1198.820326    
 -7191.240791    
  1048.521879    
  1364.547994    
 -2356.794189    
  4121.503980    
 -11665.96355    
  231.3987491    
 -4645.027975    
 -9256.307932    
  6486.142677    
 -8857.073384    
  429.8677433    
 -465.1597175    
 -3218.804336    
  3089.976001    
  12752.46295    
  9835.190574    
  1034.313448    
  4938.238718    
  12331.09042    
 -4887.306434    
  6368.844736    
 -348.7208581    
 -1843.634463    
  676.2644819    
  2049.713003    
  2260.985539    
  96.35375535    
  631.8924406    
 -7086.058377    
 -932.5000310    
 -6418.555218    
 -25.13510641    
 -217.6764153    
  4715.481235    
  327.6690235    
  3993.677352    
  5.442173983    
  61.09933495    
 -1787.829490    
 -84.24859929    
 -1468.489770    
-0.9173003890    
 -13.04052703    
  472.8368038    
  16.20383420    
  379.6291541    
 0.1188898189    
  2.115857353    
-0.9576581205E-01
 0.7623624967E-01
 0.9434914468E-01
 0.5479955291E-01
 0.6647801528E-01
   Q=    0.1284
