 -1923.271100    
 -5589.452355    
  4515.273375    
 -2853.950069    
  5683.657091    
 -507.3413070    
  802.9390561    
  714.3218694    
  3813.109405    
 -3953.258184    
 -4746.258522    
 -9273.334865    
  10372.04575    
  9010.176529    
 -511.9480462    
 -3705.386935    
 -7156.516534    
  7973.879411    
  3086.195775    
  1681.217594    
 -4950.861998    
 -1655.843888    
  9005.166777    
 -4918.014950    
 -10289.36056    
 -6039.898198    
 -3785.792563    
  11256.83548    
 -2269.615021    
 -6138.393423    
 -4142.061599    
  14243.36383    
  3652.563886    
  817.0568077    
  4503.573910    
 -7490.378423    
  12421.45282    
  13739.11104    
  696.0330781    
  3473.118416    
  3143.706885    
 -577.6046720    
  2443.496894    
 -129.4028959    
 -628.1099830    
  11631.68904    
 -6108.874636    
 -8955.434042    
 -45.52950801    
 -605.7639041    
  164.7498013    
  5159.405462    
  12119.25785    
  28.53127140    
  427.5969127    
  853.9957526    
 -2045.918089    
 -5344.321109    
 -7.230621813    
 -135.8606010    
 -4509.534549    
  425.7606335    
  148.0623135    
  1.108689209    
  25.66281043    
  4012.797336    
 -12.08474741    
  973.2149341    
-0.1020219868    
 -2.580904866    
 -2066.204637    
 -24.96136966    
 -603.6058560    
 0.2056147113E-02
-0.1021199360    
-0.1029332485    
 0.8070912140E-01
 0.9606894283E-01
 0.4765784050E-01
 0.6180407961E-01
   Q=    0.0950
