 -331.2564407    
  650.5185499    
  50.38406018    
  289.8422006    
 -606.2840641    
  592.0891373    
 -1214.773127    
 -99.63729445    
 -1149.156826    
  1416.812229    
 -736.8941090    
  669.7398859    
  131.4512235    
 -6179.945392    
  1794.992206    
 -2719.717802    
  8207.978480    
  131.2208530    
 -1161.248551    
 -10068.32681    
  4277.542091    
 -1921.526767    
 -1189.284592    
 -4973.295283    
 -7370.595716    
  7785.706416    
 -10729.99012    
 -1514.621871    
  1730.274416    
  265.8352832    
  1041.834569    
  2178.109414    
 -524.5298589    
 -723.5257068    
 -4188.176391    
  1658.563921    
  4734.052364    
 -916.3937452    
  197.4717664    
  3259.134622    
  2793.258712    
 -260.9525736    
 -947.3476756    
 -22.79892487    
 -579.0996549    
 -3878.769822    
 -1330.567921    
 -651.2942499    
-0.4005153465    
 -106.9086364    
  775.9258125    
  449.4169770    
 -3588.275296    
 0.4317855821    
  54.91391408    
 -391.7782252    
 -131.9275822    
 -555.9406047    
-0.6910146314E-01
 -12.86512727    
  580.2917689    
  82.47637646    
  3674.548234    
 0.8576919923E-02
  3.498661650    
 -408.0292606    
 -44.63195315    
 -3089.557283    
-0.1122445978E-02
 -1.104005620    
  180.1023220    
  16.76326252    
  1549.285803    
 0.1505814488E-03
 0.2975701819    
-0.9955823628E-01
 0.8613802937E-01
 0.1134052902    
 0.4132338489E-01
 0.6709367577E-01
   Q=    0.1060
