           0.    
           0.    
           0.    
           0.    
           0.    
 -2138.287105    
  3155.989188    
  677.4457519    
  1355.255099    
 -2641.787488    
  2047.207596    
 -1057.630729    
 -1071.985205    
  593.3879859    
 -234.1018105    
 -367.6434494    
  2714.395846    
 -405.0424569    
 -1340.796141    
 -2685.043744    
  4311.858087    
  2495.579632    
 -3171.323368    
 -7459.163438    
 -6424.890463    
  13057.52614    
 -2696.141841    
 -7188.944972    
  256.8857076    
 -10646.49283    
  7047.107988    
  1617.886136    
 -4639.969575    
 -1549.215598    
 -7469.669254    
 -1342.656332    
  9081.092988    
 -1669.359987    
  209.4710729    
  6563.920002    
  4290.481950    
  6071.878992    
 -3710.367289    
  325.7267954    
  4174.299889    
  299.4970122    
 -2287.380281    
  1228.764595    
 -114.1133298    
 -2257.950896    
 -4711.609128    
 -4615.420074    
  5584.876228    
  6.131918265    
 -629.6196556    
  7729.799779    
  5809.399485    
 -893.3367681    
  6.124072938    
  1020.766384    
 -3650.902536    
 -2931.993960    
  2185.257611    
 -2.288073618    
 -476.9987400    
 -333.6995992    
  702.9526664    
 -4772.607894    
 0.4434997142    
  124.2882727    
  1311.572473    
  28.23795739    
  4259.948555    
-0.5381102829E-01
 -16.56404434    
-0.1117701439    
 0.1002860321    
 0.1177258245    
 0.5354680816E-01
 0.8323125740E-01
   Q=    0.0991
