           0.    
           0.    
           0.    
           0.    
           0.    
  1226.277622    
  3571.858021    
 -2888.500716    
  2092.548413    
 -3358.724601    
 -3113.735432    
 -14675.04105    
  8500.844264    
 -25041.07375    
  21487.85396    
  2127.090227    
  6830.914161    
 -5110.240790    
  9497.578907    
 -8003.408414    
 -3967.525842    
 -17557.29005    
  10786.74396    
  9964.935440    
  19383.74229    
  4563.396546    
  16336.65859    
 -11335.96900    
 -6684.017912    
 -19047.38173    
 -3982.884403    
 -14613.31348    
  10597.31633    
  1569.471557    
  4535.602623    
  5285.593416    
  11212.49083    
 -11821.24599    
 -70.14020402    
  2674.762329    
 -3584.628590    
 -7392.166976    
  9001.851230    
 -62.61029876    
 -2702.883159    
  3602.519651    
  2790.626407    
 -5630.866402    
  20.90213948    
  1088.207141    
 -1550.574889    
 -48.82786751    
  4331.071381    
 -3.516759312    
 -236.4638151    
  1363.698914    
 -461.4366793    
 -2347.605326    
 0.3430537932    
  19.08657350    
 -1592.547341    
  255.0825265    
  720.9993083    
-0.9697843757E-02
  5.715641639    
  1255.546027    
 -80.20881057    
 -34.47635040    
-0.3121085028E-02
 -2.704406965    
 -704.4777690    
  16.32465129    
 -93.38203664    
 0.6859273440E-03
 0.6263480472    
-0.1036750171    
 0.8238477247E-01
 0.9717543483E-01
 0.3973130132E-01
 0.6328146086E-01
   Q=    0.0590
