  18.33640094    
  54.67712344    
 -15.18035761    
  62.02145342    
 -105.0650769    
  907.5420780    
 -1831.670439    
 -221.9985911    
 -867.8854791    
  1709.751406    
  224.1518986    
 -1452.204437    
  14.88717196    
 -3798.049911    
  2665.858943    
 -1744.164777    
  4112.164055    
  376.9604883    
  443.8773545    
 -4146.665773    
  1076.968660    
 -759.3648236    
 -291.0138078    
 -1815.878200    
 -1533.648481    
  1447.359123    
 -3718.812857    
  11.40803385    
  463.7814619    
 -1022.442339    
 -2022.749242    
 -2423.345464    
  1480.906219    
 -243.9696613    
 -2428.248648    
 -4460.991837    
 -441.9861042    
  2393.894316    
  59.32759968    
  910.4574691    
  1436.265086    
 -1080.256562    
  1109.943330    
 -16.87253411    
 -725.5289262    
  2645.823973    
  1671.592887    
  1951.355625    
  4.481358998    
  467.3378233    
 -756.0719412    
 -635.6491014    
  2195.713233    
-0.7724086486    
 -145.0436046    
  128.6295181    
  173.4416172    
 -1602.600918    
 0.1015900504    
  33.07896145    
 -244.9659444    
 -66.46900050    
 -234.6706133    
-0.1288374566E-01
 -8.244502395    
  210.6625219    
  28.94756248    
  682.0482911    
 0.1727324540E-02
  2.314041182    
 -101.0611793    
 -10.05739578    
 -416.9171647    
-0.2211145596E-03
-0.5843056824    
-0.1019872219    
 0.8720751449E-01
 0.1123018944    
 0.4236728528E-01
 0.7194416486E-01
   Q=    0.1366
