 -27384.92296    
 -9921.639661    
  2206.479090    
  1878.360132    
  33477.14190    
  28905.16638    
  17234.60059    
 -1553.793315    
 -7149.873505    
 -39937.28033    
 -26199.14125    
  6655.866813    
  3478.829983    
 -17519.42254    
  22570.60291    
  4038.851950    
  4890.299850    
  333.0801660    
  2452.929897    
 -8152.329567    
 -8388.989860    
  11774.67237    
  2563.554531    
  5928.434234    
 -720.1524046    
  734.9318284    
 -3671.119292    
  532.6241376    
 -964.5695496    
 -1139.074969    
  1751.813999    
 -5589.421551    
  960.7177388    
 -550.7183258    
 -1589.634075    
  5888.592850    
  6248.487659    
 -468.4747075    
  294.4578797    
  7640.771061    
  12052.29588    
  1651.181185    
  4057.358068    
 -8.175263712    
  8771.820501    
 -10087.96368    
 -2297.670482    
  16417.26876    
 -15.92933421    
 -8427.155820    
  8392.139977    
  1323.906456    
  1973.336210    
  5.955150264    
  6156.825231    
 -4383.166536    
 -475.1955250    
 -7682.507619    
 -1.240064204    
 -2873.604008    
  1401.386844    
  114.3759245    
  3599.644769    
 0.1749341863    
  855.3804258    
 -273.7033002    
 -18.78698782    
 -661.3643729    
-0.1757180739E-01
 -162.2266026    
  21.56463794    
  1.877690761    
 -91.40421371    
 0.1211986084E-02
  14.89133613    
-0.8149156412E-01
 0.6470133894E-01
 0.9348195127E-01
 0.3829321827E-01
 0.7752701862E-01
   Q=    0.0853
