  24514.34633    
  7689.876042    
 -1801.560831    
 -3026.177884    
 -27866.71830    
 -8046.282018    
 -3921.244250    
  468.5394661    
  2693.500486    
  9774.017064    
  13202.85099    
 -8986.999868    
 -1816.976404    
  21698.93900    
 -10149.28111    
 -499.1344234    
 -4104.689596    
 -393.2072986    
  1919.441798    
  2649.559415    
  4174.685838    
 -14548.68400    
 -1763.388031    
 -7469.638220    
  2973.436298    
  5545.018537    
 -4776.864961    
 -1358.740047    
  584.8910738    
 -1824.143679    
 -2148.629261    
  12709.64469    
 -1633.174575    
  729.7863185    
  8225.283554    
  6643.519031    
 -6411.760778    
 -2546.679974    
 -280.7746068    
 -1027.528590    
 -7457.575840    
  1890.302182    
 -2730.892600    
  58.26018534    
 -2874.028579    
  2056.048883    
 -405.1429170    
 -11120.73619    
 -8.332167317    
  957.2891627    
 -3328.124988    
 -34.84204136    
 -3500.451309    
 0.4456811764    
 -2127.371807    
  2866.902269    
  58.41431904    
  9824.634918    
 0.1045249136    
  1766.210008    
 -1344.950877    
 -21.78202891    
 -6266.897654    
-0.3195425663E-01
 -789.0290349    
  419.2910540    
  5.063220354    
  2352.773287    
 0.4859988319E-02
  235.1338802    
 -94.20342742    
-0.8517097916    
 -601.3746161    
-0.5165984754E-03
 -50.79277556    
-0.8441554692E-01
 0.6048181679E-01
 0.9758073970E-01
 0.3659073739E-01
 0.8066411600E-01
   Q=    0.0946
