           0.    
           0.    
           0.    
           0.    
           0.    
  27.41895133    
  523.7225658    
 -148.8341420    
  900.4054632    
 -1018.534939    
  4.079873659    
 -101.6453381    
  81.37929546    
  2365.527984    
 -904.3030320    
  128.6914237    
 -2237.772846    
  104.9144491    
 -520.7860378    
  4314.847712    
  762.2193176    
  1071.741303    
 -2318.250465    
  3333.544950    
  4030.045498    
  1470.654250    
  6988.730124    
 -5434.790797    
 -255.5798777    
  2066.405140    
  1702.665650    
  5060.886179    
 -5567.804674    
  322.5426081    
  2591.086051    
  1897.904838    
 -4554.223051    
 -4182.107502    
  61.06820331    
 -344.7271794    
  2175.914647    
 -4085.966867    
 -4860.455326    
 -108.3452474    
 -1362.369140    
  488.8403077    
  1955.882623    
  1130.848446    
  28.10559440    
  526.9527369    
 -1327.240229    
  885.4393734    
  5538.250681    
 -1.416811248    
  14.04806088    
 -1319.052026    
 -1144.157702    
 -6229.809553    
-0.9296279819    
 -71.83592300    
 -1783.544998    
  511.4503673    
  2882.308798    
 0.2993718081    
  28.55170770    
  4339.929821    
 -126.9082147    
 -491.3920609    
-0.4957947263E-01
 -6.301431431    
 -3705.153232    
  13.89829925    
 -193.0800978    
 0.5173935862E-02
 0.8260635508    
-0.1178338616    
 0.8557906776E-01
 0.1040341643    
 0.4636648084E-01
 0.6675601287E-01
   Q=    0.1140
