 -274.1605274    
  334.7341954    
  81.21985996    
  166.2306576    
 -298.0764114    
 -99.28074988    
  149.6185845    
  24.93318394    
  151.6492310    
 -202.7165168    
 -202.1822670    
  167.3266421    
  70.76031288    
 -259.3518513    
  109.2560217    
 -133.9554507    
  156.0843441    
  37.97843983    
 -231.8151075    
  9.461205990    
  208.5843731    
 -310.5038227    
 -51.43338736    
  324.6748609    
  210.8065504    
 -165.0051394    
  218.6806892    
  40.71784437    
 -89.10776768    
 -50.84075427    
  248.0041371    
 -133.1820889    
 -98.76064583    
 -22.18110400    
 -106.3700232    
 -55.19957145    
  235.2459997    
 -6.261565157    
  25.59693292    
  114.7134088    
  152.9036056    
 -21.05664873    
 -38.89472404    
 -6.700101491    
 -33.30677252    
 -167.3838584    
 -75.35926103    
  133.0170689    
 0.5676814481    
 0.8403400090    
  143.9532505    
  67.82498079    
 -12.73369397    
 0.1668338704    
  2.960985575    
 -59.68464353    
 -28.35159777    
  21.62258742    
-0.6940881519E-01
 -1.209646982    
  6.851145978    
  6.374139465    
 -50.73460497    
 0.1314138284E-01
 0.2642504025    
  5.751996961    
-0.3292076865    
  41.41109104    
-0.1538052504E-02
-0.3430213377E-01
 -4.122317490    
-0.3386359720    
 -20.82801105    
 0.9416406420E-04
 0.1326265424E-02
-0.9531053983E-01
 0.8417663600E-01
 0.1037870689    
 0.4897332948E-01
 0.6245379531E-01
   Q=    0.0317
