           0.    
           0.    
           0.    
           0.    
           0.    
  19826.29631    
 -9743.290724    
 -14726.04042    
 -1458.112514    
  5892.117575    
 -17471.87309    
  13435.69286    
  12089.69020    
  7030.509600    
 -12525.46708    
  4401.125784    
  309.1752530    
 -3792.571137    
  919.4062371    
 -1805.867352    
 -10092.00206    
  3330.159753    
  7338.903007    
 -20512.52435    
  4407.471701    
  3198.030012    
 -5100.083049    
 -2178.887444    
  11782.36276    
  7695.060462    
 -9428.724226    
 -2007.940363    
  7108.238942    
  1962.302116    
  12570.06654    
  10235.28952    
 -3347.700233    
 -8487.907229    
 -2998.397453    
 -19391.99345    
 -12085.42444    
 -9188.156036    
  6590.596580    
  904.4517415    
  5733.934135    
  3816.298641    
  14143.69149    
 -13931.36752    
 -91.07142672    
  1872.765593    
 -7501.132532    
 -11599.16307    
  2898.433900    
 -24.60270023    
 -2532.544289    
  3604.254586    
  5424.773174    
 -1466.697763    
  12.01184711    
  1164.559258    
  1014.503967    
 -1511.333531    
  3650.327000    
 -2.627735799    
 -321.5695165    
 -1971.800691    
  194.9930775    
 -3338.944218    
 0.3753792634    
  56.40497901    
  1213.243460    
  37.02273817    
  1827.491535    
-0.3586404476E-01
 -4.554979030    
-0.9821016137E-01
 0.8529078819E-01
 0.1001514360    
 0.4837187684E-01
 0.7226240437E-01
   Q=    0.0833
