           0.    
           0.    
           0.    
           0.    
           0.    
  275.9345454    
  2332.118008    
 -480.0983603    
  3896.269773    
 -5017.826753    
 -3278.299790    
 -1164.179054    
  4011.607555    
  7380.393224    
 -3004.354914    
 -4040.521301    
 -7939.307204    
  5401.108683    
  2273.676296    
  9836.209926    
  3715.768789    
 -1939.482349    
 -4130.405509    
  7220.875307    
  4420.779156    
  6196.549282    
  2207.586423    
 -7245.089905    
 -2436.577532    
 -1444.571173    
  2218.957817    
 -6168.939963    
 -1667.024899    
  703.5367679    
  498.5215183    
  3727.715656    
 -8753.316598    
 -2880.942257    
 -302.2022007    
 -2784.555421    
  1029.944353    
 -2689.494785    
  1193.864914    
 -120.7972968    
 -1104.715621    
 -608.1174368    
  7014.045290    
  5739.408093    
  97.92083718    
  1599.925882    
  6216.156231    
 -3794.105712    
 -497.7348750    
 -28.46650224    
 -675.9539415    
 -612.6142678    
  1323.330139    
  2171.290733    
  5.352872311    
  183.1142185    
 -2105.558034    
 -346.8259997    
 -2506.004911    
-0.7359947772    
 -36.57145726    
  1302.974820    
  67.36477051    
  1195.223193    
 0.7345704291E-01
  5.358126631    
 -359.6635394    
 -8.379525788    
 -299.0318199    
-0.4402320784E-02
-0.4896312857    
-0.1079772396    
 0.8020903882E-01
 0.1060240078    
 0.4773690093E-01
 0.6575809021E-01
   Q=    0.1058
