 -1723.886323    
  5782.448443    
  439.0722598    
  12500.19976    
 -16638.58038    
 -1000.689055    
  4447.333709    
  220.5560954    
  14564.37736    
 -17132.87831    
 -2624.588174    
  5453.401700    
  731.0679095    
 -13447.45365    
  4626.695994    
 -3651.428298    
  13073.71331    
  794.8730770    
 -8370.001969    
 -14611.34031    
 -1799.213422    
  7700.846677    
  270.6836929    
 -8694.913328    
 -6216.925324    
  301.2156116    
  2909.043572    
 -601.2446592    
  10290.40031    
  13266.60200    
  7159.932880    
  8895.099157    
 -3250.587907    
 -1595.256403    
 -1691.169886    
  19510.45246    
 -10023.20383    
 -6715.417525    
 -874.7768883    
 -2099.814227    
  8889.421572    
  13201.95738    
 -5699.320838    
  797.8807674    
  2046.211975    
 -7564.656931    
 -5475.342115    
 -6355.929389    
 -226.3220047    
 -648.9253788    
 -9117.601036    
  258.0923006    
 -9974.493600    
  23.71106380    
  68.88454158    
  7566.615436    
  492.3650726    
 -1405.815235    
  2.399676153    
  12.37025838    
 -1733.480191    
 -203.8177427    
  13784.12431    
 -1.268078239    
 -6.037477868    
 -527.3386293    
  40.51983630    
 -13132.16854    
 0.2323925558    
  1.179426972    
  587.0176526    
 -2.806054429    
  7375.458997    
-0.2553163450E-01
-0.1349444506    
-0.9875207469E-01
 0.7544362112E-01
 0.1119924321    
 0.4995603766E-01
 0.5647962254E-01
   Q=    0.1395
