  668.2315765    
  2320.764112    
 -1666.742496    
  146.8994618    
 -1457.109632    
 -1943.498683    
 -7524.636758    
  5013.355552    
 -711.4397897    
  5033.432869    
  330.0976153    
  3202.019519    
 -1194.353934    
  1318.204560    
 -3079.756038    
 -4285.407292    
 -6805.780617    
  9476.222910    
  8543.492893    
 -1222.796191    
 -1415.736415    
  417.3492593    
  2906.260927    
  10462.19565    
 -4846.776672    
 -1995.013847    
  2344.337442    
  3151.712079    
 -11659.45180    
 -4598.863622    
 -1696.996189    
 -1358.625742    
  3831.829097    
  1202.334610    
 -2657.403609    
  3558.916965    
  4015.821649    
 -8312.305505    
  1608.867303    
  9634.498958    
 -2949.160095    
 -2357.222036    
  7567.452784    
 -837.0460439    
 -6414.834324    
  4439.024786    
 -2387.106036    
 -6562.412677    
  182.6646579    
  633.8141848    
 -3886.493804    
  3634.318551    
  5124.799916    
 -11.08686476    
  1340.658923    
  2196.934899    
 -2330.012695    
 -3035.282687    
 -5.499561861    
 -996.5858383    
 -1663.720610    
  907.2712154    
  984.7593457    
  2.129236052    
  389.1974660    
  1321.952346    
 -222.2829835    
  4.708701836    
-0.4334016110    
 -98.77279946    
 -799.1647227    
  25.18201266    
 -184.6785305    
 0.6042434597E-01
  15.71079013    
-0.1051117727    
 0.8903875693E-01
 0.9975949862E-01
 0.5264162608E-01
 0.8122591413E-01
   Q=    0.0724
