           0.    
           0.    
           0.    
           0.    
           0.    
 -524.3306307    
  1025.143044    
  53.91270845    
  606.1371015    
 -1035.812152    
  840.6144875    
 -1784.682861    
 -77.49548726    
 -1635.262670    
  2137.712501    
 -238.7292323    
  462.7684404    
  29.33219990    
  826.7052588    
 -642.7884094    
  969.7755480    
 -2028.088993    
 -81.39415935    
  1817.929172    
  1567.849980    
 -1209.695619    
  2234.558391    
  119.9137052    
 -1265.658980    
 -1408.443953    
  708.8172148    
 -968.2296833    
 -116.9244149    
  430.3144643    
  800.2961750    
 -151.4092842    
  1111.006634    
 -63.00957533    
 -32.44419343    
  187.0838572    
  1114.229408    
 -408.0036784    
 -183.6413389    
 -18.82328113    
 -249.6828752    
 -613.5800227    
  269.8769705    
  176.7851888    
  9.828599802    
  143.8266461    
  194.6914315    
 -140.9122818    
  8.001908673    
 -2.579562521    
 -51.50530341    
 -85.40211120    
  33.54026024    
  25.69633493    
 0.4325901331    
  11.56535551    
  63.88351629    
  5.511487841    
  10.16660400    
-0.4363025754E-01
 -1.247236267    
 -37.49399392    
 -7.668010704    
 -32.32675507    
 0.7314306012E-03
-0.1622046448    
  15.08257289    
  3.307145489    
  17.42603335    
 0.6632716034E-03
 0.1088390259    
-0.9458532401E-01
 0.8393238710E-01
 0.1105467978    
 0.4747837794E-01
 0.6632177454E-01
   Q=    0.0524
