 -199.7848890    
  186.6857320    
  144.2573401    
  102.8575328    
 -215.0996246    
 -375.7415167    
  608.3909740    
  254.3316203    
  957.4921832    
 -1046.096694    
  152.4718351    
  206.1218690    
 -104.4105259    
  3219.156637    
 -1320.337509    
  856.1195670    
 -2220.947400    
 -455.0142854    
 -177.3121895    
  3228.816649    
 -1602.455740    
 -389.7752994    
  1393.446475    
  884.4882720    
  1040.975534    
 -1244.150449    
 -1778.034054    
  1420.479167    
 -253.0125909    
 -1178.426831    
 -2141.772963    
 -6150.091283    
  2789.594054    
 -53.36447447    
 -1665.895459    
 -4514.718038    
 -6501.421213    
  5242.109053    
 -29.39699006    
 -1320.591762    
  1131.900555    
 -1622.803928    
  2362.722115    
 -9.196357655    
 -426.8313695    
  6350.272177    
  3867.734733    
  762.1181200    
  5.785712070    
  569.6873369    
 -147.7295364    
 -1521.003270    
  4982.719776    
 -1.026691826    
 -174.1282570    
  213.2791212    
  374.3794321    
 -1595.480769    
 0.9812310958E-01
  30.85407134    
 -1758.096708    
 -108.4241836    
 -2116.603163    
-0.6674260614E-02
 -5.137481743    
  1585.147422    
  42.03056669    
  2314.394796    
 0.7176916750E-03
  1.268742854    
 -806.9667128    
 -14.87160256    
 -1243.934895    
-0.1392538506E-03
-0.3544658478    
-0.1103886476    
 0.8581420851E-01
 0.1135049065    
 0.4171696603E-01
 0.6803750031E-01
   Q=    0.1084
