 -5995.448015    
 -1152.373827    
  6832.536945    
 -325.5104206    
  620.0956170    
  2216.768035    
  687.9817134    
 -2623.517900    
  656.6705792    
 -810.2632831    
 -1424.593577    
  878.2750527    
  1234.069413    
  3759.507566    
 -3187.183942    
 -707.9195578    
  892.2078322    
  505.4678901    
  6614.678639    
 -4258.636384    
  1934.878208    
  155.6437026    
 -2202.483216    
 -7720.352066    
  2973.030001    
 -1935.912995    
  425.1335648    
  1940.864121    
  2546.486752    
 -2127.994023    
  1358.943350    
 -443.1972111    
 -1400.304616    
  472.3489959    
  3804.889505    
 -1216.499682    
  1593.193365    
  882.4370928    
 -590.2585100    
 -2707.802378    
  855.2698944    
 -513.4995363    
 -281.9048320    
  244.3525578    
  1299.317739    
  145.4277590    
  355.3359202    
  604.6872782    
 -60.55225675    
 -399.5639249    
  414.1040155    
 -201.5678773    
  164.3546242    
  9.825386253    
  78.12473189    
 -509.6596180    
  115.1300194    
 -360.3346513    
-0.8968803761    
 -6.303305802    
  291.6451067    
 -55.34909374    
  218.6719338    
-0.2307934262E-01
 -1.687422866    
 -127.5228822    
  18.18155352    
 -98.16539988    
 0.2514254629E-01
 0.8173149812    
  50.66365559    
 -3.420283537    
  40.23891198    
-0.5189824889E-02
-0.1896651820    
-0.9581349938E-01
 0.8511975407E-01
 0.9507101659E-01
 0.4810054230E-01
 0.6222316015E-01
   Q=    0.0358
