           0.    
           0.    
           0.    
           0.    
           0.    
  1948.519754    
 -3779.975477    
 -236.4104865    
 -1358.396097    
  2892.298590    
  165.2639886    
 -1259.144151    
  70.09245223    
 -2301.042954    
  1914.263832    
 -267.7162367    
 -805.8320206    
  170.7757311    
 -2447.888032    
  1820.139954    
 -2349.960089    
  1165.394455    
  643.2760912    
  4258.693569    
  1652.250765    
 -5300.846086    
  2717.539449    
  1323.146377    
 -400.1539185    
  5507.728218    
 -6634.936787    
  3343.118304    
  1772.707982    
 -55.54998683    
  3486.221979    
 -3181.244400    
 -7512.996578    
  2085.975524    
  237.1957240    
 -1522.869585    
 -7982.683470    
 -5911.691205    
  3595.466983    
 -147.0145753    
 -4212.860639    
 -1052.833675    
  324.0349959    
  3456.684448    
  30.73404423    
  1204.521512    
  10670.07349    
  4717.670508    
  6169.860344    
 -1.619984020    
  697.8292667    
 -4286.911826    
 -2378.950202    
  11053.90753    
-0.4427029417    
 -437.2954962    
  2231.277040    
  1061.214404    
 -3748.662248    
 0.1601800729    
  175.3475018    
 -2514.047858    
 -702.1728196    
 -9153.577638    
-0.3896261592E-01
 -79.38299182    
  1888.788952    
  403.2073001    
  10971.22665    
 0.7982672186E-02
  33.20242973    
-0.1173108906    
 0.1055370141    
 0.1324716213    
 0.5071997230E-01
 0.8903385124E-01
   Q=    0.1278
