           0.    
           0.    
           0.    
           0.    
           0.    
 -565.2678034    
  1235.134289    
  124.0388379    
  786.8423224    
 -1436.055698    
 -468.9903969    
  1211.793460    
  91.79358099    
  1318.549652    
 -1748.491319    
 -66.70424361    
 -249.4397175    
  34.62802832    
 -1886.564833    
  1173.165356    
 -570.7373549    
  1215.605483    
  121.2603650    
 -664.6333664    
 -1020.714883    
  462.3310174    
 -1376.135171    
 -74.80489958    
  1254.938412    
  1710.679264    
 -584.3179267    
  1174.952560    
  126.2503604    
 -518.1122848    
 -824.7092826    
  600.8108159    
 -1000.206309    
 -135.7366432    
  90.49594310    
  2.224724769    
 -354.5067009    
  766.8512196    
  74.76071923    
  6.447572489    
  207.3738858    
  506.6114835    
 -282.2183834    
 -111.1425040    
 -6.916721581    
 -105.0802547    
 -487.1467009    
  19.34209960    
  213.8214952    
  1.760929095    
  26.32725414    
  345.3890717    
  40.93266061    
 -57.50696433    
-0.2380705771    
 -2.155661708    
 -163.1761770    
 -26.17426673    
  45.76199510    
 0.1012991724E-01
-0.9396503659    
  49.44615689    
  9.132154066    
 -82.75928945    
 0.3247620069E-02
 0.4572347953    
 -7.683786263    
 -2.138404847    
  72.90306392    
-0.9427255543E-03
-0.1135553213    
-0.9760060749E-01
 0.8295817486E-01
 0.1088584569    
 0.4890071389E-01
 0.6710688680E-01
   Q=    0.0367
