  1331.075594    
  4665.402941    
 -3621.723608    
  926.0963464    
 -3224.144485    
  98.98277758    
  412.5564563    
 -289.0290659    
  103.0510036    
 -313.5163028    
  1162.663996    
  1409.875845    
 -2575.856023    
 -3074.220034    
  1564.798115    
  522.7323393    
  1565.453673    
 -1507.601734    
 -4024.192906    
  603.3693511    
 -1046.738310    
 -2336.343827    
  2603.414282    
  2868.896494    
 -159.5293003    
 -734.3292589    
 -170.8167012    
  1492.739874    
 -949.4282814    
 -1936.385795    
 -1182.625860    
 -688.3576839    
  2553.194341    
 -849.0580980    
 -2961.596128    
  808.0861781    
  2861.421191    
 -2542.363852    
  621.0940942    
  3750.175869    
 -900.3314938    
 -903.0002272    
  2256.081908    
 -169.4792649    
 -1410.832381    
  1565.909726    
 -1051.557021    
 -2410.195194    
  16.53371446    
  3.976917861    
 -761.7996792    
  1201.724245    
  2107.302081    
  3.769977236    
  217.8349506    
  815.7635704    
 -575.6816004    
 -916.5996378    
 -1.815105998    
 -105.0943170    
 -965.2144210    
  155.0298529    
  87.97436840    
 0.3799484268    
  27.86621838    
  711.9624633    
 -17.68189534    
  129.5200590    
-0.5063931431E-01
 -4.479734905    
 -361.1595511    
 -4.629836726    
 -94.93681401    
 0.4148629171E-02
 0.2598402487    
-0.1036267994    
 0.8487295647E-01
 0.9690049067E-01
 0.4935967832E-01
 0.7091347161E-01
   Q=    0.0426
