           0.    
           0.    
           0.    
           0.    
           0.    
  5815.517230    
 -22812.76117    
 -1870.086162    
 -10197.73679    
  25798.84231    
 -850.5463335    
 -3936.721383    
  583.8164313    
 -8244.975300    
  7934.061608    
 -1931.137322    
  8328.861420    
  758.6669808    
  17904.22022    
 -12636.09667    
 -1554.534356    
  740.1932695    
  897.2550785    
 -9948.080763    
  501.3619876    
  4563.504273    
 -8185.582395    
 -889.0586419    
 -1476.704369    
 -10083.06873    
 -92.28211100    
 -25552.56976    
  3217.880342    
  368.0255820    
 -12552.37569    
 -30140.53735    
 -1162.640291    
  15341.51474    
 -432.9672706    
 -1500.520509    
 -13104.11498    
 -9736.720445    
  7125.798792    
  48.28279930    
 -3162.421770    
  15105.33856    
  4882.910914    
 -3588.532946    
 -5.020718161    
  1378.305090    
  837.8617456    
  146.3872965    
  5619.943735    
  3.492384620    
  138.7820003    
 -2155.727721    
 -615.4565503    
  1984.639314    
 -1.013119263    
 -191.4362795    
 -1181.189836    
  143.6329194    
 -8673.357073    
 0.1371604645    
  44.03513050    
  1884.972045    
  23.80718443    
  7890.288082    
-0.4983462454E-02
 0.9489930221    
 -1102.575975    
 -25.50029718    
 -4285.544362    
-0.1745095442E-02
 -3.405337447    
-0.1007407723    
 0.8054886533E-01
 0.1089855962    
 0.4376957536E-01
 0.7118839243E-01
   Q=    0.1123
