  19147.57196    
 -1251.454273    
 -18675.21822    
 -340.9314208    
  1067.155662    
 -12813.58094    
  1724.603978    
  12388.33352    
  1516.396112    
 -2241.528542    
  2907.239450    
  3203.402406    
 -3177.650540    
  8999.541610    
 -6769.823577    
 -88.37241648    
  3250.486240    
 -186.7331745    
  16450.02933    
 -7875.350627    
 -2696.998880    
  704.7272277    
  2452.815672    
 -20987.27203    
  1701.612975    
  3704.810905    
  2809.574556    
 -3987.320434    
  6753.045669    
 -5000.824341    
 -3594.260111    
 -1520.316977    
  3285.299839    
 -246.9379967    
  12020.77055    
  2448.295412    
  7610.444464    
 -3245.384870    
 -464.3662877    
 -8550.102039    
 -1643.997347    
 -1831.412285    
  1751.914366    
  212.1198744    
  5244.473800    
  641.3041692    
 -440.6020208    
 -923.4988600    
 -52.68805748    
 -2149.794364    
 -737.8256549    
 -218.7077865    
 -90.06487715    
  8.411303920    
  511.5789444    
 -200.8847766    
  466.4867486    
 -492.2036366    
-0.8353645521    
 -43.74774533    
  826.8510028    
 -274.9816727    
  970.8555496    
 0.2645239387E-01
 -16.77472968    
 -771.8069294    
  98.20858253    
 -841.0843231    
 0.7739234409E-02
  8.621317441    
  464.5299784    
 -24.14177490    
  494.6197728    
-0.1832060945E-02
 -2.229858782    
-0.1074227289    
 0.8578820711E-01
 0.1076440876    
 0.4306150756E-01
 0.7060350540E-01
   Q=    0.0499
